0 0 0
0.0256496 0 0
0.0512993 0 0
0.0769489 0 0
0.102599 0 0
0.128248 0 0
0.153898 0 0
0.179547 0 0
0.205197 0 0
0.230847 0 0
0.256496 0 0
0.282146 0 0
0.307796 0 0
0.333445 0 0
0.359095 0 0
0.384745 0 0
0.410394 0 0
0.436044 0 0
0.461694 0 0
0.487343 0 0
0.512993 0 0
0.538642 0 0
0.564292 0 0
0.589942 0 0
0.615591 0 0
0.641241 0 0
0.666891 0 0
0.69254 0 0
0.71819 0 0
0.74384 0 0
0.769489 0 0
0.795139 0 0
0.820788 0 0
0.846438 0 0
0.872088 0.000962905 0.000175727
0.897737 0.0207349 0.000874079
0.923387 0.152572 0.00393487
0.949037 0.535354 0.0118359
0.974686 1.17191 0.0250468
1.00034 1.81064 0.0385772
1.02599 2.30702 0.0485516
1.05164 2.50281 0.0528487
1.07728 2.5091 0.0526647
1.10293 2.37429 0.0494477
1.12858 2.18116 0.0457483
1.15423 1.9495 0.0411269
1.17988 1.73885 0.0366576
1.20553 1.53544 0.0326991
1.23118 1.3569 0.02901
1.25683 1.2204 0.026135
1.28248 1.10174 0.0235973
1.30813 0.998267 0.0213034
1.33378 0.908328 0.0192535
1.35943 0.843357 0.0181621
1.38508 0.800103 0.0172587
1.41073 0.755311 0.0161765
1.43638 0.714081 0.0153225
1.46203 0.689486 0.0152984
1.48768 0.672451 0.0144719
1.51333 0.656978 0.0140446
1.53898 0.648943 0.0137746
1.56463 0.650572 0.0138965
1.59028 0.664597 0.0143503
1.61593 0.678242 0.0148124
1.64158 0.684967 0.0150066
1.66723 0.704942 0.0152784
1.69288 0.733818 0.0157415
1.71853 0.759609 0.0162697
1.74418 0.800008 0.0169606
1.76983 0.837652 0.0176242
1.79547 0.882103 0.0185265
1.82112 0.921533 0.0193335
1.84677 0.960325 0.0201333
1.87242 1.00541 0.021136
1.89807 1.04679 0.0219739
1.92372 1.08475 0.0227419
1.94937 1.11901 0.0236202
1.97502 1.14028 0.0238459
2.00067 1.16407 0.0243801
2.02632 1.18239 0.0246867
2.05197 1.18948 0.0249439
2.07762 1.18661 0.0248675
2.10327 1.18363 0.0247355
2.12892 1.17098 0.0244522
2.15457 1.14791 0.0239099
2.18022 1.12585 0.0235267
2.20587 1.10269 0.0230236
2.23152 1.06886 0.0223424
2.25717 1.04182 0.021772
2.28282 1.01225 0.0211949
2.30847 0.985076 0.0206144
2.33412 0.965462 0.0201113
2.35977 0.947167 0.0197305
2.38542 0.929807 0.0195056
2.41107 0.905001 0.019006
2.43672 0.890226 0.0185667
2.46237 0.880973 0.0184227
2.48802 0.876603 0.0183292
2.51366 0.872952 0.0182549
2.53931 0.868655 0.0181469
