6.88619
6.26365
5.96556
5.52963
5.26124
4.76723
4.50461
4.50461
4.38863
4.384
4.25212
4.10633
3.98762
3.98762
3.98762
3.59118
3.59118
3.57526
3.36833
3.30717
3.30717
3.04563
3.04563
3.00507
2.93068
2.85503
2.75487
2.75487
2.71431
2.67913
2.67913
2.55168
2.55168
2.55168
2.54336
2.48307
2.43378
2.34157
2.34157
2.22902
2.22902
2.22902
2.22902
2.22902
2.22902
2.22902
2.19422
2.17404
2.17404
2.17404
2.16235
2.15515
2.02517
2.02517
2.02517
2.02517
2.02517
2.02517
2.02517
1.99049
1.99049
1.99049
1.99049
1.99049
1.97055
1.96075
1.84555
1.84555
1.84555
1.77614
1.77614
1.77614
1.77614
1.77614
1.77614
1.77614
1.48934
1.4545
1.4545
1.42839
1.39568
1.39568
1.39568
1.39568
1.36922
1.36922
1.36922
1.36922
1.36922
1.36922
1.33441
1.33441
1.33441
1.33441
1.33437
1.33437
1.32358
1.32358
1.2803
1.2803
1.2803
1.2803
1.2803
1.2803
1.2803
1.2803
1.2803
1.27843
1.2803
1.2803
1.16255
1.16255
1.16255
1.16255
1.16255
1.1165
1.1165
1.1165
1.1165
1.1165
1.1165
1.1165
1.1165
1.1165
1.11105
1.1165
1.1165
1.1165
1.1165
1.1165
1.1165
1.1165
1.1165
1.07524
1.07524
1.07524
1.04732
1.04732
1.04732
1.04732
1.04732
1.04732
1.04732
1.04732
1.04732
1.04732
1.04732
1.04732
1.04333
1.04333
0.999263
0.999263
0.999263
0.999263
0.999263
0.999263
0.999263
0.999263
0.999263
0.999263
0.999263
0.999263
0.990807
0.999263
0.999263
0.999263
0.999263
0.999263
0.999263
0.999263
0.999263
0.999263
0.999263
0.999263
0.985259
0.894731
0.894731
0.894731
0.894731
0.894731
0.887654
0.887654
0.887654
0.887654
0.887654
0.887654
0.887654
0.887654
0.887654
0.887654
0.887654
0.887654
0.887654
0.887654
0.887654
0.887654
0.881913
0.881913
0.881913
0.881913
0.881913
0.881913
0.881913
0.881913
0.881913
0.881913
0.881913
0.880892
0.880892
0.880892
0.880892
0.880892
0.880892
0.880892
0.880892
0.880892
0.880892
0.880892
0.880892
0.880892
0.880892
0.880892
0.880892
0.880892
0.880892
0.866144
0.866144
0.866144
0.866144
0.866144
0.866144
0.866144
0.866144
0.866144
0.866144
0.866144
0.866144
0.866144
0.866144
0.866144
0.866144
0.866144
0.866144
0.866144
0.866144
0.866144
0.866144
0.866144
0.866144
0.866144
0.866144
0.866144
0.866144
0.866144
0.866144
0.866144
0.860071
0.860071
0.860071
0.860071
0.860071
0.860071
0.866144
0.865978
0.860071
0.860071
0.860071
0.860071
0.860071
0.866144
0.866144
0.866144
0.866144
0.865978
0.865978
0.84319
0.84319
0.84319
0.84319
0.84319
0.84319
0.84319
0.84319
0.84319
0.84319
0.84319
0.84319
0.84319
0.84319
0.84319
0.84319
0.84319
0.84319
0.84319
0.84319
0.84319
0.84319
0.84319
0.84319
0.84319
0.84319
0.84319
0.84319
0.84319
0.84319
0.84319
0.84319
0.84319
0.842399
0.84319
0.84319
0.84319
0.84319
0.84319
0.84319
0.84319
0.84319
0.84319
0.84319
0.84319
0.84319
0.84319
0.84319
0.84319
0.84319
0.84319
0.84319
0.84319
0.84319
0.84319
0.84319
0.84319
0.84319
0.84319
0.84319
0.84319
0.84319
0.84319
0.84319
0.84319
0.84319
0.84319
0.84319
0.84319
0.84319
0.84319
0.84319
0.84319
0.84319
0.84319
0.84319
0.84319
0.84319
0.84319
0.84319
0.84319
0.84319
0.84319
0.84319
0.84319
0.84319
0.84319
0.84319
0.84319
0.84319
0.84319
0.84319
0.84319
0.84319
0.84319
0.84319
0.84319
0.84319
0.84319
0.84319
0.84319
0.84319
0.84319
0.84319
0.84319
0.84319
0.84319
0.84319
0.84319
0.84319
0.842399
0.842399
0.84319
0.842399
0.842399
0.842399
0.842399
0.842399
0.842399
0.842399
0.84319
0.84319
0.84319
0.84319
0.84319
0.84319
0.84319
0.84319
0.84319
0.84319
0.84319
0.84319
0.84319
0.84319
0.84319
0.84319
0.84319
0.842399
0.842399
0.842399
0.842399
0.842399
0.842399
0.842399
0.842399
0.842399
0.84319
0.84319
0.84319
0.84319
0.84319
0.84319
0.84319
0.84319
0.84319
0.84319
0.84319
0.84319
0.84319
0.84319
0.84319
0.84319
0.84319
0.84319
0.84319
0.842399
0.842399
0.842399
0.84319
0.84319
0.84319
0.84319
0.84319
0.84319
0.84319
0.84319
0.84319
0.84319
0.84319
0.84319
0.84319
0.84319
0.84319
0.84319
0.84319
0.84319
0.84319
0.84319
0.84319
0.84319
0.84319
0.84319
0.84319
0.84319
0.84319
0.84319
0.84319
0.84319
0.84319
0.84319
0.84319
0.84319
0.84319
0.84319
0.84319
0.84319
0.84319
0.84319
0.84319
0.84319
0.84319
0.84319
0.84319
0.842859
0.84319
0.84319
0.84319
0.84319
0.84319
0.84319
0.842399
0.84319
0.84319
0.84319
0.84319
0.84319
0.84319
0.84319
0.84319
0.84319
0.84319
0.84319
0.84319
0.84319
0.84319
0.84319
0.84319
0.84319
0.84319
0.84319
0.84319
0.84319
0.84319
0.84319
0.84319
0.84319
0.84319
0.84319
0.84319
0.84319
0.84319
0.84319
0.84319
0.84319
0.84319
0.84319
0.84319
0.84319
0.84319
0.84319
0.84319
0.84319
0.84319
0.84319
0.84319
0.84319
0.84319
0.84319
0.84319
0.84319
0.84319
0.84319
0.84319
0.84319
0.84319
0.84319
0.84319
0.84319
0.84319
0.84319
0.84319
0.84319
0.84319
0.84319
0.84319
0.84319
0.84319
0.84319
0.84319
0.84319
0.84319
0.84319
0.84319
0.84319
0.84319
0.84319
0.84319
0.84319
0.84319
0.84319
0.84319
0.84319
0.84319
0.84319
0.843651
0.843651
0.843651
0.843651
0.843651
0.843651
0.843651
0.843651
0.843651
0.843651
0.843651
0.843651
0.843651
0.843651
0.843651
0.843651
0.843651
0.843651
0.843651
0.843651
0.843651
0.84319
0.84319
0.84319
0.84319
0.843651
0.843651
0.843651
0.843651
0.843651
0.843651
0.843651
0.843651
0.843651
0.843651
0.843651
0.843651
0.843651
0.843651
0.843651
0.843651
0.843651
0.843651
0.843651
0.843651
0.843651
0.84319
0.84319
0.843651
0.843651
0.843651
0.843651
0.843651
0.843651
0.843651
0.843651
0.843651
0.843651
0.843651
0.843651
0.843651
0.843651
0.843651
0.843651
0.843651
0.843651
0.843651
0.843651
0.843651
0.843651
0.843651
0.843651
0.843651
0.843651
0.843651
0.843651
0.843651
0.843651
0.843651
0.843651
0.843651
0.843651
0.84319
0.84319
0.84319
0.84319
0.84319
0.84319
0.84319
0.84319
0.842859
0.842859
0.842859
0.84319
0.84319
0.84319
0.84319
0.84319
0.84319
0.84319
0.84319
0.84319
0.84319
0.84319
0.84319
0.84319
0.84319
0.84319
0.84319
0.84319
0.84319
0.84319
0.84319
0.84319
0.84319
0.84319
0.84319
0.84319
0.84319
0.84319
0.84319
0.84319
0.84319
0.84319
0.84319
0.84319
0.84319
0.84319
0.84319
0.84319
0.84319
0.84319
0.84319
0.84319
0.84319
0.84319
0.84319
0.84319
0.84319
0.84319
0.84319
0.84319
0.84319
0.84319
0.84319
0.84319
0.84319
0.84319
0.84319
0.84319
0.842859
0.84319
0.84319
0.84319
0.842859
0.842859
0.84319
0.84319
0.84319
0.84319
0.84319
0.84319
0.84319
0.84319
0.842859
0.84319
0.84319
0.84319
0.842859
0.84319
0.84319
0.84319
0.84319
0.84319
0.84319
0.84319
0.84319
0.84319
0.84319
0.84319
0.84319
0.84319
0.84319
0.84319
0.84319
0.84319
0.84319
0.84319
0.84319
0.84319
0.84319
0.84319
0.842859
0.842859
0.842859
0.84319
0.84319
0.84319
0.84319
0.84319
0.84319
0.84319
0.84319
0.84319
0.842859
0.842859
0.842859
0.842859
0.842859
0.842859
0.842859
0.842859
0.842859
0.842859
0.842859
0.842859
0.842859
0.842859
0.842859
0.842859
0.842859
0.842859
0.842859
0.842859
0.842859
0.842859
0.842859
0.842859
0.842859
0.842859
0.842859
0.842859
0.842859
0.842859
0.842859
0.842859
0.842859
0.842859
0.842859
0.842859
0.842859
0.842859
0.842859
0.842859
0.842859
0.842859
0.842859
0.842859
0.842859
0.842859
0.842859
0.842859
0.842859
0.842859
0.842859
0.842859
0.842859
0.842859
0.842859
0.842859
0.842859
0.842859
0.842859
0.842859
0.842859
0.842859
0.842859
0.842859
0.842859
0.842859
0.842859
0.842859
0.842859
0.842859
0.842859
0.842859
0.842859
0.842859
0.842859
0.842859
0.842859
0.842859
0.842859
0.842859
0.842859
0.842859
0.842859
0.842859
0.842859
0.842859
0.842859
0.842859
0.842859
0.842859
0.842859
0.842859
0.842859
0.842859
0.842859
0.842859
0.842859
0.842859
0.842859
0.842859
0.842859
0.842859
0.842859
0.842859
0.842859
0.842859
0.842859
0.842859
0.842859
0.842859
0.842859
0.842859
0.842859
0.842859
0.842859
0.842859
0.842859
0.842859
0.842859
0.842859
0.842859
0.842859
0.842859
0.842859
0.842859
0.842859
0.842859
0.842859
0.842859
0.842859
0.842859
0.842859
0.842859
0.842859
0.842859
0.842859
0.842859
0.842859
0.842859
0.842859
0.842859
0.842859
0.842859
0.842859
0.842859
0.842859
0.842859
0.842859
0.842859
0.842859
0.842859
0.842859
0.842859
0.842859
0.842859
0.842399
0.842399
0.842399
0.842399
0.842859
0.842859
0.842859
0.842859
0.842859
0.842859
0.842859
0.842859
0.842859
0.842859
0.842859
0.842859
0.842859
0.842859
0.842859
0.842859
0.842859
0.842859
0.842859
0.842859
0.842859
0.842399
0.842399
0.842859
0.842859
0.842859
0.842859
0.842859
0.842859
0.842859
0.842859
0.842859
0.842859
0.842859
0.842859
0.842859
0.842859
0.842859
0.842859
0.842859
0.842859
0.842859
0.842859
0.842859
0.842859
0.842859
0.842859
0.842859
0.842859
0.842859
0.842859
0.842859
0.842859
0.842859
0.842859
0.842859
0.842859
0.842859
