6.79307
5.79649
5.43062
5.43062
5.15427
4.93955
4.9101
4.9101
4.72658
4.30302
4.30302
4.08771
3.57482
3.57436
3.46505
3.39464
3.32012
3.03532
2.84521
2.84521
2.79789
2.66862
2.47954
2.47954
2.38454
2.41904
2.41904
2.41904
2.41904
2.41515
2.41904
2.39328
2.37919
2.30915
2.30915
2.26575
2.26575
2.26183
2.26183
2.26575
2.26575
2.26183
2.19537
2.18666
2.18666
2.18666
2.18666
2.18666
2.163
2.163
2.163
2.15989
2.15989
2.15989
2.15989
2.15989
2.15847
2.04361
2.04361
2.04361
2.04361
2.01922
1.998
1.998
1.998
1.998
1.95251
1.95251
1.95251
1.95251
1.95251
1.95181
1.95181
1.95181
1.95181
1.92114
1.91948
1.91948
1.91948
1.91948
1.91462
1.91462
1.91462
1.91462
1.87113
1.87113
1.87113
1.87113
1.87113
1.87113
1.87113
1.87113
1.87113
1.86708
1.81801
1.79983
1.77479
1.77479
1.77479
1.77479
1.2803
1.239
1.239
1.239
1.239
1.239
1.239
1.23821
1.1739
1.1739
1.1739
1.1739
1.1739
1.1739
1.1739
1.1739
1.1739
1.17374
1.07796
1.07796
1.07796
1.07796
1.07796
1.07796
1.03407
1.07796
1.03191
1.03191
1.03191
1.03191
1.03191
1.03191
1.03191
1.03191
1.03191
1.03191
1.03191
1.03191
1.03191
1.03191
1.03191
1.03191
1.03175
1.03175
1.03175
1.03175
0.999263
0.999263
0.999263
0.999263
0.999263
0.999263
0.999263
0.999263
0.999263
0.999263
0.999263
0.999263
0.999263
0.999263
0.999263
0.999263
0.999263
0.999263
0.999263
0.999263
0.999263
0.999263
0.999263
0.999263
0.999263
0.999263
0.999263
0.999263
0.999263
0.999263
0.999263
0.999263
0.999263
0.999263
0.999263
0.999263
0.999263
0.999263
0.999263
0.999263
0.985259
0.985259
0.985259
0.985259
0.985259
0.985259
0.985259
0.985259
0.985259
0.985259
0.985259
0.985259
0.985259
0.979187
0.985259
0.899178
0.899178
0.899178
0.899178
0.899178
0.899178
0.899178
0.899178
0.899178
0.899178
0.899178
0.899178
0.899178
0.899178
0.899178
0.899178
0.899178
0.899178
0.899178
0.899178
0.899178
0.866144
0.866144
0.866144
0.866144
0.866144
0.866144
0.866144
0.866144
0.866144
0.866144
0.866144
0.866144
0.866144
0.866144
0.866144
0.865978
0.866144
0.866144
0.866144
0.865978
0.865978
0.865978
0.865978
0.866144
0.866144
0.866144
0.866144
0.866144
0.866144
0.866144
0.866144
0.866144
0.866144
0.866144
0.866144
0.866144
0.866144
0.866144
0.866144
0.866144
0.866144
0.866144
0.866144
0.866144
0.866144
0.866144
0.865352
0.865352
0.866144
0.866144
0.866144
0.866144
0.866144
0.849263
0.849263
0.849263
0.849263
0.849263
0.849263
0.849263
0.849263
0.849263
0.849263
0.849263
0.849263
0.849263
0.849263
0.849263
0.849263
0.849263
0.849263
0.849263
0.849263
0.849263
0.848471
0.848471
0.848471
0.848471
0.84319
0.84319
0.84319
0.84319
0.84319
0.84319
0.84319
0.84319
0.84319
0.84319
0.84319
0.84319
0.84319
0.84319
0.84319
0.84319
0.84319
0.84319
0.84319
0.84319
0.84319
0.84319
0.84319
0.84319
0.84319
0.84319
0.84319
0.84319
0.84319
0.84319
0.84319
0.84319
0.84319
0.84319
0.84319
0.84319
0.84319
0.84319
0.84319
0.84319
0.84319
0.84319
0.84319
0.84319
0.84319
0.84319
0.84319
0.84319
0.84319
0.84319
0.84319
0.84319
0.84319
0.84319
0.84319
0.84319
0.84319
0.84319
0.84319
0.84319
0.84319
0.84319
0.84319
0.84319
0.84319
0.84319
0.84319
0.84319
0.84319
0.84319
0.84319
0.84319
0.84319
0.84319
0.84319
0.84319
0.84319
0.84319
0.84319
0.84319
0.84319
0.84319
0.84319
0.84319
0.84319
0.84319
0.84319
0.84319
0.84319
0.84319
0.84319
0.84319
0.84319
0.84319
0.84319
0.84319
0.84319
0.84319
0.84319
0.84319
0.84319
0.84319
0.84319
0.84319
0.842399
0.84319
0.84319
0.84319
0.84319
0.84319
0.84319
0.84319
0.84319
0.84319
0.84319
0.84319
0.84319
0.84319
0.84319
0.84319
0.84319
0.84319
0.84319
0.842399
0.842399
0.842399
0.842399
0.842399
0.842399
0.842399
0.84319
0.84319
0.84319
0.84319
0.84319
0.84319
0.84319
0.84319
0.84319
0.84319
0.842399
0.842399
0.84319
0.84319
0.84319
0.84319
0.84319
0.84319
0.84319
0.84319
0.84319
0.84319
0.842399
0.842399
0.842399
0.84319
0.84319
0.84319
0.84319
0.84319
0.84319
0.84319
0.84319
0.84319
0.84319
0.84319
0.84319
0.84319
0.84319
0.84319
0.84319
0.84319
0.84319
0.84319
0.84319
0.84319
0.84319
0.84319
0.84319
0.84319
0.84319
0.84319
0.84319
0.84319
0.84319
0.84319
0.84319
0.84319
0.84319
0.84319
0.84319
0.84319
0.84319
0.84319
0.84319
0.84319
0.84319
0.84319
0.84319
0.84319
0.84319
0.84319
0.84319
0.84319
0.84319
0.84319
0.84319
0.84319
0.84319
0.84319
0.84319
0.84319
0.84319
0.84319
0.84319
0.84319
0.84319
0.84319
0.84319
0.84319
0.84319
0.84319
0.84319
0.84319
0.84319
0.84319
0.84319
0.84319
0.84319
0.84319
0.84319
0.84319
0.84319
0.84319
0.84319
0.84319
0.84319
0.84319
0.84319
0.84319
0.84319
0.84319
0.84319
0.84319
0.84319
0.84319
0.84319
0.84319
0.84319
0.84319
0.84319
0.84319
0.84319
0.84319
0.84319
0.84319
0.84319
0.842399
0.84319
0.84319
0.84319
0.84319
0.84319
0.84319
0.84319
0.84319
0.84319
0.84319
0.84319
0.84319
0.84319
0.84319
0.84319
0.84319
0.84319
0.84319
0.84319
0.84319
0.84319
0.84319
0.84319
0.84319
0.84319
0.84319
0.84319
0.84319
0.84319
0.84319
0.84319
0.84319
0.84319
0.84319
0.84319
0.84319
0.84319
0.84319
0.84319
0.84319
0.84319
0.84319
0.84319
0.84319
0.84319
0.84319
0.84319
0.84319
0.84319
0.84319
0.84319
0.84319
0.84319
0.84319
0.84319
0.84319
0.84319
0.84319
0.84319
0.84319
0.84319
0.84319
0.84319
0.84319
0.84319
0.84319
0.84319
0.84319
0.84319
0.84319
0.84319
0.84319
0.84319
0.84319
0.84319
0.84319
0.84319
0.84319
0.84319
0.84319
0.84319
0.84319
0.84319
0.84319
0.84319
0.84319
0.84319
0.84319
0.84319
0.84319
0.84319
0.84319
0.84319
0.84319
0.84319
0.84319
0.84319
0.84319
0.84319
0.84319
0.84319
0.84319
0.84319
0.84319
0.84319
0.84319
0.84319
0.84319
0.84319
0.84319
0.84319
0.84319
0.84319
0.84319
0.84319
0.84319
0.84319
0.84319
0.84319
0.84319
0.84319
0.84319
0.84319
0.84319
0.84319
0.84319
0.84319
0.84319
0.84319
0.84319
0.84319
0.842399
0.842399
0.842399
0.842399
0.842399
0.842399
0.842399
0.84319
0.84319
0.84319
0.84319
0.84319
0.84319
0.84319
0.84319
0.842399
0.842399
0.842399
0.842399
0.84319
0.84319
0.84319
0.84319
0.84319
0.84319
0.84319
0.84319
0.84319
0.842399
0.842399
0.84319
0.842399
0.84319
0.84319
0.84319
0.84319
0.84319
0.84319
0.842399
0.842399
0.842399
0.842399
0.842399
0.842399
0.84319
0.84319
0.84319
0.84319
0.84319
0.84319
0.84319
0.84319
0.84319
0.84319
0.84319
0.84319
0.84319
0.84319
0.84319
0.84319
0.84319
0.84319
0.84319
0.84319
0.84319
0.84319
0.84319
0.84319
0.842399
0.842399
0.842399
0.842399
0.842399
0.842399
0.842399
0.84319
0.84319
0.84319
0.84319
0.84319
0.84319
0.84319
0.84319
0.84319
0.84319
0.84319
0.84319
0.84319
0.84319
0.84319
0.84319
0.84319
0.84319
0.84319
0.84319
0.84319
0.84319
0.84319
0.84319
0.84319
0.84319
0.84319
0.84319
0.842399
0.842399
0.84319
0.84319
0.84319
0.84319
0.84319
0.84319
0.84319
0.84319
0.84319
0.84319
0.84319
0.84319
0.84319
0.84319
0.84319
0.84319
0.84319
0.84319
0.84319
0.84319
0.84319
0.84319
0.84319
0.84319
0.84319
0.84319
0.84319
0.84319
0.84319
0.84319
0.84319
0.842859
0.84319
0.84319
0.84319
0.84319
0.84319
0.84319
0.84319
0.84319
0.84319
0.84319
0.84319
0.84319
0.84319
0.84319
0.84319
0.84319
0.84319
0.84319
0.84319
0.84319
0.84319
0.84319
0.84319
0.84319
0.842859
0.842859
0.842859
0.842859
0.842859
0.842859
0.842859
0.842859
0.842859
0.84319
0.84319
0.84319
0.84319
0.84319
0.84319
0.84319
0.84319
0.84319
0.84319
0.84319
0.84319
0.84319
0.84319
0.84319
0.84319
0.842859
0.842859
0.842859
0.842859
0.842859
0.842859
0.842859
0.842859
0.842859
0.842859
0.842859
0.842859
0.842859
0.842859
0.84319
0.84319
0.84319
0.84319
0.84319
0.84319
0.84319
0.84319
0.84319
0.84319
0.84319
0.84319
0.84319
0.84319
0.84319
0.842399
0.84319
0.84319
0.84319
0.84319
0.84319
0.84319
0.84319
0.84319
0.84319
0.84319
0.842399
0.84319
0.84319
0.84319
0.84319
0.84319
0.84319
0.84319
0.84319
0.84319
0.84319
0.84319
0.84319
0.84319
0.84319
0.84319
0.842399
0.842399
0.842399
0.842399
0.842399
0.842399
0.842399
0.842399
0.842399
0.842399
0.842399
0.842399
0.842399
0.842399
0.842399
0.842399
0.842399
0.842399
0.842399
0.842859
0.84319
0.84319
0.84319
0.842399
0.842399
0.84319
0.84319
0.84319
0.84319
0.84319
0.84319
0.84319
0.84319
0.84319
0.84319
0.84319
0.84319
0.84319
0.84319
0.84319
0.84319
0.84319
0.84319
0.84319
0.84319
0.84319
0.84319
0.84319
0.84319
0.84319
0.84319
0.84319
0.84319
0.84319
0.84319
0.84319
0.84319
0.84319
0.84319
0.84319
0.84319
0.84319
0.84319
0.84319
0.84319
0.84319
0.84319
0.84319
0.84319
 