6.98545
6.70919
6.66829
6.4077
5.61808
5.49203
4.7093
4.50285
4.18036
4.11692
4.11692
3.91281
3.90238
3.84121
3.77777
3.77777
3.7771
3.73746
3.04297
2.99806
2.99806
2.90352
2.90352
2.75821
2.61143
2.33143
2.33143
2.33143
2.31696
2.31696
2.30882
2.17483
2.17483
2.17483
2.17483
2.16341
2.16341
2.14847
2.14847
2.14847
2.13425
2.13425
2.13425
2.13425
2.13425
2.13425
2.13425
2.13425
2.13425
2.13425
2.13425
2.13425
2.12547
2.13425
2.13416
2.13416
2.13416
2.1079
2.1079
2.07512
2.07512
2.07512
2.07512
2.07512
2.07512
2.07512
2.07512
2.07512
2.07332
2.07332
2.07332
2.07332
1.98097
1.98097
1.98097
1.77614
1.77614
1.77614
1.48934
1.4831
1.4831
1.44913
1.44913
1.44913
1.39568
1.39568
1.39568
1.39568
1.39568
1.39568
1.35654
1.35654
1.32034
1.32034
1.32034
1.32034
1.32034
1.32034
1.32034
1.32017
1.26801
1.26801
1.26801
1.26801
1.26801
1.26801
1.26801
1.26801
1.26801
1.26801
1.26801
1.26614
1.26801
1.26801
1.26801
1.26801
1.26801
1.24022
1.24022
1.24022
1.24022
1.24022
1.24022
1.24022
1.24022
1.11105
1.11105
1.09557
1.09557
1.09426
1.09426
1.09426
1.09426
1.09226
1.09226
1.09226
1.09226
1.09226
1.0698
1.0698
1.0698
1.05607
1.05607
1.05607
1.05607
1.05607
1.02276
1.02276
1.02276
1.02276
1.02007
1.02007
1.02007
1.02007
1.02276
0.910212
0.910212
0.910212
0.910212
0.910212
0.910212
0.894731
0.894731
0.894731
0.894731
0.894731
0.894731
0.894731
0.894731
0.894731
0.894731
0.894731
0.894731
0.894731
0.894731
0.894731
0.894731
0.894731
0.894731
0.894731
0.894731
0.894731
0.894731
0.894731
0.894731
0.894731
0.894731
0.887654
0.887654
0.887654
0.887654
0.887654
0.887654
0.887654
0.887654
0.887654
0.887654
0.887654
0.887654
0.887654
0.881913
0.881913
0.881913
0.881913
0.881913
0.881913
0.881913
0.881913
0.881913
0.881913
0.881913
0.881913
0.881913
0.881913
0.881913
0.881913
0.881913
0.881913
0.881913
0.881913
0.881913
0.881913
0.881913
0.881913
0.881913
0.881913
0.881913
0.881913
0.880892
0.880892
0.881913
0.881913
0.881913
0.881913
0.881913
0.881913
0.881913
0.881913
0.881913
0.881913
0.881913
0.881913
0.881913
0.881913
0.881913
0.875841
0.875841
0.875841
0.875841
0.875841
0.868073
0.868073
0.868073
0.868073
0.868073
0.868073
0.868073
0.868073
0.868073
0.868073
0.868073
0.868073
0.868073
0.868073
0.849263
0.849263
0.849263
0.849263
0.849263
0.849263
0.849263
0.849263
0.849263
0.849263
0.84319
0.849263
0.849263
0.849263
0.849263
0.849263
0.849263
0.849263
0.849263
0.849263
0.849263
0.849263
0.849263
0.849263
0.849263
0.849263
0.849263
0.849263
0.849263
0.849263
0.849263
0.849263
0.849263
0.849263
0.849263
0.849263
0.849263
0.849263
0.849263
0.849263
0.849263
0.849263
0.849263
0.849263
0.849263
0.849263
0.849263
0.849263
0.84319
0.84319
0.84319
0.84319
0.84319
0.84319
0.84319
0.84319
0.84319
0.84319
0.84319
0.84319
0.84319
0.84319
0.84319
0.84319
0.84319
0.84319
0.84319
0.84319
0.84319
0.84319
0.84319
0.84319
0.84319
0.84319
0.84319
0.84319
0.84319
0.84319
0.84319
0.84319
0.84319
0.84319
0.84319
0.84319
0.84319
0.84319
0.84319
0.84319
0.84319
0.84319
0.84319
0.84319
0.84319
0.84319
0.84319
0.84319
0.84319
0.84319
0.84319
0.84319
0.84319
0.84319
0.84319
0.84319
0.84319
0.84319
0.84319
0.84319
0.84319
0.84319
0.84319
0.84319
0.84319
0.84319
0.84319
0.84319
0.84319
0.84319
0.84319
0.84319
0.84319
0.84319
0.84319
0.84319
0.84319
0.84319
0.84319
0.84319
0.84319
0.84319
0.84319
0.84319
0.84319
0.84319
0.84319
0.84319
0.84319
0.84319
0.84319
0.84319
0.84319
0.84319
0.84319
0.84319
0.84319
0.84319
0.84319
0.84319
0.84319
0.84319
0.84319
0.84319
0.84319
0.84319
0.84319
0.84319
0.84319
0.84319
0.84319
0.84319
0.84319
0.84319
0.84319
0.84319
0.84319
0.84319
0.84319
0.84319
0.84319
0.84319
0.84319
0.84319
0.84319
0.84319
0.84319
0.84319
0.842399
0.842399
0.842399
0.842399
0.842399
0.842399
0.842399
0.842399
0.842399
0.84319
0.842399
0.84319
0.84319
0.84319
0.842399
0.84319
0.84319
0.84319
0.84319
0.84319
0.84319
0.84319
0.84319
0.84319
0.84319
0.84319
0.84319
0.84319
0.84319
0.84319
0.84319
0.842399
0.842399
0.842399
0.84319
0.84319
0.84319
0.84319
0.84319
0.84319
0.84319
0.84319
0.84319
0.84319
0.84319
0.84319
0.84319
0.84319
0.84319
0.84319
0.84319
0.84319
0.84319
0.84319
0.84319
0.84319
0.84319
0.84319
0.84319
0.84319
0.84319
0.84319
0.84319
0.84319
0.84319
0.84319
0.84319
0.84319
0.84319
0.84319
0.84319
0.84319
0.84319
0.84319
0.84319
0.84319
0.84319
0.84319
0.84319
0.84319
0.84319
0.842399
0.842399
0.84319
0.84319
0.84319
0.84319
0.84319
0.84319
0.84319
0.84319
0.84319
0.84319
0.84319
0.84319
0.84319
0.84319
0.84319
0.84319
0.84319
0.84319
0.84319
0.84319
0.84319
0.84319
0.84319
0.84319
0.84319
0.84319
0.84319
0.84319
0.84319
0.84319
0.84319
0.84319
0.84319
0.84319
0.84319
0.84319
0.84319
0.84319
0.84319
0.84319
0.84319
0.84319
0.84319
0.84319
0.84319
0.84319
0.84319
0.84319
0.84319
0.84319
0.84319
0.84319
0.84319
0.84319
0.84319
0.84319
0.84319
0.84319
0.84319
0.84319
0.84319
0.84319
0.84319
0.84319
0.84319
0.84319
0.84319
0.84319
0.84319
0.84319
0.842399
0.84319
0.84319
0.84319
0.84319
0.84319
0.84319
0.84319
0.84319
0.84319
0.84319
0.84319
0.84319
0.84319
0.84319
0.84319
0.84319
0.84319
0.84319
0.84319
0.84319
0.84319
0.84319
0.84319
0.84319
0.84319
0.84319
0.84319
0.84319
0.84319
0.84319
0.84319
0.84319
0.84319
0.84319
0.84319
0.84319
0.84319
0.84319
0.84319
0.84319
0.84319
0.84319
0.84319
0.84319
0.84319
0.84319
0.84319
0.84319
0.84319
0.84319
0.84319
0.84319
0.84319
0.84319
0.84319
0.84319
0.84319
0.84319
0.84319
0.84319
0.84319
0.84319
0.84319
0.84319
0.84319
0.84319
0.84319
0.84319
0.84319
0.84319
0.84319
0.84319
0.84319
0.84319
0.84319
0.84319
0.84319
0.84319
0.84319
0.84319
0.84319
0.84319
0.84319
0.84319
0.84319
0.84319
0.84319
0.84319
0.84319
0.84319
0.84319
0.84319
0.84319
0.84319
0.84319
0.84319
0.84319
0.84319
0.84319
0.84319
0.84319
0.84319
0.84319
0.84319
0.84319
0.84319
0.84319
0.84319
0.84319
0.842399
0.84319
0.84319
0.84319
0.84319
0.84319
0.84319
0.84319
0.84319
0.84319
0.84319
0.84319
0.84319
0.84319
0.84319
0.84319
0.84319
0.84319
0.84319
0.84319
0.84319
0.84319
0.84319
0.84319
0.84319
0.84319
0.84319
0.84319
0.84319
0.84319
0.84319
0.84319
0.84319
0.84319
0.84319
0.84319
0.84319
0.84319
0.84319
0.84319
0.84319
0.84319
0.84319
0.84319
0.84319
0.84319
0.84319
0.84319
0.84319
0.84319
0.84319
0.84319
0.84319
0.84319
0.84319
0.84319
0.84319
0.84319
0.84319
0.84319
0.84319
0.84319
0.84319
0.84319
0.84319
0.84319
0.84319
0.84319
0.84319
0.84319
0.84319
0.84319
0.84319
0.84319
0.84319
0.84319
0.84319
0.84319
0.84319
0.842859
0.84319
0.84319
0.84319
0.84319
0.84319
0.84319
0.84319
0.84319
0.84319
0.84319
0.84319
0.84319
0.84319
0.84319
0.84319
0.84319
0.84319
0.84319
0.84319
0.84319
0.84319
0.84319
0.84319
0.84319
0.84319
0.84319
0.84319
0.84319
0.84319
0.84319
0.84319
0.84319
0.84319
0.84319
0.84319
0.84319
0.84319
0.84319
0.84319
0.84319
0.84319
0.842399
0.84319
0.84319
0.84319
0.84319
0.84319
0.84319
0.84319
0.84319
0.84319
0.84319
0.84319
0.842399
0.842399
0.842399
0.842859
0.842859
0.842859
0.842859
0.842859
0.842859
0.842859
0.842859
0.842859
0.842859
0.842859
0.842859
0.842859
0.842859
0.842859
0.842859
0.842859
0.842859
0.842859
0.842859
0.842859
0.842859
0.842859
0.842859
0.842859
0.842859
0.842859
0.842859
0.842859
0.842859
0.842859
0.842859
0.842859
0.842399
0.842399
0.842399
0.842399
0.842399
0.842399
0.842399
0.842859
0.842859
0.842859
0.842859
0.842859
0.842859
0.842859
0.842859
0.842859
0.842859
0.842859
0.842859
0.842859
0.842859
0.842859
0.842859
0.842859
0.842859
0.842859
0.842859
0.842859
0.842859
0.842859
0.842859
0.842859
0.842859
0.842859
0.842859
0.842859
0.842859
0.842859
0.842859
0.842859
0.842859
0.842859
0.842859
0.842859
0.842859
0.842859
0.842859
0.842859
0.842859
0.842859
0.842859
0.842859
0.842859
0.842859
0.842859
0.842859
0.842859
0.842859
0.842859
0.842859
0.842859
0.842859
0.842859
0.842859
0.842859
0.842859
0.842859
0.842859
0.842859
0.842859
0.842859
0.842859
0.842859
0.842859
0.842859
0.842859
0.842859
0.842859
0.842399
0.842399
0.842399
0.842399
0.842399
0.842399
0.842399
0.842399
0.842399
0.842399
0.842399
0.842399
0.842399
0.842399
0.842399
0.842399
0.842399
0.842399
0.842399
0.842399
0.842399
0.842399
0.842399
0.842399
0.842399
0.842399
0.842399
0.842399
0.842399
0.842399
0.842399
0.842399
0.842399
0.842399
0.842399
0.842399
0.842399
0.842399
0.842399
0.842399
0.842399
0.842399
0.842399
0.842399
0.842399
0.842399
0.842399
0.842399
0.842399
0.842399
