6.86456
6.14754
6.01956
5.6439
5.00832
4.73057
4.39421
4.22019
4.22019
4.14618
3.84686
3.80789
3.60608
3.58717
3.24567
3.16741
3.12112
3.12112
3.12112
3.07519
2.99693
2.85503
2.85503
2.85503
2.85503
2.76237
2.76237
2.76237
2.69379
2.69379
2.66985
2.66985
2.60113
2.54964
2.54964
2.54964
2.54964
2.54964
2.5112
2.49449
2.48853
2.47605
2.47605
2.47605
2.47605
2.47605
2.44677
2.42762
2.4072
2.4072
2.13425
2.13425
2.13425
2.1079
2.1079
2.09929
2.07442
2.07442
2.07442
2.07442
1.98097
1.98097
1.98097
1.98097
1.97569
1.97569
1.97569
1.97569
1.97569
1.97226
1.97226
1.97226
1.95251
1.95251
1.92114
1.94749
1.94749
1.94749
1.94749
1.94749
1.92114
1.92114
1.92114
1.89202
1.89202
1.89202
1.89202
1.89202
1.89202
1.89202
1.75805
1.75805
1.75805
1.75805
1.75805
1.75805
1.75805
1.75805
1.75805
1.75805
1.32017
1.32017
1.32017
1.32017
1.32017
1.3141
1.3141
1.3141
1.15914
1.15914
1.15914
1.15914
1.15914
1.15914
1.15914
1.15914
1.15914
1.15914
1.15914
1.15914
1.15914
1.15914
1.15914
1.15914
1.15914
1.03407
1.03407
1.03407
1.03407
1.03407
1.03407
1.03407
1.03407
1.03407
1.03407
1.03407
1.03407
1.03407
1.03407
1.03407
1.02561
1.02561
1.02561
1.02007
1.02007
1.02007
1.02007
1.02007
1.02007
1.02007
1.02007
1.02007
1.02007
1.02007
1.02007
1.02007
1.02007
1.02007
1.02007
1.02007
1.02007
1.02007
1.02007
1.02007
1.02007
1.02007
1.02007
1.02007
1.00728
1.00728
1.00728
1.00728
1.00728
1.00728
1.00728
0.999263
0.999263
0.999263
0.999263
0.999263
0.999263
0.999263
0.999263
0.999263
0.999263
0.999263
0.999263
0.999263
0.999263
0.999263
0.999263
0.999263
0.999263
0.999263
0.999263
0.999263
0.999263
0.999263
0.999263
0.999263
0.979187
0.979187
0.979187
0.979187
0.979187
0.979187
0.979187
0.979187
0.979187
0.979187
0.979187
0.979187
0.979187
0.979187
0.979187
0.979187
0.979187
0.979187
0.979187
0.979187
0.972616
0.972616
0.972616
0.972616
0.972616
0.881913
0.881913
0.881913
0.881913
0.881913
0.881913
0.881913
0.881913
0.881913
0.868073
0.868073
0.868073
0.868073
0.868073
0.868073
0.868073
0.868073
0.868073
0.868073
0.868073
0.868073
0.868073
0.868073
0.868073
0.868073
0.868073
0.868073
0.868073
0.868073
0.868073
0.868073
0.868073
0.868073
0.868073
0.849263
0.849263
0.849263
0.849263
0.849263
0.849263
0.849263
0.849263
0.849263
0.849263
0.849263
0.849263
0.849263
0.849263
0.849263
0.849263
0.849263
0.849263
0.849263
0.849263
0.849263
0.848471
0.848471
0.848471
0.848471
0.848471
0.849263
0.84319
0.849263
0.849263
0.849263
0.849263
0.849263
0.849263
0.849263
0.849263
0.849263
0.849263
0.849263
0.849263
0.849263
0.849263
0.849263
0.849263
0.849263
0.849263
0.849263
0.849263
0.849263
0.849263
0.849263
0.849263
0.849263
0.849263
0.849263
0.849263
0.849263
0.849263
0.849263
0.849263
0.849263
0.849263
0.849263
0.849263
0.849263
0.849263
0.84319
0.84319
0.84319
0.84319
0.84319
0.84319
0.84319
0.84319
0.84319
0.84319
0.84319
0.84319
0.84319
0.84319
0.84319
0.84319
0.84319
0.84319
0.84319
0.84319
0.84319
0.84319
0.84319
0.84319
0.84319
0.84319
0.84319
0.84319
0.84319
0.84319
0.84319
0.84319
0.84319
0.84319
0.84319
0.84319
0.84319
0.84319
0.84319
0.84319
0.84319
0.84319
0.84319
0.84319
0.84319
0.84319
0.84319
0.84319
0.84319
0.84319
0.84319
0.84319
0.84319
0.84319
0.84319
0.84319
0.84319
0.84319
0.84319
0.84319
0.84319
0.84319
0.84319
0.84319
0.84319
0.84319
0.84319
0.84319
0.84319
0.84319
0.849263
0.849263
0.849263
0.849263
0.849263
0.84319
0.84319
0.84319
0.84319
0.84319
0.84319
0.84319
0.84319
0.84319
0.84319
0.84319
0.84319
0.84319
0.84319
0.84319
0.84319
0.84319
0.84319
0.84319
0.84319
0.84319
0.84319
0.84319
0.84319
0.84319
0.842399
0.842399
0.842399
0.842399
0.842399
0.842399
0.842399
0.842399
0.842399
0.842399
0.842399
0.842399
0.842399
0.842399
0.842399
0.842399
0.842399
0.842399
0.842399
0.842399
0.842399
0.842399
0.842399
0.842399
0.842399
0.842399
0.842399
0.842399
0.842399
0.842399
0.842399
0.84319
0.84319
0.84319
0.84319
0.84319
0.84319
0.84319
0.84319
0.84319
0.84319
0.84319
0.84319
0.84319
0.84319
0.84319
0.84319
0.84319
0.84319
0.84319
0.84319
0.84319
0.84319
0.84319
0.84319
0.84319
0.84319
0.84319
0.84319
0.84319
0.84319
0.84319
0.84319
0.84319
0.84319
0.84319
0.84319
0.84319
0.84319
0.84319
0.84319
0.84319
0.84319
0.84319
0.84319
0.84319
0.84319
0.84319
0.84319
0.84319
0.84319
0.84319
0.84319
0.84319
0.84319
0.84319
0.84319
0.84319
0.84319
0.84319
0.84319
0.84319
0.84319
0.84319
0.84319
0.84319
0.84319
0.84319
0.84319
0.84319
0.84319
0.84319
0.84319
0.84319
0.84319
0.84319
0.84319
0.84319
0.84319
0.84319
0.84319
0.84319
0.84319
0.84319
0.84319
0.84319
0.84319
0.84319
0.84319
0.84319
0.84319
0.84319
0.84319
0.84319
0.84319
0.84319
0.84319
0.84319
0.84319
0.84319
0.84319
0.84319
0.84319
0.84319
0.84319
0.84319
0.84319
0.84319
0.84319
0.84319
0.84319
0.84319
0.84319
0.842399
0.842399
0.842399
0.842399
0.842399
0.842399
0.842399
0.84319
0.84319
0.84319
0.84319
0.84319
0.84319
0.84319
0.84319
0.84319
0.84319
0.84319
0.84319
0.84319
0.84319
0.84319
0.84319
0.84319
0.84319
0.84319
0.84319
0.84319
0.84319
0.84319
0.84319
0.84319
0.84319
0.84319
0.84319
0.84319
0.84319
0.84319
0.84319
0.84319
0.84319
0.84319
0.84319
0.84319
0.84319
0.84319
0.84319
0.84319
0.84319
0.84319
0.84319
0.84319
0.84319
0.84319
0.84319
0.84319
0.84319
0.84319
0.84319
0.84319
0.84319
0.84319
0.84319
0.84319
0.84319
0.84319
0.84319
0.84319
0.84319
0.84319
0.84319
0.84319
0.84319
0.84319
0.84319
0.84319
0.84319
0.84319
0.84319
0.84319
0.84319
0.84319
0.84319
0.84319
0.84319
0.84319
0.84319
0.84319
0.84319
0.84319
0.84319
0.84319
0.84319
0.84319
0.84319
0.84319
0.84319
0.84319
0.84319
0.84319
0.84319
0.84319
0.84319
0.84319
0.84319
0.84319
0.84319
0.84319
0.84319
0.84319
0.842399
0.84319
0.84319
0.84319
0.84319
0.84319
0.84319
0.84319
0.84319
0.84319
0.84319
0.84319
0.84319
0.84319
0.84319
0.84319
0.84319
0.84319
0.84319
0.84319
0.84319
0.84319
0.84319
0.84319
0.84319
0.84319
0.84319
0.84319
0.84319
0.84319
0.84319
0.84319
0.84319
0.84319
0.84319
0.842399
0.84319
0.84319
0.84319
0.84319
0.84319
0.84319
0.842399
0.842399
0.842399
0.842399
0.842399
0.84319
0.84319
0.84319
0.84319
0.84319
0.84319
0.84319
0.84319
0.84319
0.84319
0.84319
0.84319
0.84319
0.84319
0.84319
0.84319
0.84319
0.84319
0.84319
0.84319
0.84319
0.84319
0.84319
0.84319
0.84319
0.84319
0.84319
0.84319
0.84319
0.84319
0.84319
0.84319
0.84319
0.84319
0.84319
0.84319
0.84319
0.84319
0.84319
0.84319
0.84319
0.842399
0.842399
0.842399
0.842399
0.842399
0.84319
0.84319
0.84319
0.84319
0.84319
0.84319
0.84319
0.84319
0.84319
0.84319
0.84319
0.84319
0.84319
0.84319
0.84319
0.84319
0.84319
0.84319
0.84319
0.84319
0.84319
0.84319
0.84319
0.84319
0.84319
0.84319
0.84319
0.84319
0.84319
0.842859
0.842859
0.84319
0.84319
0.84319
0.84319
0.84319
0.84319
0.84319
0.84319
0.84319
0.84319
0.84319
0.84319
0.84319
0.84319
0.84319
0.84319
0.84319
0.84319
0.84319
0.84319
0.84319
0.84319
0.84319
0.84319
0.84319
0.84319
0.84319
0.84319
0.84319
0.84319
0.84319
0.84319
0.84319
0.84319
0.84319
0.84319
0.84319
0.84319
0.84319
0.84319
0.84319
0.84319
0.84319
0.84319
0.84319
0.84319
0.84319
0.84319
0.842859
0.842859
0.842859
0.842399
0.842859
0.84319
0.842399
0.84319
0.84319
0.84319
0.84319
0.84319
0.84319
0.84319
0.84319
0.84319
0.84319
0.84319
0.84319
0.84319
0.84319
0.84319
0.84319
0.84319
0.84319
0.84319
0.84319
0.84319
0.84319
0.84319
0.84319
0.84319
0.84319
0.84319
0.84319
0.84319
0.84319
0.84319
0.84319
0.84319
0.84319
0.842399
0.842399
0.842399
0.842399
0.842399
0.842399
0.842399
0.842399
0.842399
0.842399
0.842399
0.842399
0.842399
0.842399
0.842399
0.842399
0.842399
0.842399
0.84319
0.84319
0.84319
0.84319
0.842399
0.842399
0.842399
0.842399
0.842399
0.842399
0.84319
0.842399
0.842399
0.842399
0.84319
0.84319
0.842399
0.842399
0.842399
0.842399
0.842859
0.842859
0.842859
0.842859
0.84319
0.84319
0.84319
0.84319
0.84319
0.84319
0.84319
0.842399
0.842399
0.84319
0.84319
0.84319
0.84319
0.84319
0.84319
0.842399
0.84319
0.84319
0.84319
0.84319
0.84319
0.84319
0.84319
0.84319
0.84319
0.84319
0.84319
0.84319
0.84319
0.84319
0.84319
0.84319
0.84319
0.84319
0.84319
0.84319
0.84319
0.84319
0.84319
0.84319
0.84319
0.84319
0.84319
0.84319
0.84319
0.84319
0.84319
0.84319
0.84319
0.84319
0.84319
0.84319
0.84319
0.84319
0.84319
0.84319
0.84319
0.84319
0.84319
0.84319
0.84319
0.84319
0.84319
0.84319
0.84319
0.84319
0.84319
