0 0 0
0.0230664 0 0
0.0461329 0 0
0.0691993 0 0
0.0922657 0 0
0.115332 0 0
0.138399 0 0
0.161465 0 0
0.184531 0 0
0.207598 0 0
0.230664 0 0
0.253731 0 0
0.276797 0 0
0.299864 0 0
0.32293 0 0
0.345996 0 0
0.369063 0 0
0.392129 0 0
0.415196 0 0
0.438262 0 0
0.461329 0 0
0.484395 0 0
0.507461 0 0
0.530528 0 0
0.553594 0 0
0.576661 0 0
0.599727 0 0
0.622794 0 0
0.64586 0 0
0.668926 0 0
0.691993 0 0
0.715059 0 0
0.738126 0 0
0.761192 0 0
0.784259 0 0
0.807325 0 0
0.830391 0 0
0.853458 3.13617e-07 2.20626e-07
0.876524 7.98888e-05 5.51461e-06
0.899591 0.003402 3.4421e-05
0.922657 0.0473806 0.000147344
0.945724 0.29409 0.000474894
0.96879 1.00733 0.000919718
0.991856 2.24129 0.00116306
1.01492 3.62515 0.00108082
1.03799 4.61805 0.0010872
1.06106 4.89556 0.00151369
1.08412 4.49255 0.00168231
1.10719 3.65671 0.00132548
1.13026 2.69315 0.00100389
1.15332 1.817 0.000638834
1.17639 1.13051 0.000570658
1.19945 0.653789 0.000558458
1.22252 0.353504 0.000509906
1.24559 0.180177 0.000390709
1.26865 0.0890821 0.000270018
1.29172 0.0494345 0.000236086
1.31479 0.0421543 0.000202611
1.33785 0.060644 0.000235295
1.36092 0.105746 0.000260561
1.38399 0.183958 0.000337861
1.40705 0.300728 0.000321104
1.43012 0.453207 0.000311045
1.45319 0.628123 0.000305641
1.47625 0.797353 0.000420371
1.49932 0.92166 0.000578177
1.52238 0.970553 0.000664747
1.54545 0.929409 0.000643701
1.56852 0.80855 0.000441245
1.59158 0.641166 0.000255549
1.61465 0.465534 0.000250631
1.63772 0.316804 0.000313066
1.66078 0.219614 0.000373661
1.68385 0.19198 0.000433166
1.70692 0.255126 0.000536306
1.72998 0.433939 0.000596209
1.75305 0.749654 0.00067054
1.77612 1.19778 0.000508431
1.79918 1.72721 0.000378097
1.82225 2.2345 0.000553629
1.84531 2.59672 0.000975748
1.86838 2.71435 0.0012118
1.89145 2.55757 0.00111842
1.91451 2.1803 0.000773235
1.93758 1.69013 0.000389205
1.96065 1.20062 0.000375557
1.98371 0.801877 0.000565872
2.00678 0.542863 0.000640475
2.02985 0.434522 0.000607888
2.05291 0.461495 0.000524493
2.07598 0.586908 0.000334434
2.09905 0.758261 0.0002449
2.12211 0.917085 0.000230744
2.14518 1.01419 0.000441176
2.16824 1.02148 0.000467603
2.19131 0.919218 0.000329484
2.21438 0.780427 0.000256842
2.23744 0.65385 0.000330013
2.26051 0.571888 0.000494815
2.28358 0.573097 0.000597481
