0 0 0
0.0256496 0 0
0.0512993 0 0
0.0769489 0 0
0.102599 0 0
0.128248 0 0
0.153898 0 0
0.179547 0 0
0.205197 0 0
0.230847 0 0
0.256496 0 0
0.282146 0 0
0.307796 0 0
0.333445 0 0
0.359095 0 0
0.384745 0 0
0.410394 0 0
0.436044 0 0
0.461694 0 0
0.487343 0 0
0.512993 0 0
0.538642 0 0
0.564292 0 0
0.589942 0 0
0.615591 0 0
0.641241 0 0
0.666891 0 0
0.69254 0 0
0.71819 0 0
0.74384 0 0
0.769489 0 0
0.795139 0 0
0.820788 0 0
0.846438 1.43436e-05 2.6138e-06
0.872088 0.00129184 2.31498e-05
0.897737 0.0241383 0.000110942
0.923387 0.165153 0.000367857
0.949037 0.563502 0.000853332
0.974686 1.20335 0.0011771
1.00034 1.8637 0.00130231
1.02599 2.3386 0.00121066
1.05164 2.55317 0.000845566
1.07728 2.54976 0.00097825
1.10293 2.40751 0.000979486
1.12858 2.19791 0.00102819
1.15423 1.97239 0.00103952
1.17988 1.75424 0.00113674
1.20553 1.5582 0.000877803
1.23118 1.38902 0.000813312
1.25683 1.24427 0.000771197
1.28248 1.12498 0.000749607
1.30813 1.02298 0.000680039
1.33378 0.941171 0.00059601
1.35943 0.872685 0.000516334
1.38508 0.817246 0.00049347
1.41073 0.772336 0.000478755
1.43638 0.73719 0.000558657
1.46203 0.710285 0.000494624
1.48768 0.69125 0.000522131
1.51333 0.678159 0.000521528
1.53898 0.672329 0.000570567
1.56463 0.671103 0.000559265
1.59028 0.675815 0.000540493
1.61593 0.686155 0.000575458
1.64158 0.701903 0.00050269
1.66723 0.723418 0.000494853
1.69288 0.74982 0.000420273
1.71853 0.780466 0.000452054
1.74418 0.815995 0.000474475
1.76983 0.854061 0.00050338
1.79547 0.894378 0.000473418
1.82112 0.935646 0.000473118
1.84677 0.977923 0.0004609
1.87242 1.01844 0.000473479
1.89807 1.05848 0.000481505
1.92372 1.09584 0.000466565
1.94937 1.1306 0.00041569
1.97502 1.16218 0.00044612
2.00067 1.18591 0.000412258
2.02632 1.20433 0.000444772
2.05197 1.21356 0.000398418
2.07762 1.21505 0.000445731
2.10327 1.20836 0.000422218
2.12892 1.19432 0.000475823
2.15457 1.17422 0.000484223
2.18022 1.15001 0.000472344
2.20587 1.12309 0.000452923
2.23152 1.09537 0.000394569
2.25717 1.06646 0.000451962
2.28282 1.03866 0.000451916
2.30847 1.01211 0.000381911
2.33412 0.987945 0.000402983
2.35977 0.966143 0.000393376
2.38542 0.947044 0.00038728
2.41107 0.931356 0.000409109
2.43672 0.918401 0.000389091
2.46237 0.908704 0.000423659
2.48802 0.894959 0.000370688
2.51366 0.885959 0.000409236
2.53931 0.885803 0.000426897
