15
15.8844
14.9046
14.8395
12.2994
12.4048
11.9786
11.9786
9.44569
8.9515
7.26918
7.26918
6.90419
6.90419
6.90419
6.90419
8.47068
8.47068
8.47068
8.47068
8.47068
8.47068
8.47068
8.51049
7.0997
3.5738
3.5738
2.95585
2.95585
2.95585
2.95585
2.95585
2.95585
2.95585
2.28304
1.33855
1.33855
1.33855
1.33855
2.66638
2.66638
2.22231
2.22231
1.93183
1.57331
1.57331
1.57331
1.57331
1.57331
1.57331
1.60806
0.845
0.845
0.845
0.845
0.845
0.845
0.845
0.845
0.845
0.845
0.845
0.845
0.845
0.845
0.845
1.10913
1.10913
1.10913
1.10913
1.10913
1.10913
1.10913
1.10913
1.10913
1.10913
1.10913
1.44045
1.44045
1.45925
1.45925
1.45925
1.45925
1.45925
1.45925
1.45925
1.45925
1.45925
1.45925
1.45925
1.45925
2.61591
3.27807
3.27807
3.27807
3.27807
3.13481
3.13481
2.29835
2.29835
2.29835
2.29835
2.29835
2.29835
2.29835
2.29835
2.29835
2.29835
2.29835
2.29835
1.8443
1.02131
3.04287
3.04287
3.04287
3.04287
3.04287
3.04287
3.04287
3.59749
3.75166
2.68703
2.68703
2.68703
2.10934
2.10934
2.10934
2.10934
2.10934
2.10934
1.97769
1.97769
1.75616
1.75616
1.44857
1.44857
1.18196
1.18196
1.18196
1.18196
1.18196
1.18196
1.43779
0.644469
0.644469
0.644469
0.644469
0.644469
0.644469
0.644469
0.644469
0.644469
0.644469
0.644469
0.644469
0.644469
0.644469
0.644469
0.644469
0.644469
0.644469
0.644469
0.644469
0.442157
0.442157
0.442157
0.198232
0.198232
0.198232
0.198232
0.198232
0.198232
0.198232
0.198232
0.198232
0.198232
0.198232
0.198232
0.198232
0.198232
0.198232
0.198232
0.198232
0.198232
0.198232
0.198232
0.198232
0.198232
0.198232
0.198232
0.198232
0.198232
0.198232
0.198232
0.198232
0.198232
0.198232
0.198232
0.198232
0.198232
0.198232
0.894034
0.894034
0.894034
0.894034
0.894034
0.894034
1.0764
1.0764
1.0764
1.0764
1.0764
1.0764
1.0764
1.0764
1.0764
1.0764
1.0764
1.0764
1.0764
1.0764
1.83587
1.83587
1.36547
1.36547
1.74231
1.74231
1.74231
1.74231
1.74231
1.74231
1.74231
1.74231
1.91724
2.53752
2.53752
2.53752
2.49116
2.49116
2.49116
1.23109
1.23109
1.23109
1.23109
1.23109
1.23109
1.25399
1.25399
1.25399
1.25399
1.25399
1.25399
1.25399
1.25399
1.25399
1.25399
1.25399
1.25399
1.25399
1.25399
1.49817
1.29929
1.29929
1.29929
2.69479
3.5177
3.5177
3.62009
3.62009
2.25779
2.25779
2.25779
2.92763
2.92763
2.92763
2.92763
2.92763
2.80372
2.80372
3.34757
2.40974
2.40974
1.10817
1.10817
1.10817
1.10817
1.10817
1.10817
1.10817
1.10817
1.10817
1.08555
1.08555
1.08555
1.08555
1.08555
1.08555
1.08555
1.08555
2.22732
2.22732
2.22732
2.22732
1.17612
0.494813
0.494813
0.494813
1.73912
1.73912
0.82048
0.82048
0.82048
0.82048
0.82048
0.82048
0.82048
0.82048
0.82048
0.82048
0.82048
0.82048
0.82048
0.82048
0.82048
0.82048
0.82048
0.82048
0.82048
0.82048
0.82048
0.82048
1.8599
2.31226
2.31226
1.79026
1.79135
1.79135
1.62256
1.62256
1.62256
1.69448
1.69448
1.15007
1.15007
1.15007
1.15007
1.15007
1.15007
1.15007
1.15007
1.15007
1.15007
1.15007
1.15007
1.15007
2.09664
2.09664
2.09664
2.09664
1.32165
1.32165
1.52677
1.52677
1.52677
1.66294
1.66294
1.66294
1.66294
1.66294
1.66294
1.66294
1.66294
2.30111
1.4027
2.79881
2.79881
2.79881
2.79881
2.79881
2.79881
2.79881
2.79881
2.79881
2.79881
2.56119
2.56119
2.80953
2.75063
2.75063
2.75063
2.75063
1.06671
1.06671
1.06671
1.44804
1.44804
1.44804
1.44804
1.44804
1.44804
1.44804
1.09017
1.09017
2.78948
2.78948
1.42581
1.42581
1.42581
1.77175
1.77175
1.77175
1.77175
1.77175
1.19125
1.19125
2.71363
2.71363
2.71363
2.71363
2.71363
2.71363
1.98551
1.98551
0.870227
0.870227
0.870227
0.870227
0.870227
0.870227
0.870227
0.870227
0.870227
0.870227
0.870227
0.870227
0.870227
0.870227
0.870227
0.870227
0.870227
0.870227
0.870227
1.8941
1.8941
1.8941
1.8941
1.8941
1.8941
1.8941
1.8941
1.8941
1.69151
1.69151
2.80935
1.82916
1.30416
1.30416
1.30416
1.30416
1.30416
1.30416
1.30416
1.30416
1.30416
1.30416
1.30416
1.30416
1.30416
1.30416
1.30416
1.30416
1.30416
1.30416
1.30416
1.30416
2.55404
2.55404
2.35934
2.35934
2.35934
2.35934
2.35934
2.35934
2.35934
0.858431
0.858431
0.858431
0.858431
0.858431
0.858431
0.858431
0.858431
0.858431
0.858431
0.858431
0.858431
0.858431
0.858431
0.858431
0.858431
0.858431
0.858431
0.858431
0.858431
0.858431
0.858431
2.89631
2.89631
2.89631
2.89631
2.89631
1.64681
1.64681
1.64681
1.64681
1.64681
1.64681
1.64681
1.64681
2.73146
0.734487
0.734487
0.734487
0.734487
0.734487
0.734487
0.734487
0.734487
0.734487
0.734487
0.734487
0.734487
0.734487
0.734487
0.734487
0.734487
0.734487
0.734487
0.734487
0.734487
0.734487
0.734487
0.734487
0.734487
0.734487
0.734487
0.734487
0.734487
0.734487
0.734487
0.734487
0.734487
0.734487
0.734487
0.3561
0.3561
0.3561
0.3561
0.3561
0.3561
0.3561
0.3561
0.3561
0.3561
0.3561
1.64679
1.64679
1.64679
1.64679
1.64679
1.64679
1.64679
1.64679
1.64679
1.64679
1.92942
1.92942
1.92942
1.92942
1.92942
1.92942
1.92942
1.92942
2.71236
1.24982
1.24982
1.24982
1.6232
1.76675
1.76675
1.76675
1.76675
1.76675
1.76675
1.84789
1.84789
1.84789
1.84789
1.84789
1.84789
1.21243
1.21243
1.21243
1.21243
1.21243
1.21243
1.21243
1.21243
2.15019
2.49599
2.49599
2.44324
2.44324
2.44324
2.44324
3.26325
2.15424
2.15424
2.23544
1.39623
1.39623
1.0108
1.0108
1.0108
1.0108
1.0108
1.0108
1.0108
1.0108
1.0108
1.82526
1.82526
1.82526
1.82526
1.82526
1.82526
1.82526
1.94912
1.94912
1.16689
1.16689
1.16689
1.16689
1.16689
1.16689
1.16689
1.77302
1.77302
1.77302
1.77302
1.77302
1.77302
2.68007
2.68007
2.68007
2.93178
2.93178
2.25932
2.25932
2.25932
2.25932
2.2519
1.80262
2.58331
2.58331
2.58331
2.58331
3.7455
3.7455
3.7455
3.7455
3.18663
3.18663
3.18663
1.664
1.664
1.664
1.98871
1.98871
1.98871
1.98871
1.45979
1.45979
1.45979
1.45979
1.45979
1.32174
1.93865
1.93865
1.93865
1.93865
1.93865
1.93865
1.93865
1.93865
1.93865
1.93865
1.93865
1.93865
1.93865
2.16268
2.16268
1.72226
1.72226
1.72226
1.72226
1.72226
1.72226
1.72226
1.72226
1.72226
2.39987
1.41321
1.41321
1.57899
1.57899
1.57899
1.57899
1.57899
1.57899
1.57899
1.57899
1.57899
2.26149
2.26149
2.26149
2.26149
2.26149
2.26149
2.26149
2.26149
2.26149
2.26149
2.26149
1.34613
1.34613
1.34613
1.34613
1.34613
1.8685
1.8685
1.8685
1.8685
1.8685
1.8685
1.8685
1.8685
1.8685
1.5127
1.5127
1.5127
1.5127
1.5127
1.68929
1.68929
1.68929
1.08037
2.69235
2.69235
1.00279
1.00279
1.00279
1.00279
1.00279
1.00279
1.00279
1.47591
1.10088
1.10088
1.10088
1.28896
1.28896
1.28896
1.28896
1.28896
1.28896
1.28896
1.28896
1.28896
1.28896
1.28896
0.985732
0.985732
0.985732
0.985732
0.985732
0.985732
0.985732
0.985732
0.985732
0.985732
0.985732
0.985732
2.73677
2.73677
2.19312
3.09923
3.00532
3.00532
3.00532
1.68555
1.66669
1.66669
1.66669
1.66669
1.79352
3.09732
3.09732
3.09732
3.09732
2.90025
2.90025
1.92691
1.92691
1.92691
1.0835
1.0835
1.0835
1.0835
1.0835
1.0835
1.77577
1.77577
1.77577
1.77577
2.42561
2.42561
2.42561
1.93775
1.93775
2.05887
2.05887
1.9902
1.9902
1.57486
1.57486
1.57486
1.57486
2.68543
2.68543
3.23228
3.23228
3.58376
2.49859
1.42233
1.42233
1.42233
1.42233
1.42233
2.13665
2.13665
2.13665
2.13665
2.13665
2.13665
2.17014
1.97544
1.97544
2.60332
2.55645
2.55645
2.83327
2.83327
1.65928
1.65928
1.65928
1.65928
2.06872
2.06872
2.06872
2.06872
2.35543
1.13895
1.13895
1.13895
1.13895
1.13895
1.13895
1.13895
1.13895
1.13895
1.13895
1.13895
1.13895
1.13895
1.16923
1.16923
1.16923
1.16923
1.16923
1.16923
1.16923
1.16923
1.16923
1.16923
1.16923
1.16923
1.16923
1.16923
1.16923
1.16923
1.16923
1.16923
1.16923
1.16923
1.16923
1.16923
1.16923
3.21955
3.21955
3.21955
3.21955
3.21955
3.21955
3.16093
3.16093
2.6015
4.61226
4.61226
5.05223
5.05223
5.4943
3.87653
4.50847
4.50847
4.50847
5.83626
5.83626
5.83626
5.83626
5.83626
5.83626
5.83626
5.83626
5.48084
3.7787
3.7787
3.40565
3.40565
4.58641
3.01073
3.01073
3.01073
2.67338
2.67338
2.43797
2.43797
2.43797
2.4041
1.20409
1.20409
1.20409
1.20409
1.20409
1.20409
1.33036
1.33036
1.33036
1.33036
1.33036
1.33036
1.33036
2.05591
3.39979
3.39979
3.39979
3.39979
3.39979
2.26985
2.26985
2.26985
2.26985
2.3007
2.3007
2.3007
2.3007
2.3007
2.3007
2.3007
2.3007
3.41301
3.41301
3.41301
3.41301
1.37095
1.37095
1.37095
1.37095
1.37095
1.37095
1.37095
1.37095
1.37095
1.28066
1.28066
1.28066
1.28066
1.28066
1.28066
1.28066
