46.9213
40.3903
40.3903
37.3363
37.3363
35.9575
27.3647
27.3647
27.3647
21.1532
20.8396
20.8396
20.8396
12.5825
12.5825
13.2781
12.8316
12.8316
12.8316
12.8316
12.8316
12.8316
5.62132
5.62132
5.62132
4.02189
4.02189
4.02189
4.02189
4.02189
4.02189
4.02189
4.02189
4.02189
4.02189
4.02189
4.02189
4.02189
4.02189
4.02189
4.02189
4.02189
4.02189
4.02189
4.02189
4.02189
4.02189
4.02189
4.02189
7.13117
7.13117
7.13117
2.53544
2.53544
2.53544
2.53544
2.53544
2.53544
2.53544
2.53544
2.53544
2.53544
2.53544
2.53544
2.53544
2.53544
2.53544
2.53544
6.01574
6.01574
6.01574
1.72375
6.74226
4.89085
4.89085
6.92727
6.92727
6.92727
6.92727
1.15634
1.15634
1.15634
1.15634
1.15634
1.15634
5.21988
4.17252
4.17252
4.17252
4.17252
4.17252
4.17252
4.17252
4.17252
4.17252
4.17252
4.17252
4.17252
4.17252
4.17252
4.17252
4.17252
4.17252
4.17252
4.17252
4.17252
4.17252
4.17252
4.17252
4.17252
4.17252
4.17252
4.17252
4.17252
7.84315
7.84315
4.84022
7.85548
7.85548
7.85548
9.32312
11.7316
9.55335
9.55335
9.55335
9.55335
9.55335
9.55335
9.55335
5.23039
5.23039
5.23039
5.23039
5.23039
5.23039
5.23039
5.23039
5.23039
5.23039
5.23039
5.23039
1.5959
1.5959
1.5959
1.5959
1.5959
1.5959
1.5959
1.5959
1.5959
1.5959
1.5959
1.5959
3.77608
3.77608
3.77608
3.77608
3.77608
3.77608
3.77608
3.77608
3.77608
3.77608
3.77608
3.77608
3.77608
3.77608
3.77608
3.77608
3.77608
3.77608
3.77608
3.77608
8.82942
8.82942
7.68432
7.68432
7.68432
7.68432
7.68432
7.68432
7.68432
7.68432
11.1655
11.1655
11.7954
11.7954
10.9591
10.9591
8.99239
8.99239
7.79415
7.79415
7.79415
7.79415
7.79415
2.55455
2.55455
2.55455
2.55455
2.55455
2.55455
2.55455
6.20355
6.20355
6.20355
6.20355
4.71105
4.71105
4.71105
4.71105
4.71105
4.71105
4.71105
4.71105
4.71105
4.71105
4.71105
4.71105
4.71105
4.71105
1.54672
1.54672
1.54672
1.54672
1.54672
1.54672
1.54672
1.54672
1.54672
1.54672
1.54672
1.54672
1.54672
1.54672
1.54672
1.54672
1.54672
1.54672
1.54672
1.54672
1.54672
1.54672
1.54672
1.54672
1.54672
1.54672
1.54672
1.54672
5.8752
5.8752
5.8752
5.8752
5.8752
5.8752
5.8752
5.8752
5.8752
5.8752
5.8752
5.8752
5.8752
5.8752
5.8752
5.8752
5.8752
5.8752
5.8752
5.8752
4.17514
4.17514
4.17514
4.17514
4.17514
4.17514
4.17514
4.17514
4.17514
4.17514
4.17514
4.17514
5.36516
5.36516
5.36516
9.95864
9.95864
9.95864
9.95864
9.95864
4.13189
4.13189
4.13189
8.36563
8.36563
9.76735
9.76735
9.76735
9.76735
9.76735
9.76735
9.76735
9.76735
8.31521
3.91836
3.91836
3.91836
3.91836
3.91836
3.91836
3.91836
3.91836
3.91836
3.91836
3.91836
3.91836
3.91836
3.91836
3.91836
3.91836
3.91836
3.91836
3.91836
3.91836
3.91836
3.91836
3.91836
3.91836
3.91836
3.91836
3.91836
3.91836
3.91836
3.91836
3.91836
3.91836
3.91836
3.91836
3.91836
3.91836
3.91836
3.91836
3.91836
3.91836
3.91836
3.91836
3.91836
3.91836
3.91836
3.91836
3.91836
3.91836
3.91836
3.91836
3.91836
3.91836
3.91836
3.91836
3.91836
3.91836
3.91836
5.5076
5.5076
5.5076
5.5076
5.5076
5.5076
5.5076
4.95873
4.95873
5.21568
5.21568
5.21568
5.21568
5.21568
5.21568
5.21568
5.21568
5.21568
5.21568
7.52369
7.52369
7.52369
7.52369
7.52369
7.52369
6.76854
6.76854
6.76854
6.76854
6.76854
6.76854
6.76854
6.76854
6.76854
6.76854
6.76854
6.76854
9.28928
9.28928
9.28928
9.28928
9.28928
7.66779
7.66779
2.97242
2.97242
2.97242
2.97242
2.97242
2.97242
2.97242
2.97242
2.97242
2.97242
2.97242
2.97242
2.78955
2.78955
2.78955
2.78955
2.78955
2.78955
2.78955
2.78955
2.78955
2.78955
2.78955
2.78955
2.78955
2.78955
2.78955
2.78955
2.78955
2.78955
2.78955
2.78955
2.78955
2.78955
2.78955
2.78955
2.78955
2.78955
2.78955
2.78955
2.78955
2.78955
2.78955
2.78955
2.78955
2.78955
2.88964
2.88964
2.88964
2.88964
2.88964
2.88964
2.88964
2.88964
2.88964
2.88964
2.88964
2.88964
2.88964
2.88964
2.88964
2.88964
2.88964
2.88964
2.88964
2.88964
2.34154
2.34154
2.34154
2.34154
2.34154
2.34154
2.34154
2.34154
2.34154
2.34154
2.34154
2.34154
2.34154
2.34154
2.34154
2.34154
2.34154
2.34154
2.34154
3.85744
3.85744
3.85744
3.85744
3.85744
3.85744
3.85744
3.85744
3.85744
3.85744
3.85744
3.85744
3.85744
8.51258
8.51258
8.51258
8.51258
8.51258
8.51258
8.51258
8.51258
8.51258
8.51258
8.51258
8.51258
8.51258
3.66265
3.66265
3.66265
3.66265
3.66265
3.66265
3.66265
4.49157
4.49157
4.71796
4.71796
4.71796
4.71796
4.4302
4.4302
4.4302
4.4302
4.4302
4.4302
4.4302
4.4302
4.4302
4.4302
4.4302
4.4302
4.4302
4.4302
4.4302
3.4065
3.4065
3.4065
3.4065
3.4065
3.4065
3.4065
3.4065
3.4065
3.4065
3.4065
3.4065
3.4065
3.4065
3.4065
3.4065
3.4065
3.4065
3.4065
3.4065
3.4065
3.4065
3.4065
3.4065
3.4065
3.4065
3.4065
3.4065
3.4065
3.4065
3.4065
3.4065
3.4065
3.4065
3.4065
3.4065
3.4065
3.4065
4.52377
4.52377
2.608
2.608
2.608
2.608
2.608
2.608
2.608
2.608
2.608
2.608
2.608
2.608
2.608
2.608
2.608
1.601
1.601
1.601
1.601
1.601
1.601
1.601
1.601
1.601
1.601
1.601
1.601
1.601
1.601
1.601
1.601
1.601
4.03131
4.03131
4.03131
4.03131
4.03131
4.03131
4.03131
4.03131
4.03131
4.03131
4.03131
4.03131
4.03131
4.03131
3.57654
3.57654
3.11039
3.11039
3.11039
3.11039
3.11039
2.13334
2.13334
4.49733
4.49733
4.49733
4.49733
4.49733
4.49733
4.49733
4.49733
5.68793
5.68793
5.68793
5.46525
5.46525
5.46525
5.46525
5.46525
5.46525
4.19177
4.19177
4.19177
7.81259
7.81259
7.81259
7.81259
7.81259
7.81259
7.81259
7.81259
7.81259
7.81259
7.81259
7.81259
7.81259
3.48845
3.48845
3.48845
3.48845
3.48845
3.48845
3.48845
3.48845
3.48845
3.48845
3.48845
3.48845
3.48845
7.13326
7.13326
7.13326
7.13326
7.13326
7.13326
7.13326
7.13326
7.13326
7.13326
7.13326
7.13326
7.13326
7.13326
7.13326
7.13326
7.13326
7.13326
7.13326
7.13326
7.13326
7.13326
7.13326
7.13326
7.13326
7.13326
7.13326
7.13326
7.13326
7.13326
7.13326
7.13326
2.91465
2.91465
2.91465
2.91465
2.91465
2.91465
2.91465
2.91465
2.91465
2.91465
2.91465
2.91465
2.91465
2.91465
7.63844
7.63844
7.63844
7.63844
7.63844
7.63844
3.3704
3.3704
3.3704
3.3704
3.3704
3.3704
3.3704
3.3704
3.3704
3.3704
3.3704
3.3704
3.3704
3.3704
3.3704
3.3704
3.3704
3.3704
3.3704
3.3704
3.3704
3.3704
3.3704
3.3704
3.3704
3.3704
3.3704
3.3704
3.3704
3.3704
3.3704
3.3704
3.3704
3.3704
3.3704
3.3704
3.3704
3.3704
3.3704
3.3704
3.3704
3.3704
3.3704
3.3704
3.3704
3.3704
3.3704
3.3704
3.3704
3.3704
3.3704
3.3704
3.3704
3.3704
3.3704
3.3704
3.3704
3.3704
3.3704
3.3704
3.3704
3.3704
3.3704
3.3704
3.3704
3.3704
3.3704
3.3704
3.3704
3.3704
3.3704
3.3704
3.3704
3.3704
3.3704
3.3704
3.3704
3.3704
3.3704
3.3704
3.3704
3.3704
3.3704
3.3704
3.3704
6.55967
6.55967
6.55967
6.55967
6.55967
6.55967
6.55967
6.55967
6.55967
6.55967
6.55967
6.55967
6.55967
6.55967
6.55967
6.55967
6.55967
6.55967
6.55967
6.55967
6.55967
6.55967
6.55967
6.55967
6.55967
6.55967
6.55967
6.55967
6.55967
6.55967
6.55967
6.55967
3.74245
3.74245
3.74245
3.74245
3.74245
5.6795
5.6795
7.98221
7.98221
7.98221
7.98221
7.98221
7.98221
7.98221
7.98221
7.98221
8.1847
6.26984
6.26984
6.26984
6.26984
6.26984
6.26984
6.26984
6.26984
6.26984
6.26984
6.26984
6.26984
6.26984
6.26984
6.26984
6.26984
6.26984
6.26984
6.26984
6.26984
6.26984
6.26984
6.26984
6.26984
6.26984
6.26984
6.26984
12.1867
9.66748
9.66748
9.66748
9.66748
10.2677
10.2677
10.2677
10.2677
10.2677
5.02872
5.02872
5.02872
5.02872
5.02872
5.02872
8.20513
8.20513
8.20513
8.20513
8.20513
8.20513
8.20513
8.20513
8.20513
8.20513
8.20513
8.20513
8.20513
8.20513
8.20513
8.47121
8.47121
5.18479
5.18479
5.18479
5.18479
5.18479
5.18479
5.18479
5.18479
5.18479
5.18479
6.84053
6.84053
6.84053
6.84053
6.84053
6.84053
6.84053
6.84053
6.84053
6.38623
6.38623
5.35962
5.35962
5.35962
4.76831
2.34172
2.34172
2.34172
2.34172
2.34172
2.34172
2.34172
2.34172
2.34172
2.34172
2.34172
2.34172
2.34172
2.34172
2.34172
2.34172
4.27248
4.27248
4.27248
5.02241
5.02241
5.79573
5.79573
5.79573
5.79573
5.79573
5.79573
5.79573
5.79573
5.79573
5.79573
5.79573
2.94763
2.94763
2.94763
2.94763
2.94763
2.94763
2.94763
2.94763
2.94763
2.94763
2.94763
2.94763
2.94763
