13.1151
13.1151
13.1936
11.1935
11.1279
11.1502
10.4413
10.7113
10.7113
10.7113
10.7113
10.7426
9.52189
9.52189
9.52189
9.52189
10.0651
10.0651
10.7367
10.7367
10.7395
10.7593
7.28562
7.28562
6.1601
4.00609
2.77738
1.86947
1.86947
1.86947
1.86947
1.86947
1.86947
1.86947
1.86947
1.86947
1.13031
1.13031
1.13031
1.13031
1.13031
1.13031
1.13031
1.13031
1.13031
1.13031
1.13031
1.13031
1.13031
1.13031
1.13031
0.76858
0.76858
0.263581
0.263581
0.263581
0.263581
0.263581
0.263581
0.263581
0.263581
0.263581
0.263581
0.263581
0.263581
0.263581
0.263581
0.263581
0.263581
0.263581
0.263581
0.263581
0.263581
0.263581
0.263581
0.263581
0.263581
0.263581
0.263581
0.263581
0.263581
0.263581
0.263581
0.263581
0.263581
1.78777
1.78777
1.78777
1.78777
1.78777
1.78777
1.64088
1.64088
3.35596
3.35596
1.6446
1.6446
1.6446
1.6446
1.6446
1.6446
1.6446
1.6446
1.6446
1.6446
1.82957
1.8818
1.8818
1.8818
1.8818
1.8818
1.8818
1.8818
1.8818
1.8818
1.8818
1.8818
0.980048
0.980048
0.980048
0.980048
0.980048
0.980048
0.980048
0.980048
0.980048
0.980048
0.980048
0.980048
0.980048
0.980048
0.980048
0.980048
0.980048
0.980048
0.980048
0.980048
0.980048
0.980048
0.980048
0.980048
0.980048
0.980048
2.09521
2.09521
2.09521
2.09521
2.09521
2.09521
2.09521
2.09521
3.06917
3.06917
2.57356
2.57356
2.57356
2.57356
2.57356
2.57356
2.57356
2.82309
2.82309
2.82309
3.6447
3.6447
3.6447
3.6447
3.98318
4.08867
4.08867
3.22286
3.22286
3.16793
3.16793
2.60517
2.60517
2.37319
2.7632
3.29046
3.29046
3.29046
3.29046
3.29046
3.63895
3.63895
3.63895
3.63895
3.63895
2.12433
2.12433
2.12433
2.12433
2.12433
2.12433
2.57837
2.57837
2.57837
2.57837
2.57837
2.57837
2.57837
2.57837
2.57837
2.57837
1.91387
1.91387
1.91387
1.91387
1.65406
1.46572
1.66786
1.66786
1.66786
1.66786
1.66786
1.66786
1.66786
1.66786
1.66786
2.04195
2.04195
2.04195
2.04195
2.04195
2.04195
2.04195
2.04195
2.04195
2.04195
2.04195
2.04195
1.11766
1.11766
1.11766
1.11766
1.11766
2.18792
3.00923
3.00923
3.00923
3.67837
2.97146
2.97146
2.97146
2.11247
2.11247
2.11247
2.11247
2.11247
2.11247
2.11247
2.11247
2.11247
2.11247
2.11247
1.78735
1.78735
1.78735
1.78735
1.78735
1.78735
1.78735
1.76184
1.76184
1.76184
1.76184
1.76184
1.76184
3.35117
3.35117
3.35117
2.60942
1.42206
1.42206
1.42206
1.42206
1.42206
1.42206
1.42206
1.33219
1.41041
1.41041
1.41041
1.41041
1.41041
1.08144
1.08144
1.08144
1.08144
1.08144
1.08144
1.08144
1.08144
1.08144
1.08144
1.08144
1.08144
1.08144
1.08144
1.08144
1.08144
1.08144
1.08144
1.08144
1.08144
1.08144
1.08144
1.08144
1.08144
1.08144
1.08144
1.37339
1.37339
1.37339
2.21914
2.21914
2.21914
2.21914
2.21914
2.21914
2.21914
1.77892
1.77892
1.77892
2.70169
2.70169
2.43715
2.43715
2.43715
2.43715
2.43715
2.43715
2.43715
2.43715
2.43715
2.43715
2.43715
2.43715
1.34707
1.34707
1.34707
1.34707
1.34707
1.34707
1.34707
1.34707
1.34707
1.11079
1.11079
1.11079
1.11079
1.11079
1.11079
1.11079
1.11079
1.11079
1.11079
1.11079
1.11079
1.11079
1.11079
1.11079
1.11079
1.11079
1.11079
1.11079
1.11079
0.929658
0.929658
0.929658
0.929658
0.929658
0.929658
0.929658
0.929658
1.07532
1.07532
1.07532
1.04546
1.04546
0.448706
0.448706
0.448706
0.448706
0.448706
0.448706
0.448706
0.448706
0.448706
0.448706
0.448706
0.524051
0.524051
0.524051
0.524051
0.524051
0.524051
0.524051
0.524051
0.524051
1.537
1.537
1.537
1.537
1.537
1.537
1.537
1.537
1.9571
1.9571
1.9571
1.9571
1.19559
1.19559
1.19559
1.19559
1.19559
1.19559
1.19559
1.19559
1.19559
1.19559
1.09138
1.09138
1.09138
3.46502
3.46502
3.21565
1.94143
0.990926
0.990926
0.990926
0.990926
0.990926
0.990926
0.990926
0.990926
0.990926
0.990926
0.990926
0.990926
0.990926
0.990926
0.990926
0.990926
0.990926
0.990926
0.990926
0.990926
0.990926
0.990926
0.990926
1.80909
1.80909
1.80909
1.80909
1.80909
1.29628
1.74433
1.74433
1.74433
1.74433
1.74433
1.74433
1.74433
1.74433
1.74433
1.74433
1.52864
1.52864
1.52864
1.52864
1.52864
1.52864
1.52864
1.52864
1.52864
1.52864
1.52864
2.05576
2.05576
2.05576
2.05576
2.61652
2.61652
2.61652
2.44703
2.44703
2.44703
2.44703
2.44703
2.3091
2.3091
1.89552
2.38946
2.38946
2.38946
1.23637
1.23637
1.23637
1.63834
1.63834
1.63834
1.63834
1.63834
1.63834
1.63834
1.63834
1.23868
1.23868
1.23868
1.23868
1.23868
1.23868
1.71305
1.71305
1.8108
1.8108
1.08001
1.08001
1.08001
1.08001
1.08001
1.08001
1.08001
1.08001
1.08001
1.08001
1.08001
1.20199
1.20199
1.20199
1.20199
1.20199
1.20199
2.02094
2.02094
2.02094
1.72391
1.72391
1.72391
1.72391
1.72391
1.72391
1.72391
1.72391
1.72391
1.72391
1.72391
1.72391
1.72391
1.72391
1.72391
1.57389
1.57389
1.57389
0.970159
0.970159
0.970159
0.970159
1.01485
1.01485
1.01485
1.01485
1.01485
1.01485
1.01485
1.01485
1.01485
1.01485
1.11289
1.11289
1.87236
1.87236
1.87236
1.87236
1.45899
1.45899
2.26861
2.26861
2.26861
1.13441
1.13441
1.13441
1.13441
1.13441
1.13441
1.13441
1.13441
1.13441
1.13441
1.13441
1.13441
1.13441
1.13441
1.13441
1.13441
1.12517
1.12517
1.12517
1.12517
1.12517
1.12517
1.12517
1.12517
1.12517
1.12517
1.81984
1.81984
1.81984
2.35245
1.68665
0.924434
0.924434
0.924434
2.33086
2.33086
2.33086
2.56828
2.56828
2.56828
2.56828
2.56828
2.56828
1.6826
1.6826
1.6826
1.6826
1.6826
1.6826
0.97192
0.97192
0.97192
0.97192
0.97192
0.97192
0.97192
1.97012
1.97012
1.97012
1.97012
1.97012
2.38215
2.38215
3.26191
3.26191
3.26191
2.81112
2.81112
1.48653
1.48653
1.48653
2.87559
3.16054
3.20749
3.01776
3.01776
3.27623
3.42205
3.42205
1.83278
1.83278
1.83278
1.83278
1.83278
2.77833
2.77833
2.6853
2.6853
2.6853
2.57663
2.57663
2.19474
2.19474
1.29108
1.29108
1.2223
1.2223
1.2223
1.2223
2.13179
2.13179
2.13179
1.71935
2.14594
2.14594
2.01878
2.01878
2.01878
2.01878
2.01878
1.7734
1.78958
1.71558
1.00364
1.00364
2.42272
2.42272
2.42272
2.21036
2.54689
2.54689
2.26744
1.92219
1.92219
1.92219
1.92219
1.92219
1.92219
1.92219
1.92219
1.92219
1.92219
1.92219
1.92219
1.92219
1.92219
1.92219
1.92219
1.92219
1.92219
2.04604
2.04604
2.04604
2.21835
3.60585
2.70608
1.72891
1.72891
1.72891
1.72891
1.60199
1.60199
1.60199
1.60199
1.60199
1.60199
1.60199
1.60199
1.60199
1.60199
1.60199
1.60199
1.60199
1.60199
1.60199
1.60199
2.42054
2.60022
2.60022
2.13063
2.13063
2.13063
2.13063
2.13063
2.8581
2.8581
2.8581
2.88258
2.88258
2.88258
2.88258
3.92478
0.473399
0.473399
0.209546
0.209546
0.209546
0.209546
0.209546
0.209546
0.209546
0.209546
0.209546
0.209546
0.209546
0.209546
0.209546
0.209546
0.209546
0.209546
0.209546
0.209546
0.209546
0.209546
0.209546
0.209546
0.209546
0.209546
0.209546
0.209546
0.209546
0.209546
0.209546
0.209546
0.209546
1.82825
1.82825
1.82825
1.82825
1.82825
1.82825
1.82825
0.930865
0.844754
0.844754
0.844754
0.844754
0.844754
0.844754
0.844754
0.844754
0.844754
0.844754
0.844754
0.844754
0.844754
0.844754
0.844754
0.844754
0.844754
0.844754
0.844754
0.844754
0.844754
0.844754
0.950544
0.950544
0.950544
0.975735
0.975735
0.975735
0.975735
0.975735
0.975735
0.975735
1.2957
1.2957
2.46026
2.46026
2.26465
2.26465
2.26465
2.26465
2.41721
2.41721
2.41721
2.41721
2.41721
2.41721
2.41721
2.41721
2.41721
2.41721
1.79552
1.79552
1.79552
1.79552
1.79552
1.79552
1.79552
1.79552
1.79552
1.79552
1.81018
1.82996
1.82996
1.82996
1.82996
1.82996
0.702783
0.702783
0.702783
0.702783
0.702783
0.702783
0.702783
0.702783
0.702783
0.702783
0.702783
0.702783
0.702783
0.702783
0.702783
0.702783
0.702783
0.702783
0.702783
0.702783
0.702783
0.702783
0.702783
0.702783
0.702783
0.702783
0.702783
0.702783
0.702783
0.702783
0.702783
0.702783
0.702783
0.702783
0.702783
0.702783
0.702783
1.31639
1.31639
1.31639
1.31639
1.31639
1.31639
1.31639
1.31639
1.31639
1.31639
1.31639
1.31639
1.31639
0.649903
0.649903
0.649903
0.649903
0.649903
0.649903
0.649903
0.649903
0.649903
0.649903
0.649903
0.649903
0.649903
0.649903
0.649903
0.649903
0.649903
0.649903
0.649903
0.649903
0.649903
0.649903
0.649903
0.649903
1.01751
1.01751
1.01751
1.01751
1.01751
1.01751
1.01751
1.01751
1.01751
1.47646
1.699
1.699
1.699
1.699
1.06086
1.06086
1.06086
1.06086
1.06086
1.06086
1.06086
1.06086
1.06086
1.06086
1.06086
1.06086
1.06086
1.06086
1.06086
1.06086
1.06086
1.06086
1.08773
1.08773
1.08773
0.576422
0.576422
0.576422
0.576422
0.576422
0.576422
1.39152
1.39152
1.39152
1.39152
1.39152
1.39152
1.39152
1.55908
1.55908
1.55908
1.55908
1.72883
1.32773
1.32773
1.32773
