47.6032
47.6032
45.2723
45.2723
45.2723
45.5377
45.5377
45.5377
44.2672
44.2672
44.7225
45.7518
45.7518
45.3693
43.0723
37.9968
37.9968
35.0338
35.0338
29.8455
29.8455
29.8455
22.8786
22.8786
19.9622
19.9622
19.9622
17.1885
17.1885
17.1885
13.6859
13.6859
13.6859
13.6859
5.07451
5.07451
4.16116
2.81606
2.81606
2.81606
2.81606
2.81606
2.81606
2.81606
2.81606
2.81606
2.81606
2.81606
2.81606
6.08801
6.08801
3.85348
3.85348
3.35646
3.35646
3.35646
3.35646
4.31914
2.47315
2.47315
1.04885
1.04885
1.04885
1.04885
1.04885
1.04885
1.04885
1.04885
1.04885
1.72944
1.72944
1.72944
1.72944
1.4973
1.4973
1.4973
1.4973
1.4973
1.4973
1.4973
1.4973
1.4973
1.4973
1.4973
1.4973
1.4973
1.4973
1.4973
1.4973
1.4973
1.4973
1.4973
1.4973
1.4973
1.4973
1.4973
1.4973
1.4973
1.4973
1.4973
1.4973
1.4973
1.4973
1.4973
1.4973
1.4973
1.4973
1.4973
1.4973
1.4973
1.4973
1.4973
1.4973
1.4973
1.4973
3.8399
3.8399
3.8399
3.8399
3.8399
3.8399
3.8399
3.8399
3.8399
3.8399
3.8399
3.8399
3.8399
3.8399
3.8399
3.8399
3.8399
5.12546
4.47285
6.59531
5.91909
5.91909
5.91909
5.91909
5.91909
5.91909
5.91909
5.91909
5.91909
5.91909
2.38876
2.38876
2.38876
2.38876
3.7376
3.7376
3.7376
3.7376
3.7376
3.7376
3.7376
3.7376
3.7376
2.74941
2.74941
2.74941
2.74941
2.74941
2.74941
2.74941
2.74941
2.74941
2.74941
4.38994
4.38994
4.55585
4.55585
4.55585
4.55585
1.27983
3.71674
3.71674
3.71674
3.71674
3.71674
3.71674
3.71674
3.71674
3.79181
3.79181
3.79181
3.79181
3.79181
2.59088
4.54506
4.54506
4.54506
4.54506
4.54506
4.54506
4.01846
1.36142
1.36142
1.36142
1.36142
1.36142
1.36142
1.36142
1.36142
1.36142
1.36142
3.90944
3.90944
3.90944
3.90944
5.88353
10.5548
10.5548
10.5548
10.5548
8.31327
7.54447
7.54447
7.54447
7.86001
7.86001
7.86001
7.86001
9.03612
8.43816
8.43816
8.43816
8.43816
8.43816
8.43816
8.43816
8.43816
8.43816
8.43816
10.6846
10.6846
11.1228
5.20597
5.20597
7.7698
7.7698
7.7698
5.57993
5.57993
5.57993
5.57993
5.36857
5.36857
5.36857
5.36857
1.15144
3.71533
3.71533
3.71533
3.71533
3.71533
3.71533
3.71533
3.71533
2.42565
2.42565
2.42565
2.42565
2.42565
2.42565
2.42565
2.42565
2.42565
2.42565
2.42565
2.42565
2.42565
2.42565
2.42565
2.42565
2.42565
2.42565
2.42565
2.42565
2.42565
2.42565
2.42565
2.42565
2.42565
2.42994
2.42994
2.42994
2.42994
2.42994
2.42994
2.42994
2.42994
2.42994
2.42994
2.42994
2.42994
2.89063
4.88884
3.46072
3.46072
6.68986
6.68986
6.63867
6.63867
6.63867
6.63867
8.13395
8.13395
8.7475
8.7475
8.7475
5.94499
5.94499
5.94499
5.94499
5.94499
5.94499
5.94499
3.93354
3.93354
3.93354
8.05313
8.05313
8.05313
6.11338
8.88101
8.88101
8.88101
8.88101
8.30257
6.4254
2.79197
2.79197
2.79197
5.10798
5.10798
5.10798
5.10392
5.10392
5.10392
5.10392
5.10392
1.94851
1.94851
1.94851
1.94851
1.94851
1.94851
1.94851
1.94851
1.94851
1.94851
1.94851
1.94851
1.94851
1.94851
1.94851
1.94851
1.28499
1.28499
1.28499
1.28499
1.28499
1.28499
4.21227
4.21227
4.3079
4.3079
4.3079
4.3079
4.3079
4.3079
4.3079
4.3079
4.3079
6.21081
6.21081
6.21081
6.21081
3.72067
4.4086
3.95791
7.37186
7.37186
6.28445
6.28445
5.48955
5.48955
3.67602
3.67602
3.67602
3.67602
3.67602
4.97886
3.51373
3.51373
3.51373
4.28486
4.28486
4.28486
2.06604
4.88341
4.88341
4.49276
9.11851
9.11851
9.11851
6.77814
6.77814
6.77814
6.77814
6.77814
6.77814
6.77814
6.77814
8.78033
5.23309
5.23309
6.25972
6.25972
6.25972
6.25972
6.25972
6.25972
6.25972
10.0169
10.0169
10.0169
11.9819
11.9819
8.91716
12.5174
12.5174
13.2281
13.2281
13.2281
13.0685
13.0685
13.0685
13.0685
10.674
9.46049
7.03073
7.03073
7.03073
4.01504
4.01504
4.01504
4.7127
4.86675
4.86675
5.06042
3.63702
4.38163
4.38163
4.38163
4.38163
4.38163
4.38163
4.38163
4.38163
4.38163
8.09192
4.1189
4.1189
5.22626
5.22626
5.22626
5.22626
5.22626
5.22626
5.22626
6.54337
6.54337
6.54337
6.54337
6.54337
5.51057
5.51057
7.34619
7.34619
7.34619
7.34619
7.34619
8.18245
8.18245
5.4569
5.4569
5.4569
5.4569
4.73408
4.73408
5.65829
5.65829
5.65829
3.00767
3.00767
3.00767
3.00767
3.00767
3.00767
3.00767
3.00767
3.00767
3.00767
3.00767
3.00767
3.00767
3.00767
3.00767
3.00767
3.00767
3.00767
3.00767
3.00767
3.00767
3.00767
3.00767
3.00767
3.00767
5.55768
5.55768
5.55768
5.55768
5.55768
5.55768
5.27066
5.27066
5.27066
5.27066
5.27066
5.27066
5.27066
5.27066
5.27066
3.95039
6.81165
6.81165
6.81165
6.81165
6.81165
6.81165
6.81165
6.81165
6.81165
7.26293
7.26293
5.36623
5.36623
5.36623
5.36623
5.36623
6.89651
6.99223
6.99223
6.99223
6.99223
4.73716
4.73716
5.41586
5.41586
9.45286
9.45286
7.9073
7.9073
7.9073
7.9073
5.06945
5.96724
4.78008
3.90518
3.90518
3.90518
4.37991
4.9586
4.9586
4.9586
5.81762
4.03098
4.03098
4.03098
4.03098
4.03098
4.03098
3.83112
3.83112
3.83112
3.83112
3.83112
3.83112
3.83112
3.83112
3.83112
3.83112
3.83112
3.83112
3.83112
3.83112
3.83112
3.83112
3.83112
3.83112
1.19365
1.19365
2.49508
2.49508
2.65976
2.65976
4.14844
4.14844
4.14844
4.88751
4.88751
7.88595
7.88595
5.55442
5.55442
5.55442
5.55442
5.55442
5.55442
5.55442
4.26786
4.26786
4.26786
4.26786
4.26786
4.26786
4.26786
4.26786
2.63473
2.63473
5.71022
5.71022
5.71022
5.71022
5.71022
5.71022
5.71022
5.71022
6.72246
6.72246
6.72246
6.72246
6.72246
6.72246
7.94237
7.94237
7.94237
7.94237
7.94237
7.94237
7.94237
7.94237
5.32063
5.32063
5.6646
5.6646
5.6646
5.61505
5.54167
5.54167
5.54167
8.28246
8.28246
4.95434
6.35972
6.35972
6.35972
6.00702
4.19262
5.39121
9.03541
9.03541
9.03541
4.30108
4.30108
4.30108
4.30108
4.30108
4.30108
4.30108
4.30108
3.47766
3.47766
3.47766
3.47766
3.47766
3.47766
3.47766
3.47766
3.47766
3.47766
3.47766
3.47766
3.47766
3.47766
3.47766
3.47766
3.47766
3.47766
2.84747
2.84747
2.84747
2.84747
2.84747
2.26479
2.26479
3.78464
3.78464
3.78464
3.06948
3.30961
6.48605
6.46067
6.46067
9.16158
9.16158
9.16158
9.16158
7.41929
7.41929
7.41929
7.41929
7.6541
7.6541
7.6541
7.6541
7.6541
6.68602
6.68602
6.68602
6.68602
6.68602
6.68602
6.68602
3.15443
3.15443
3.15443
5.29311
5.29311
5.29311
5.29311
8.81979
2.79896
2.79896
2.79896
4.9956
6.7076
3.36306
3.36306
3.36306
3.36306
5.08513
5.08513
4.39307
4.39307
4.39307
4.39307
4.39307
5.86896
3.64117
3.64117
6.55013
6.55013
3.37778
3.37778
3.37778
3.37778
3.37778
3.37778
3.37778
2.54527
3.66414
6.31276
6.31276
6.31276
6.31276
6.31276
6.31276
6.31276
6.31276
6.31276
6.31276
6.31276
4.86944
4.86944
6.65267
6.65267
6.65267
6.82745
4.22494
4.22494
4.22494
4.22494
4.22494
4.22494
4.22494
6.20985
6.20985
6.20985
6.20985
6.20985
6.20985
6.20985
6.20985
4.69996
4.69996
4.69996
4.69996
4.69996
4.69996
4.69996
3.87842
3.90278
3.90278
3.90278
3.90278
3.90278
3.90278
3.90278
3.90278
3.90278
3.90278
2.43553
7.58219
7.58219
7.58219
3.39866
4.27421
4.27421
4.27421
4.27421
4.27421
4.27421
4.27421
4.27421
4.27421
5.71622
4.93516
4.93516
4.93516
4.93516
4.93516
4.51201
4.51201
4.51201
4.51201
4.51201
4.51201
4.51201
4.51201
4.51201
4.51201
4.51201
4.51201
4.51201
4.51201
4.51201
4.51201
4.51201
3.99985
3.99985
3.99985
3.99985
3.99985
3.99985
3.99985
3.99985
3.99985
3.99985
3.99985
3.99985
3.99985
5.61691
5.61691
5.61691
5.61691
5.61691
5.61691
6.73498
6.73498
6.73498
3.20044
3.20044
3.20044
3.20044
2.54163
2.54163
2.54163
2.54163
2.54163
2.54163
2.54163
2.54163
2.54163
2.54163
2.54163
2.54163
2.54163
1.07256
1.07256
1.07256
1.07256
1.07256
2.40683
2.40683
2.40683
3.41187
3.41187
3.41187
3.41187
3.41187
3.41187
3.41187
3.41187
1.40858
1.40858
1.40858
1.40858
1.40858
1.40858
1.40858
1.40858
2.47261
2.47261
2.47261
2.47261
2.47261
2.47261
2.47261
2.47261
3.34139
5.72944
5.72944
5.72944
6.37768
6.37768
6.37768
6.37768
6.37768
5.63446
5.63446
2.29616
2.29616
8.88601
8.88601
6.63408
6.63408
4.98668
8.51221
8.51221
8.51221
9.59384
9.59384
9.59384
11.0367
11.0367
5.45325
6.18688
6.18688
6.18688
6.18688
6.18688
3.91086
3.91086
3.91086
3.91086
3.91086
3.91086
4.17255
7.35527
2.24083
2.24083
2.24083
2.24083
2.24083
2.24083
2.24083
2.24083
1.94019
1.94019
1.94019
1.94019
1.94019
1.94019
1.94019
1.94019
1.94019
1.94019
1.94019
1.94019
1.94019
1.94019
1.94019
1.94019
1.94019
3.18271
3.18271
3.18271
