1.79809
1.79652
1.79538
1.79467
1.79435
1.79443
1.79491
1.79579
1.79705
1.79862
1.80037
1.80214
1.80375
1.80499
1.80569
1.8057
1.80492
1.8033
1.80091
1.79795
1.79473
1.79173
1.78943
1.78826
1.7884
1.78976
1.792
1.79465
1.79727
1.79953
1.80126
1.80242
1.80309
1.8034
1.80353
1.8036
1.80373
1.80396
1.8043
1.80469
1.80507
1.80541
1.80567
1.80587
1.80605
1.8063
1.80668
1.80727
1.80808
1.80909
1.81022
1.81136
1.81237
1.81315
1.81358
1.8136
1.81322
1.81247
1.81145
1.81034
1.80931
1.80858
1.80834
1.80869
1.80967
1.81123
1.81322
1.81548
1.81782
1.82009
1.82217
1.82399
1.82551
1.82673
1.82765
1.82829
1.82871
1.82895
1.82905
1.8291
1.82913
1.82922
1.82939
1.82968
1.8301
1.83062
1.83125
1.83193
1.83264
1.83335
1.83403
1.83469
1.83532
1.83592
1.83652
1.83712
1.83775
1.83838
1.83899
1.83953
1.83994
1.84012
1.83999
1.83946
1.83848
1.83701
1.83506
1.83264
1.82983
1.82671
1.82345
1.82032
1.81767
1.81595
1.8155
1.81633
1.81775
1.81819
1.81551
1.80761
1.79365
1.7752
1.7568
1.74444
1.74221
1.7496
1.76207
1.77421
1.78271
1.78732
1.79009
1.7935
1.79884
1.80569
1.81254
1.81785
1.82069
1.82085
1.81869
1.81493
1.81048
1.80623
1.80296
1.80117
1.80106
1.80251
1.8052
1.80872
1.81262
1.81653
1.82017
1.82334
1.82595
1.82795
1.82937
1.83024
1.83061
1.83053
1.83004
1.82918
1.82795
1.82639
1.8245
1.82233
1.81993
1.81737
1.81476
1.81226
1.81001
1.80817
1.80687
1.8062
1.80619
1.80677
1.80782
1.80914
1.81048
1.81159
1.81222
1.81219
1.81137
1.8097
1.80724
1.80411
1.80052
1.79672
1.793
1.78966
1.78693
1.785
1.784
1.78397
1.78484
1.78649
1.78869
1.79118
1.79371
1.796
1.79788
1.7992
1.79991
1.80002
1.79958
1.79867
1.79741
1.7959
1.79426
1.79265
1.79124
1.79021
1.78972
1.78986
1.79059
1.79177
1.79312
1.79438
1.79527
1.79563
1.79542
1.79473
1.79374
1.7927
1.79185
1.7914
1.79144
1.792
1.79299
1.79432
1.79585
1.79751
1.79923
1.80097
1.80273
1.8045
1.80629
1.80808
1.80985
1.81158
1.81326
1.81486
1.81638
1.81782
1.81918
1.82046
1.82169
1.82287
1.82401
1.82514
1.82623
1.82731
1.82835
1.82936
1.83033
1.83124
1.83209
1.83288
1.8336
1.83425
1.83482
1.8353
1.83568
1.83593
1.83603
1.83597
1.83573
1.83529
1.83461
1.83365
1.83236
1.83068
1.82858
1.82611
1.82344
1.82088
1.81888
1.81797
1.81861
1.82107
1.82535
1.83111
1.83779
1.84474
1.85133
1.85706
1.86155
1.86459
1.8661
1.86612
1.86479
1.86238
1.85925
1.85579
1.85233
1.84901
1.8457
1.84206
1.83775
1.83271
1.82755
1.82354
1.82231
1.82496
1.83141
1.8404
1.85011
1.85903
1.86626
1.87153
1.87497
1.87693
1.87779
1.87795
1.87773
1.87739
1.8771
1.87694
1.87694
1.87707
1.87726
1.87746
1.87759
1.87761
1.87746
1.87708
1.87643
1.87543
1.87407
1.87235
1.87034
1.86816
1.86602
1.86415
1.86279
1.86211
1.86221
1.86311
1.86474
1.86699
1.86974
1.87282
1.87608
1.87936
1.88252
1.88544
1.88805
1.89029
1.89216
1.8937
1.89494
1.89595
1.8968
1.89757
1.89833
1.89913
1.90002
1.90101
1.90211
1.90327
1.90445
1.90555
1.90644
1.90699
1.90703
1.9064
1.90491
1.90246
1.89895
1.89443
1.88908
1.88325
1.87749
1.87242
1.86866
1.86656
1.86614
1.86702
1.86856
1.87009
1.87104
1.8711
1.8702
1.86853
1.86648
1.86453
1.86316
1.86279
1.86363
1.86573
1.86897
1.87313
1.87797
1.88327
1.88884
1.89452
1.90016
1.90561
1.91071
1.91533
1.91932
1.9226
1.92506
1.92663
1.92721
1.92671
1.92495
1.92175
1.91683
1.90993
1.90087
1.88972
1.87703
1.86396
1.85205
1.84263
1.83603
1.8314
1.82729
1.82283
1.81838
1.81543
1.81563
1.81964
1.82671
1.83516
1.84331
1.85004
1.85488
1.8578
1.85898
1.85868
1.85715
1.85462
1.85126
1.84725
1.84273
1.83785
1.83279
1.82777
1.82306
1.81897
1.81577
1.81371
1.81288
1.8133
1.81484
1.81729
1.82039
1.82385
1.82744
1.8309
1.83406
1.83677
1.83894
1.84051
1.84145
1.8418
1.84159
1.8409
1.8398
1.8384
1.83678
1.83501
1.83314
1.83117
1.82905
1.82672
1.82409
1.82106
1.81756
1.81354
1.80906
1.80426
1.7994
1.79483
1.79097
1.78817
1.78663
1.78635
1.7871
1.78851
1.79018
1.79174
1.79291
1.79351
1.79343
1.79264
1.79112
1.78894
1.78619
1.78304
1.77974
1.77659
1.77394
1.77208
1.77117
1.77122
1.77207
1.77345
1.77504
1.77655
1.77775
1.77848
1.77863
1.77812
1.77684
1.77464
1.77129
1.76653
1.76008
1.75189
1.74232
1.73253
1.72447
1.72031
1.72135
1.7272
1.73601
1.74555
1.75415
1.76105
1.76614
1.76972
1.77216
1.77383
1.77502
1.7759
1.7766
1.77719
1.77767
1.77806
1.77832
1.77841
1.77827
1.77777
1.77678
1.77513
1.7726
1.76901
1.76422
1.75825
1.75138
1.74421
1.73769
1.73286
1.73063
1.73138
1.73497
1.7408
1.74808
1.75603
1.76395
1.77128
1.77763
1.78273
1.78644
1.78871
1.78957
1.78911
1.78748
1.78488
1.78152
1.77752
1.77284
1.76723
1.76038
1.75234
1.74405
1.73758
1.73548
1.73922
1.74807
1.7595
1.7707
1.77984
1.78625
1.79008
1.79191
1.7924
1.7922
1.79186
1.79181
1.79234
1.79357
1.79546
1.79785
1.80046
1.80297
1.80511
1.80665
1.80751
1.80774
1.80751
1.80711
1.80686
1.80701
1.80771
1.80894
1.81057
1.81237
1.81412
1.81563
1.81676
1.81739
1.81744
1.81685
1.81553
1.81343
1.81055
1.80696
1.80289
1.79878
1.7953
1.79315
1.79294
1.79487
1.79868
1.80374
1.80929
1.81471
1.81955
1.82363
1.82688
1.82937
1.83118
1.83236
1.83294
1.83294
1.83233
1.8311
1.82925
1.82684
1.824
1.82093
1.81791
1.81523
1.81321
1.81205
1.81185
1.81258
1.81407
1.8161
1.81843
1.82086
1.82326
1.82555
1.82769
1.82968
1.83152
1.8332
1.83472
1.83606
1.83718
1.83805
1.83861
1.83881
1.83859
1.83791
1.83672
1.83501
1.83279
1.83014
1.8272
1.82417
1.82133
1.81898
1.81739
1.81679
1.81725
1.81872
1.82104
1.82395
1.82716
1.83037
1.8333
1.83567
1.83725
1.83785
1.8374
1.83597
1.83382
1.83145
1.82951
1.82868
1.82941
1.83181
1.83554
1.84
1.84447
1.84834
1.85117
1.85271
1.8529
1.85183
1.84973
1.84692
1.8438
1.84075
1.83806
1.83586
1.83411
1.83266
1.83133
1.82992
1.8283
1.82636
1.82404
1.82137
1.81848
1.81565
1.81332
1.81202
1.81221
1.81416
1.81779
1.82275
1.82853
1.83459
1.84046
1.8458
1.85037
1.85406
1.8568
1.85859
1.85947
1.85952
1.85883
1.85753
1.85573
1.85358
1.85119
1.8487
1.8462
1.84382
1.84165
1.83977
1.83827
1.83723
1.83671
1.83676
1.83739
1.83857
1.84021
1.84216
1.84425
1.84626
1.848
1.84927
1.84988
1.84967
1.84851
1.84624
1.84276
1.83798
1.83189
1.82458
1.8163
1.80751
1.79888
1.79131
1.78576
1.78301
1.78327
1.78605
1.79028
1.79471
1.79836
1.80073
1.8019
1.8023
1.80257
1.80328
1.8048
1.80718
1.81025
1.81366
1.81708
1.82023
1.82292
1.82509
1.8267
1.82779
1.82841
1.82862
1.82848
1.82806
1.82743
1.82667
1.82588
1.82515
1.82457
1.82421
1.82411
1.82425
1.82459
1.82503
1.82543
1.82562
1.82544
1.82468
1.82318
1.8208
1.81746
1.81322
1.80836
1.80342
1.79916
1.79644
1.79588
1.79764
1.80136
1.80628
1.81158
1.81659
1.82091
1.82438
1.82703
1.82898
1.83038
1.83139
1.83211
1.83263
1.83295
1.833
1.83265
1.83173
1.83008
1.82761
1.82441
1.82082
1.8175
1.8153
1.81502
1.81704
1.82119
1.82676
1.83283
1.83859
1.84349
1.84726
1.84986
1.85137
1.85194
1.85172
1.85087
1.84953
1.84785
1.84595
1.84396
1.84203
1.84025
1.83874
1.83758
1.83682
1.83648
1.83654
1.83694
1.83762
1.83849
1.83942
1.84029
1.84097
1.84129
1.84108
1.84013
1.83828
1.83543
1.83165
1.82726
1.82279
1.819
1.81664
1.81638
1.81868
1.82377
1.8315
1.84126
1.85198
1.8625
1.87177
1.87915
1.88431
1.88722
1.88798
1.88674
1.8837
1.87908
1.87315
1.86627
1.85891
1.85165
1.84509
1.83973
1.83578
1.83309
1.83113
1.82915
1.82636
1.82217
1.81622
1.80853
1.79941
1.78956
1.78007
1.77242
1.76829
1.76903
1.77494
1.78502
1.79734
1.80988
1.82118
1.83053
1.83775
1.84299
1.84651
1.84857
1.84937
1.84908
1.8478
1.84567
1.84281
1.83941
1.83572
1.83202
1.82863
1.82583
1.82379
1.82256
1.82205
1.82206
1.82233
1.82258
1.82261
1.82229
1.82159
1.82056
1.81931
1.81798
1.8167
1.81555
1.81453
1.81356
1.81253
1.81128
1.80967
1.80759
1.80499
1.80185
1.79822
1.79423
1.79002
1.78578
1.78172
1.77801
1.77482
1.77228
1.77046
1.7694
1.76908
1.76949
1.77054
1.77216
1.77426
1.77672
1.77943
1.78226
1.78509
1.78782
1.79036
1.79266
1.79468
1.79641
1.79784
1.799
1.79991
1.80058
1.80105
1.80133
1.80145
1.80142
1.80125
1.80096
1.80055
1.80004
1.79943
1.79875
1.79799
1.79718
1.79634
1.79548
1.79462
1.79379
1.793
1.79228
1.79162
1.79104
1.79054
1.7901
1.7897
1.78932
1.78893
1.7885
1.78803
1.7875
1.78694
1.78637
1.78587
1.78549
1.7853
1.78536
1.78572
1.78635
1.78723
1.78826
1.78936
1.7904
1.79127
1.79189
1.79221
1.79219
1.79186
1.79129
1.79059
1.7899
1.78936
1.78911
1.78926
1.78986
1.7909
1.79231
1.79399
1.79579
1.7976
1.79932
1.80086
1.80216
1.80319
1.8039
1.80422
1.80405
1.80325
1.80166
1.79911
1.79549
1.79083
1.78541
1.77978
1.77473
1.77114
1.76969
1.7706
1.77365
1.77829
1.78386
1.78977
1.79558
1.80097
1.80578
1.80991
1.81334
1.81602
1.81794
1.81904
1.81925
1.81854
1.81693
1.81451
1.81154
1.80834
1.80535
1.80294
1.80143
1.80092
1.80138
1.80264
1.8045
1.80678
1.80942
1.81236
1.81558
1.81899
1.82241
1.82561
1.82829
1.83012
1.83074
1.82974
1.82664
1.82091
1.81211
1.80022
1.78622
1.77256
1.76283
1.76009
1.76488
1.77486
1.78663
1.79757
1.80656
1.81353
1.81891
1.82321
1.82683
1.83001
1.83288
1.83547
1.83774
1.83966
1.84115
1.84219
1.84276
1.84287
1.84258
1.84202
1.84135
1.84078
1.84052
1.8407
1.84139
1.8425
1.84384
1.84515
1.84617
1.84671
1.84666
1.84603
1.84494
1.84363
1.84239
1.84155
1.84132
1.84175
1.84259
1.84337
1.84348
1.84239
1.83983
1.83593
1.83125
1.8267
1.82325
1.82161
1.822
1.82417
1.8276
1.83168
1.83584
1.83963
1.84273
1.84491
1.8461
1.84635
1.84577
1.84455
1.84292
1.84111
1.83934
1.83783
1.83671
1.83611
1.83604
1.8365
1.83742
1.83869
1.84023
1.84192
1.84364
1.84527
1.84668
1.84772
1.84822
1.84802
1.84697
1.84497
1.84197
1.838
1.8332
1.82786
1.82237
1.81719
1.81273
1.80931
1.80703
1.80579
1.80525
1.80503
1.80472
1.80404
1.80287
1.80128
1.79944
1.79759
1.79596
1.7947
1.7939
1.79356
1.79364
1.79412
1.79492
1.79594
1.79702
1.79797
1.79859
1.79871
1.79825
1.79719
1.79563
1.79371
1.79164
1.78959
1.78769
1.78599
1.78444
1.78294
1.78133
1.77949
1.77733
1.77482
1.77201
1.76901
1.76597
1.76306
1.76048
1.75842
1.75707
1.75656
1.75701
1.75844
1.76079
1.76392
1.7676
1.7716
1.77567
1.77959
1.78318
1.78634
1.78896
1.79102
1.79247
1.79329
1.79346
1.79295
1.79172
1.78973
1.78697
1.78345
1.77929
1.77468
1.76996
1.76553
1.76183
1.75918
1.75768
1.75723
1.75752
1.75818
1.75889
1.75942
1.75972
1.75981
1.75981
1.75987
1.76015
1.76077
1.76181
1.76329
1.76519
1.76743
1.7699
1.77245
1.77495
1.77723
1.77916
1.78062
1.7815
1.78172
1.78127
1.78015
1.77847
1.77636
1.77405
1.77182
1.76996
1.76877
1.76848
1.76924
1.77106
1.7738
1.77723
1.78102
1.78482
1.7883
1.79122
1.79339
1.79475
1.79533
1.79524
1.79463
1.79372
1.7927
1.79174
1.79094
1.79039
1.79007
1.78994
1.78991
1.78985
1.78966
1.78926
1.78864
1.78789
1.7872
1.78683
1.78706
1.78815
1.79025
1.79335
1.7973
1.80183
1.80658
1.81121
1.81538
1.81884
1.82135
1.82275
1.82289
1.82167
1.81898
1.81479
1.80911
1.80206
1.79394
1.78523
1.77666
1.7691
1.76346
1.76044
1.7603
1.76282
1.76733
1.77295
1.77889
1.78459
1.78976
1.7944
1.79858
1.80229
1.80535
1.80739
1.80792
1.80651
1.8029
1.79709
1.78943
1.78061
1.77168
1.76389
1.75853
1.7566
1.75862
1.76449
1.77354
1.78474
1.79694
1.80908
1.8203
1.82999
1.83782
1.84362
1.84735
1.84907
1.84881
1.84662
1.84252
1.8365
1.82861
1.81898
1.80796
1.79623
1.78487
1.77526
1.76872
1.76603
1.76707
1.77093
1.77639
1.78241
1.78832
1.79377
1.79863
1.80281
1.8062
1.80869
1.8101
1.81029
1.80913
1.80658
1.80274
1.7979
1.79257
1.78743
1.78312
1.78013
1.77861
1.77838
1.77903
1.78012
1.78126
1.78223
1.78296
1.78357
1.78431
1.78552
1.78751
1.79051
1.79454
1.79939
1.80472
1.81011
1.81517
1.8196
1.8232
1.82587
1.82757
1.82829
1.82804
1.82687
1.82477
1.82177
1.81787
1.81311
1.80752
1.80119
1.79425
1.7869
1.77944
1.77225
1.76574
1.76037
1.7565
1.75442
1.75427
1.75608
1.75972
1.76493
1.77134
1.77849
1.78593
1.79333
1.80044
1.80715
1.81339
1.81913
1.82428
1.82878
1.83252
1.83544
1.83746
1.83855
1.83866
1.83774
1.83573
1.83259
1.82827
1.82277
1.81616
1.80866
1.80063
1.79264
1.78537
1.77952
1.77571
1.77426
1.7752
1.77824
1.78292
1.78868
1.79504
1.80156
1.80796
1.81402
1.81963
1.82471
1.82922
1.83312
1.83638
1.83894
1.84074
1.8417
1.84173
1.84077
1.83883
1.836
1.83248
1.82857
1.82463
1.82089
1.81742
1.81405
1.81052
1.8066
1.80233
1.79803
1.79412
1.79088
1.78817
1.78539
1.78171
1.7763
1.76872
1.75906
1.74808
1.73715
1.72799
1.72229
1.72121
1.72509
1.73336
1.74485
1.75812
1.77177
1.78468
1.7961
1.80558
1.81297
1.81828
1.82168
1.82341
1.82377
1.82311
1.82178
1.8201
1.81834
1.8167
1.8153
1.81417
1.81329
1.8126
1.81203
1.81151
1.81099
1.81045
1.80987
1.80926
1.80863
1.80801
1.80743
1.80691
1.8065
1.80621
1.80605
1.80604
1.80616
1.80641
1.80676
1.80718
1.80764
1.80809
1.80852
1.80887
1.80912
1.80924
1.80919
1.80896
1.80851
1.80779
1.80676
1.80536
1.80353
1.8012
1.79832
1.79485
1.79083
1.78638
1.78173
1.77725
1.77341
1.77072
1.76957
1.77015
1.77233
1.77569
1.7797
1.78387
1.78795
1.79196
1.79615
1.8008
1.80604
1.8117
1.81735
1.82244
1.8264
1.82878
1.8293
1.82786
1.82452
1.81956
1.81352
1.80715
1.80134
1.79692
1.79439
1.79375
1.79453
1.79602
1.79747
1.79832
1.79822
1.79704
1.79478
1.79157
1.78761
1.7832
1.77879
1.77494
1.77233
1.77156
1.77296
1.77642
1.78139
1.78703
1.7925
1.79712
1.80047
1.80243
1.80309
1.80273
1.80173
1.80053
1.79951
1.79897
1.79905
1.79972
1.80084
1.80224
1.80369
1.80506
1.80623
1.80716
1.80784
1.80828
1.80851
1.80857
1.80847
1.80824
1.80788
1.80738
1.80672
1.80585
1.8047
1.80318
1.80117
1.79856
1.79519
1.79095
1.78577
1.77968
1.77287
1.76575
1.75894
1.7532
1.74925
1.74759
1.74828
1.75096
1.75503
1.7598
1.7647
1.76924
1.77308
1.77592
1.77766
1.7784
1.77852
1.77866
1.77951
1.78155
1.78488
1.78915
1.7938
1.79824
1.80207
1.80506
1.80715
1.80832
1.80853
1.8077
1.80573
1.80256
1.79831
1.79331
1.7882
1.78385
1.78117
1.78086
1.78307
1.78739
1.79292
1.7986
1.80354
1.80723
1.80963
1.81114
1.81238
1.81403
1.81654
1.82002
1.8242
1.82862
1.8328
1.83636
1.83909
1.84091
1.84182
1.84191
1.84124
1.83991
1.83802
1.83563
1.83283
1.8297
1.82629
1.82267
1.81892
1.81511
1.81136
1.80781
1.80469
1.80226
1.80081
1.8006
1.80181
1.80443
1.80834
1.81327
1.8189
1.82491
1.83104
1.83706
1.84279
1.84812
1.85292
1.85712
1.86066
1.86349
1.86556
1.86685
1.86733
1.86696
1.86573
1.86361
1.86059
1.85663
1.85166
1.8456
1.83834
1.82982
1.82021
1.81004
1.80037
1.79263
1.78815
1.78758
1.79059
1.79611
1.80284
1.80979
1.81636
1.82231
1.82761
1.83228
1.83635
1.83983
1.84275
1.84511
1.84696
1.84834
1.84932
1.84999
1.85042
1.85069
1.85087
1.85102
1.85117
1.85133
1.85148
1.85156
1.85151
1.85122
1.85059
1.84953
1.84794
1.84576
1.84297
1.83964
1.83588
1.83192
1.828
1.8244
1.82136
1.81899
1.81731
1.8162
1.81544
1.81477
1.81395
1.81284
1.81152
1.81031
1.8098
1.81061
1.81318
1.81753
1.82318
1.82938
1.83531
1.84036
1.84414
1.84649
1.84739
1.84693
1.84521
1.84234
1.83846
1.83373
1.82832
1.82248
1.81649
1.81073
1.80557
1.8014
1.79853
1.79713
1.79718
1.79848
1.80067
1.80333
1.80602
1.80838
1.81014
1.81113
1.81125
1.81048
1.80883
1.80628
1.80286
1.79856
1.79347
1.7878
1.782
1.77676
1.77296
1.77141
1.77252
1.77614
1.78159
1.78792
1.79424
1.79991
1.80462
1.80828
1.81099
1.81291
1.81423
1.81512
1.81576
1.81626
1.81673
1.81722
1.81779
1.81845
1.81922
1.82009
1.82105
1.82208
1.82318
1.82431
1.82547
1.82661
1.82771
1.82874
1.82963
1.83035
1.83082
1.83095
1.83065
1.82981
1.8283
1.82599
1.82275
1.81845
1.81298
1.8063
1.79843
1.78954
1.77994
1.77013
1.76076
1.75257
1.74632
1.7426
1.7418
1.744
1.74896
1.75618
1.76496
1.77452
1.78412
1.79315
1.8012
1.80806
1.81373
1.81834
1.82211
1.82527
1.82807
1.83067
1.83315
1.83549
1.83761
1.83936
1.84056
1.84104
1.84061
1.83914
1.83651
1.83267
1.82765
1.82163
1.81491
1.80796
1.80141
1.7959
1.79197
1.78994
1.78978
1.7912
1.79372
1.79684
1.80015
1.80335
1.80629
1.80885
1.81097
1.81253
1.8134
1.81342
1.81247
1.81057
1.8079
1.80491
1.80227
1.80065
1.80056
1.80208
1.80491
1.80847
1.81216
1.81552
1.81831
1.82051
1.82219
1.82349
1.82458
1.82559
1.82664
1.8278
1.82908
1.83049
1.83198
1.8335
1.83498
1.83635
1.83752
1.83843
1.83903
1.83924
1.83901
1.8383
1.83705
1.83525
1.83288
1.83001
1.82672
1.82321
1.8197
1.8165
1.81388
1.81201
1.81094
1.81049
1.81029
1.80984
1.80862
1.80615
1.80218
1.79671
1.79015
1.7833
1.77728
1.7733
1.77232
1.77469
1.78006
1.78749
1.79587
1.8042
1.81179
1.81826
1.82344
1.82722
1.82953
1.83025
1.82924
1.82639
1.82165
1.81515
1.80727
1.79875
1.79072
1.78463
1.78188
1.78332
1.78876
1.79698
1.80626
1.81504
1.82232
1.82771
1.83125
1.83322
1.83395
1.83378
1.83297
1.83176
1.83028
1.82864
1.8269
1.82508
1.82318
1.82122
1.81917
1.81703
1.81481
1.81252
1.81021
1.80791
1.80574
1.80382
1.80236
1.80158
1.80168
1.80273
1.80461
1.80699
1.80943
1.81143
1.81255
1.81252
1.81124
1.80884
1.80561
1.80207
1.79882
1.79649
1.79555
1.7962
1.7983
1.80142
1.805
1.80849
1.81147
1.81368
1.81503
1.81555
1.81531
1.81445
1.81307
1.81125
1.80906
1.80654
1.80375
1.80079
1.79785
1.79518
1.79314
1.79208
1.79231
1.79401
1.79718
1.80164
1.80707
1.81306
1.81917
1.82503
1.83032
1.83485
1.83848
1.84114
1.84278
1.84338
1.84289
1.84126
1.83844
1.8344
1.82913
1.8227
1.81527
1.80714
1.79872
1.79054
1.7832
1.77748
1.7743
1.7746
1.77882
1.78638
1.79572
1.8048
1.81191
1.81603
1.81702
1.8155
1.8127
1.81021
1.80945
1.81111
1.81489
1.8197
1.8242
1.82735
1.82859
1.82796
1.82597
1.82348
1.82146
1.8207
1.8215
1.82361
1.82639
1.82906
1.83095
1.83168
1.83115
1.82949
1.82706
1.82431
1.82175
1.81988
1.81907
1.81952
1.82122
1.82397
1.82747
1.83139
1.83545
1.83943
1.84323
1.84679
1.85011
1.85322
1.85611
1.85879
1.86121
1.86337
1.86523
1.86681
1.86811
1.86915
1.86995
1.87046
1.87059
1.87017
1.86897
1.86676
1.86336
1.8588
1.85335
1.84764
1.84259
1.83916
1.83811
1.83969
1.84361
1.84915
1.85538
1.86143
1.8666
1.87041
1.8726
1.87304
1.87169
1.86859
1.86377
1.85734
1.8494
1.8401
1.8296
1.81809
1.80584
1.7933
1.78118
1.77047
1.76238
1.75794
1.75771
1.76155
1.76871
1.77808
1.78847
1.79877
1.80806
1.81571
1.82142
1.82531
1.82783
1.82975
1.83191
1.83501
1.83938
1.84486
1.85094
1.85698
1.86244
1.867
1.87056
1.87319
1.87503
1.87627
1.87706
1.87752
1.87771
1.87768
1.87742
1.87691
1.87613
1.87503
1.87358
1.87172
1.86943
1.86671
1.86361
1.86024
1.85678
1.85349
1.85062
1.84841
1.84696
1.84625
1.84608
1.84616
1.84612
1.84559
1.84421
1.84166
1.83764
1.83202
1.8249
1.81691
1.80925
1.8036
1.8015
1.80358
1.80927
1.81716
1.82575
1.8341
1.8418
1.84889
1.85549
1.86169
1.86742
1.87255
1.87693
1.88042
1.88297
1.88459
1.88537
1.88543
1.88491
1.8839
1.88247
1.88062
1.87834
1.87562
1.87252
1.86917
1.86578
1.86262
1.85997
1.85808
1.8571
1.85704
1.85775
1.85898
1.86036
1.86151
1.86212
1.86191
1.86076
1.85863
1.8556
1.85181
1.84747
1.8428
1.8381
1.83368
1.82994
1.8274
1.82667
1.82827
1.8324
1.8386
1.84576
1.85242
1.85709
1.85859
1.85611
1.84931
1.83845
1.82462
1.80998
1.7976
1.79057
1.79074
1.79778
1.80949
1.82293
1.83559
1.84602
1.85372
1.85886
1.86189
1.86337
1.86376
1.86344
1.86267
1.86159
1.86027
1.85872
1.85692
1.85484
1.85244
1.84967
1.84649
1.8428
1.83851
1.83349
1.82761
1.82079
1.81303
1.80453
1.79576
1.78739
1.78026
1.77516
1.77271
1.77328
1.77695
1.78339
1.79179
1.80106
1.81006
1.81793
1.82422
1.82879
1.83177
1.8334
1.83395
1.83369
1.83286
1.83167
1.83029
1.82888
1.82754
1.82638
1.82545
1.82476
1.82431
1.82403
1.82385
1.82366
1.82333
1.82276
1.82181
1.82039
1.81839
1.81576
1.81248
1.80859
1.80423
1.79963
1.79515
1.79125
1.78843
1.78712
1.78757
1.78978
1.79351
1.79831
1.80367
1.8091
1.81418
1.81859
1.82213
1.8247
1.82626
1.82687
1.82669
1.82594
1.82493
1.82401
1.8235
1.82366
1.8246
1.82626
1.82848
1.83104
1.83371
1.83634
1.83883
1.84114
1.84324
1.84511
1.84667
1.8478
1.84832
1.848
1.84662
1.84401
1.84013
1.83515
1.82948
1.82377
1.81875
1.81509
1.81319
1.81312
1.81467
1.81743
1.82085
1.82433
1.82737
1.8296
1.83087
1.8312
1.83073
1.82969
1.82829
1.82672
1.82519
1.82384
1.82282
1.82227
1.82227
1.82287
1.82408
1.82581
1.82793
1.8302
1.83235
1.83406
1.83501
1.83489
1.83347
1.8306
1.82631
1.82076
1.81432
1.80745
1.80068
1.79453
1.78943
1.7858
1.784
1.78421
1.78633
1.78991
1.79428
1.79873
1.80275
1.80608
1.8087
1.81074
1.81235
1.81366
1.81475
1.81564
1.81633
1.81687
1.81728
1.81764
1.818
1.81837
1.81874
1.81907
1.81928
1.81933
1.81916
1.81876
1.81815
1.81736
1.81647
1.81556
1.81469
1.81394
1.81336
1.81297
1.81275
1.81265
1.8126
1.81251
1.81227
1.8118
1.81101
1.80982
1.8082
1.80613
1.80364
1.80082
1.79784
1.79495
1.79248
1.79075
1.78999
1.79023
1.79124
1.7926
1.79378
1.79432
1.79392
1.79258
1.79056
1.78837
1.78663
1.78591
1.78652
1.78846
1.79142
1.79496
1.79864
1.80212
1.80519
1.80774
1.80974
1.8112
1.81213
1.81256
1.81253
1.81211
1.81139
1.81052
1.8097
1.80917
1.80916
1.80991
1.81152
1.81401
1.81722
1.82091
1.82476
1.82841
1.83149
1.83362
1.83437
1.83327
1.82974
1.82325
1.81341
1.80029
1.78473
1.76851
1.75397
1.74311
1.73688
1.73524
1.73815
1.7462
1.75971
1.77742
1.7965
1.81397
1.82796
1.838
1.84448
1.84818
1.84986
1.85016
1.84953
1.8483
1.84668
1.84479
1.84269
1.84041
1.83797
1.83537
1.83262
1.82975
1.82683
1.82394
1.8212
1.81875
1.81672
1.81521
1.81427
1.81391
1.81405
1.81459
1.81543
1.81647
1.81762
1.81883
1.82005
1.82124
1.82236
1.82332
1.82405
1.82445
1.82445
1.824
1.82311
1.82186
1.82043
1.81903
1.81791
1.81725
1.81715
1.81753
1.81824
1.819
1.81954
1.81958
1.81889
1.81732
1.81476
1.81127
1.80712
1.80289
1.79945
1.79772
1.79836
1.80142
1.80633
1.81218
1.81803
1.82326
1.82756
1.83092
1.83346
1.83538
1.83684
1.83797
1.83884
1.83946
1.83982
1.83986
1.83956
1.83885
1.83772
1.83615
1.83415
1.83173
1.82893
1.82579
1.82237
1.81872
1.81493
1.81108
1.8073
1.80377
1.80072
1.79843
1.7972
1.79727
1.79875
1.80159
1.80565
1.81069
1.81641
1.82248
1.82852
1.83414
1.83902
1.84288
1.84559
1.84708
1.84737
1.84648
1.84439
1.84104
1.83633
1.83006
1.82203
1.81208
1.80036
1.78765
1.77578
1.76744
1.76517
1.76986
1.78011
1.79317
1.80636
1.81793
1.8271
1.83372
1.83801
1.84028
1.84097
1.8405
1.83929
1.83772
1.83611
1.83467
1.83354
1.83278
1.83235
1.8322
1.8322
1.83225
1.83224
1.83209
1.83173
1.83114
1.83028
1.82914
1.82772
1.82603
1.82412
1.82215
1.82032
1.81897
1.81846
1.81913
1.82118
1.82456
1.82898
1.8339
1.83876
1.84304
1.84642
1.84873
1.84998
1.85025
1.84964
1.84826
1.84617
1.84338
1.83988
1.83563
1.83062
1.82487
1.81848
1.81169
1.80485
1.79844
1.79302
1.78907
1.78689
1.78648
1.7875
1.78937
1.79144
1.79309
1.79389
1.79359
1.7922
1.78989
1.787
1.78397
1.78126
1.77927
1.77834
1.77866
1.78026
1.78297
1.78645
1.79026
1.79394
1.79709
1.79946
1.80086
1.8012
1.80041
1.7984
1.7951
1.79044
1.78441
1.77709
1.7687
1.75965
1.75049
1.74194
1.73465
1.72909
1.72538
1.72329
1.72238
1.72228
1.72287
1.72428
1.72677
1.7305
1.73536
1.74102
1.74695
1.75263
1.75766
1.76179
1.76497
1.76723
1.76872
1.7696
1.77009
1.77037
1.7706
1.77088
1.77125
1.7717
1.77216
1.77254
1.77273
1.77266
1.77228
1.77157
1.77054
1.76924
1.76772
1.76602
1.76416
1.76215
1.75995
1.75751
1.75478
1.75172
1.74839
1.74495
1.74165
1.73886
1.73695
1.73624
1.73687
1.73876
1.74164
1.74508
1.7486
1.75171
1.75397
1.755
1.75448
1.75212
1.74781
1.74164
1.73411
1.72616
1.71906
1.71395
1.71126
1.71053
1.71074
1.71097
1.71097
1.71127
1.71273
1.71604
1.72126
1.72783
1.73491
1.74172
1.74774
1.75275
1.75674
1.75975
1.76189
1.76321
1.76376
1.76354
1.76257
1.76084
1.7584
1.75534
1.75182
1.74804
1.74427
1.74076
1.73772
1.73523
1.73323
1.73148
1.72966
1.7274
1.72442
1.72058
1.71596
1.71091
1.70601
1.70198
1.69951
1.69908
1.70082
1.70446
1.70948
1.71523
1.72111
1.72668
1.73166
1.73593
1.73948
1.74237
1.74469
1.74653
1.74799
1.74914
1.75006
1.75079
1.75137
1.75183
1.75219
1.75246
1.75265
1.75278
1.75282
1.75276
1.75259
1.75225
1.75168
1.7508
1.74951
1.74766
1.7451
1.74165
1.7371
1.73127
1.72403
1.71532
1.70525
1.69416
1.68269
1.67188
1.66316
1.65812
1.65791
1.66262
1.67111
1.68154
1.69211
1.70161
1.70947
1.7156
1.72018
1.72347
1.72573
1.72719
1.72806
1.72847
1.72854
1.72837
1.72802
1.72756
1.72701
1.72642
1.72581
1.7252
1.7246
1.72402
1.72348
1.72299
1.72255
1.7222
1.72196
1.72184
1.72188
1.72212
1.72257
1.72327
1.72424
1.72547
1.72696
1.72869
1.73062
1.73271
1.73491
1.73715
1.73937
1.74149
1.74345
1.74515
1.7465
1.74741
1.7478
1.74762
1.74685
1.74556
1.74394
1.74222
1.7407
1.73962
1.73908
1.739
1.73913
1.7392
1.73903
1.73868
1.73842
1.73862
1.73961
1.74148
1.74406
1.74698
1.74985
1.75237
1.75442
1.75606
1.75743
1.75876
1.76023
1.76199
1.76408
1.76646
1.76905
1.77173
1.77436
1.77685
1.77912
1.78115
1.78292
1.78445
1.78578
1.78695
1.78798
1.78891
1.78974
1.79045
1.79101
1.79137
1.79147
1.79121
1.7905
1.78926
1.78742
1.78498
1.78203
1.77883
1.77578
1.77341
1.77225
1.77269
1.77487
1.77859
1.78343
1.78889
1.79453
1.80003
1.80518
1.80986
1.81393
1.81724
1.8196
1.82078
1.82052
1.81859
1.81485
1.80928
1.80208
1.79378
1.78525
1.77759
1.77191
1.76895
1.76887
1.77128
1.77546
1.78069
1.78636
1.7921
1.79765
1.80282
1.80743
1.81131
1.81433
1.81638
1.81743
1.81752
1.81679
1.81542
1.81365
1.81172
1.80984
1.80824
1.8071
1.80659
1.80686
1.80799
1.80997
1.81264
1.81568
1.81864
1.82102
1.8223
1.82201
1.81977
1.81534
1.80865
1.79993
1.78978
1.77924
1.76967
1.76245
1.75847
1.7579
1.76015
1.76419
1.76895
1.7736
1.77766
1.78097
1.7836
1.78571
1.7875
1.7891
1.79053
1.79176
1.79272
1.79333
1.79358
1.7935
1.79326
1.79306
1.79313
1.79369
1.79486
1.79663
1.79886
1.80132
1.8037
1.80572
1.80709
1.80759
1.807
1.80519
1.80207
1.79767
1.79217
1.786
1.7798
1.77441
1.77061
1.76888
1.76927
1.77139
1.77461
1.77826
1.78184
1.78498
1.78749
1.78923
1.79012
1.79011
1.78917
1.78732
1.7846
1.7811
1.77686
1.77191
1.76618
1.75951
1.75174
1.74285
1.73307
1.72308
1.71395
1.70697
1.70329
1.70371
1.70845
1.71711
1.72871
1.74191
1.75529
1.76768
1.7783
1.78683
1.79325
1.79775
1.80063
1.8022
1.80277
1.80258
1.80185
1.80076
1.79947
1.79811
1.79679
1.7956
1.79465
1.79397
1.79363
1.79363
1.79396
1.79457
1.79539
1.79634
1.79732
1.79822
1.79895
1.79942
1.79953
1.79921
1.7984
1.79704
1.79509
1.79254
1.78939
1.78567
1.78145
1.77685
1.77198
1.76702
1.76214
1.75754
1.75337
1.74979
1.74691
1.74479
1.74348
1.74297
1.74325
1.74426
1.74595
1.74821
1.75093
1.75398
1.75718
1.76038
1.7634
1.76608
1.76827
1.76982
1.77064
1.77065
1.76982
1.7682
1.76593
1.76323
1.76037
1.75767
1.75536
1.75351
1.75203
1.75069
1.74919
1.7473
1.74495
1.74235
1.73995
1.73835
1.73811
1.73952
1.74246
1.74647
1.75091
1.7552
1.7589
1.7618
1.76384
1.76508
1.76563
1.76563
1.7652
1.76446
1.76351
1.76245
1.76135
1.76029
1.75933
1.75852
1.75792
1.75756
1.75747
1.75767
1.75816
1.75891
1.75992
1.76114
1.76253
1.76405
1.76565
1.7673
1.76898
1.77064
1.7723
1.77392
1.77552
1.77709
1.77863
1.78016
1.78167
1.78318
1.78469
1.78619
1.7877
1.78921
1.79072
1.79223
1.79373
1.79521
1.79667
1.79808
1.79944
1.80073
1.80194
1.80305
1.80405
1.80496
1.80578
1.80654
1.80729
1.80809
1.80899
1.81005
1.8113
1.81271
1.81422
1.81571
1.81704
1.81807
1.81871
1.81894
1.81888
1.8188
1.81905
1.82003
1.82207
1.82534
1.8298
1.83521
1.8412
1.84732
1.85311
1.85807
1.86171
1.86346
1.86272
1.85885
1.85134
1.84005
1.82556
1.80957
1.79495
1.78508
1.78238
1.78704
1.79691
1.80889
1.82033
1.82975
1.83663
1.84095
1.8429
1.84273
1.84074
1.83737
1.83316
1.82876
1.82484
1.82198
1.82061
1.82094
1.82298
1.82661
1.83163
1.83778
1.84474
1.85212
1.85954
1.86663
1.87306
1.87859
1.88308
1.88645
1.88865
1.88968
1.88957
1.88834
1.88604
1.88281
1.87883
1.87444
1.87008
1.86628
1.86351
1.86209
1.86209
1.86328
1.86527
1.86762
1.86996
1.87204
1.87373
1.87501
1.87589
1.87642
1.87667
1.87666
1.8764
1.87589
1.87509
1.87396
1.87242
1.87041
1.86785
1.86466
1.86077
1.85614
1.85075
1.84463
1.83788
1.8307
1.82338
1.81633
1.81002
1.80492
1.8014
1.79966
1.79968
1.80123
1.80395
1.80741
1.81118
1.81487
1.81818
1.82094
1.82312
1.82481
1.8262
1.82747
1.82876
1.83012
1.83145
1.83252
1.83301
1.83255
1.83074
1.82725
1.82192
1.81496
1.80718
1.80005
1.79542
1.79476
1.79838
1.80528
1.81372
1.82207
1.82931
1.83499
1.83912
1.84184
1.84335
1.84377
1.84313
1.84136
1.83827
1.83362
1.8271
1.81852
1.80786
1.79546
1.78217
1.76923
1.75803
1.74958
1.74417
1.74139
1.74052
1.74109
1.74316
1.74717
1.75354
1.76214
1.77225
1.78275
1.79255
1.80089
1.80738
1.81196
1.81479
1.81615
1.81631
1.81556
1.81414
1.81224
1.81004
1.80768
1.80526
1.80288
1.8006
1.79846
1.79651
1.79475
1.7932
1.79186
1.79071
1.78974
1.78892
1.78821
1.78756
1.78692
1.78627
1.7856
1.78496
1.78443
1.78414
1.78424
1.78484
1.78601
1.78773
1.78987
1.79225
1.79463
1.7968
1.79857
1.79984
1.80058
1.80083
1.80069
1.80031
1.79985
1.79943
1.79914
1.79898
1.79894
1.79894
1.79895
1.79893
1.79892
1.79898
1.79916
1.79951
1.80001
1.80062
1.80123
1.80175
1.80211
1.80227
1.80226
1.80214
1.802
1.80196
1.80213
1.80259
1.80339
1.80454
1.80602
1.80778
1.80973
1.8118
1.81391
1.81598
1.81795
1.81974
1.82133
1.82267
1.82373
1.82451
1.82499
1.82516
1.82503
1.8246
1.8239
1.82295
1.8218
1.8205
1.81912
1.81772
1.81634
1.81503
1.8138
1.81264
1.81152
1.81043
1.80937
1.80834
1.80739
1.80656
1.80591
1.80548
1.80527
1.80526
1.8054
1.80562
1.80585
1.80601
1.80604
1.80591
1.8056
1.80508
1.80436
1.80347
1.80241
1.80121
1.79991
1.79853
1.7971
1.79565
1.7942
1.79275
1.79131
1.78986
1.78843
1.78703
1.78571
1.78457
1.78369
1.78321
1.7832
1.78372
1.78478
1.7863
1.78815
1.79019
1.79221
1.79406
1.79555
1.79657
1.79701
1.79685
1.79608
1.79476
1.793
1.79095
1.78881
1.78678
1.78503
1.78374
1.783
1.78286
1.7833
1.78426
1.78563
1.7873
1.78917
1.79113
1.79308
1.79495
1.79667
1.79818
1.79946
1.80047
1.80118
1.80154
1.80147
1.80085
1.79952
1.79733
1.79414
1.78996
1.78502
1.77976
1.77488
1.77113
1.76911
1.76909
1.771
1.77452
1.77926
1.78477
1.79067
1.7966
1.80227
1.80749
1.81217
1.81626
1.81979
1.82278
1.82523
1.82713
1.82843
1.82911
1.82916
1.82865
1.82773
1.82663
1.82564
1.825
1.82481
1.82498
1.82523
1.82511
1.82421
1.82219
1.81896
1.81466
1.80969
1.8046
1.79992
1.79602
1.79302
1.7908
1.78909
1.78765
1.7863
1.785
1.78384
1.78307
1.78301
1.78404
1.78642
1.79022
1.79526
1.80116
1.80744
1.8136
1.81925
1.82413
1.82813
1.83125
1.83359
1.83528
1.83648
1.83731
1.83784
1.83807
1.83798
1.8375
1.83657
1.83516
1.83325
1.8309
1.8282
1.82532
1.82242
1.81969
1.81729
1.81532
1.8138
1.81269
1.81187
1.81121
1.81054
1.80972
1.8086
1.80705
1.80498
1.8023
1.79897
1.79498
1.79043
1.78551
1.78052
1.77593
1.77231
1.77026
1.77026
1.77255
1.77704
1.78325
1.79051
1.79803
1.80509
1.81112
1.81568
1.81848
1.81933
1.81807
1.81461
1.80894
1.8013
1.79233
1.78321
1.77556
1.77088
1.76989
1.77213
1.7762
1.78052
1.78395
1.78601
1.78678
1.78667
1.78624
1.786
1.78637
1.78756
1.7896
1.79233
1.79549
1.79877
1.80185
1.8045
1.80658
1.80803
1.80888
1.80918
1.80907
1.80865
1.80807
1.80746
1.80693
1.80655
1.80636
1.80629
1.80619
1.80578
1.8047
1.80251
1.79873
1.79298
1.78504
1.77507
1.76377
1.75246
1.74293
1.73695
1.73564
1.739
1.74592
1.75466
1.76346
1.77105
1.77674
1.78039
1.78221
1.78255
1.78187
1.78057
1.77904
1.77759
1.77647
1.77585
1.7758
1.77636
1.77746
1.77903
1.78096
1.78311
1.78538
1.78762
1.78971
1.79152
1.79292
1.79379
1.79402
1.79353
1.79226
1.79015
1.7872
1.78343
1.77888
1.77362
1.76773
1.7613
1.75447
1.74739
1.74032
1.73361
1.72777
1.72344
1.72129
1.72187
1.72542
1.73168
1.73999
1.74938
1.75888
1.76768
1.77524
1.78127
1.78567
1.78849
1.78985
1.78993
1.78891
1.78703
1.78448
1.78147
1.77814
1.7746
1.77091
1.76704
1.76299
1.75877
1.75447
1.7503
1.74653
1.74348
1.74138
1.74035
1.74031
1.7411
1.74247
1.7442
1.7461
1.74804
1.74994
1.75171
1.75327
1.75451
1.75528
1.75543
1.75476
1.75305
1.75006
1.74561
1.73964
1.73235
1.72433
1.71668
1.71074
1.70771
1.70807
1.71142
1.71675
1.72293
1.72916
1.73502
1.74038
1.74524
1.74964
1.7536
1.7571
1.76015
1.76274
1.76488
1.76659
1.7679
1.76883
1.7694
1.76962
1.76947
1.76893
1.76794
1.76642
1.7643
1.76149
1.75792
1.75362
1.74881
1.7439
1.73957
1.73658
1.73559
1.73683
1.73998
1.74432
1.74898
1.75326
1.75674
1.75931
1.7611
1.76237
1.76343
1.76453
1.76582
1.76734
1.76899
1.7706
1.77193
1.77272
1.77265
1.77139
1.76854
1.76367
1.75646
1.74695
1.73597
1.72551
1.71841
1.71713
1.72221
1.73184
1.74306
1.75335
1.76133
1.76666
1.76958
1.77056
1.77007
1.76858
1.76646
1.76405
1.76164
1.75945
1.75764
1.75633
1.75556
1.75534
1.75563
1.75638
1.75754
1.75901
1.76074
1.76262
1.76459
1.76657
1.7685
1.77033
1.77202
1.77355
1.77494
1.77617
1.77728
1.77828
1.77918
1.78
1.78074
1.78139
1.78196
1.78242
1.78274
1.78289
1.78286
1.78261
1.78211
1.78137
1.78037
1.77914
1.7777
1.77612
1.77447
1.77282
1.77129
1.76998
1.76897
1.76835
1.76815
1.76839
1.76905
1.77009
1.77145
1.77306
1.77485
1.77676
1.77873
1.78069
1.78259
1.78438
1.78602
1.78747
1.78872
1.78974
1.79051
1.791
1.79117
1.79095
1.79026
1.78901
1.78714
1.78457
1.78127
1.77716
1.77212
1.76594
1.75846
1.74977
1.74065
1.73282
1.7286
1.72986
1.73674
1.74749
1.75951
1.77063
1.77965
1.78628
1.79074
1.79347
1.79495
1.79558
1.7957
1.79554
1.79522
1.79481
1.79429
1.79359
1.79262
1.79124
1.78933
1.78677
1.7835
1.77955
1.77505
1.77031
1.76575
1.76192
1.75935
1.75845
1.75934
1.76187
1.7656
1.77
1.77451
1.77866
1.78208
1.7845
1.78567
1.78538
1.78344
1.77972
1.77418
1.76705
1.75889
1.7506
1.74332
1.73809
1.73545
1.73529
1.73693
1.7395
1.74223
1.74458
1.74628
1.74729
1.74767
1.7476
1.74727
1.74689
1.74663
1.74663
1.74699
1.74773
1.74881
1.75018
1.75172
1.75335
1.75495
1.75644
1.75773
1.75877
1.75954
1.76001
1.76019
1.76011
1.75979
1.75929
1.75866
1.75792
1.75714
1.75635
1.75557
1.75484
1.75416
1.75355
1.75301
1.75255
1.75216
1.75184
1.75158
1.75139
1.75124
1.75114
1.75107
1.75101
1.75096
1.7509
1.75081
1.75069
1.75054
1.75034
1.75011
1.74984
1.74955
1.74923
1.74888
1.74849
1.74806
1.74757
1.747
1.74635
1.74557
1.74464
1.7435
1.74205
1.74017
1.73771
1.73452
1.73054
1.72584
1.72066
1.71548
1.71086
1.70736
1.70525
1.70447
1.70464
1.70519
1.70558
1.70545
1.70469
1.70347
1.70213
1.70111
1.7008
1.70143
1.70308
1.7056
1.70873
1.71214
1.71548
1.71843
1.72074
1.72223
1.72281
1.72252
1.72148
1.71994
1.71824
1.71676
1.71584
1.71569
1.71633
1.71759
1.71917
1.7207
1.72186
1.72241
1.72222
1.72124
1.71954
1.71727
1.71461
1.71179
1.70902
1.70643
1.70404
1.70179
1.69952
1.69707
1.69437
1.69149
1.68867
1.68627
1.68465
1.68409
1.68464
1.68612
1.68824
1.69066
1.69309
1.69536
1.69739
1.69917
1.70073
1.70213
1.70341
1.7046
1.70574
1.70681
1.70782
1.70875
1.7096
1.71035
1.71099
1.71152
1.71194
1.71227
1.71252
1.71272
1.71289
1.71308
1.71329
1.71357
1.71391
1.7143
1.71473
1.71514
1.71547
1.71565
1.71558
1.7152
1.71445
1.71328
1.71167
1.70966
1.7073
1.70468
1.70195
1.69929
1.69693
1.69518
1.69433
1.69466
1.69632
1.6993
1.70338
1.70819
1.71333
1.7184
1.72314
1.72736
1.73103
1.73414
1.73677
1.73901
1.74091
1.74254
1.74391
1.74502
1.74581
1.74619
1.74607
1.74532
1.74388
1.74171
1.73887
1.73552
1.73193
1.72841
1.72523
1.72253
1.72026
1.71819
1.71603
1.71357
1.71082
1.70814
1.70618
1.70571
1.70737
1.71131
1.71709
1.72385
1.7306
1.73657
1.74129
1.74465
1.74685
1.74827
1.74946
1.751
1.75338
1.75686
1.76138
1.7666
1.77201
1.77708
1.78139
1.78465
1.78676
1.78772
1.78767
1.78683
1.78555
1.78423
1.78333
1.78326
1.78432
1.78661
1.79002
1.79429
1.79906
1.80396
1.80868
1.81296
1.81666
1.81968
1.82198
1.82358
1.8245
1.82483
1.82462
1.82396
1.82293
1.82162
1.82008
1.81832
1.81629
1.81385
1.81077
1.80679
1.80167
1.79531
1.78791
1.78005
1.77269
1.76698
1.76394
1.76413
1.76756
1.77371
1.78181
1.79099
1.80049
1.80967
1.81806
1.82537
1.83145
1.83629
1.83993
1.84248
1.84406
1.8448
1.84479
1.84411
1.8428
1.84086
1.8383
1.83513
1.83142
1.82741
1.8235
1.82021
1.81811
1.8176
1.81873
1.82118
1.82436
1.82762
1.8304
1.83231
1.83314
1.83281
1.83136
1.82887
1.82551
1.82154
1.81733
1.81335
1.81013
1.8081
1.80754
1.80841
1.81044
1.81316
1.81605
1.81866
1.82062
1.8217
1.82177
1.82076
1.8187
1.81573
1.81209
1.80814
1.80433
1.80112
1.79884
1.79756
1.79711
1.79705
1.79687
1.79609
1.79434
1.7915
1.78769
1.78331
1.77902
1.77562
1.7738
1.77391
1.77584
1.77906
1.78285
1.78654
1.78966
1.79196
1.79335
1.79389
1.79368
1.79284
1.79148
1.78973
1.78769
1.78546
1.78316
1.78087
1.77871
1.77675
1.77507
1.77369
1.77261
1.7718
1.77119
1.77071
1.77031
1.76994
1.76957
1.76922
1.76893
1.76874
1.76871
1.7689
1.76935
1.77008
1.77108
1.77235
1.77383
1.7755
1.7773
1.77919
1.78113
1.7831
1.78507
1.78704
1.78898
1.7909
1.79278
1.79462
1.79639
1.79807
1.79962
1.80097
1.80203
1.80269
1.80283
1.80229
1.80092
1.79864
1.79546
1.79164
1.7877
1.78449
1.78293
1.78377
1.78718
1.79264
1.79909
1.80529
1.81013
1.81275
1.81259
1.80932
1.80291
1.79368
1.78245
1.77067
1.76031
1.75346
1.75166
1.75527
1.76343
1.77442
1.78632
1.79745
1.80662
1.81311
1.81663
1.81719
1.81513
1.81111
1.80611
1.80141
1.79826
1.79751
1.79929
1.80293
1.80733
1.81144
1.81459
1.81656
1.81749
1.81772
1.81761
1.81747
1.81745
1.8176
1.81783
1.81796
1.81773
1.8168
1.8148
1.81136
1.80618
1.79912
1.79036
1.78051
1.77068
1.76239
1.75727
1.75652
1.76044
1.76827
1.77847
1.7893
1.79934
1.8077
1.81407
1.81856
1.82146
1.82319
1.82408
1.82437
1.82419
1.82359
1.82255
1.82103
1.81901
1.81651
1.81357
1.81026
1.80669
1.80295
1.79917
1.79545
1.79188
1.7885
1.78535
1.78245
1.77981
1.77743
1.77535
1.77364
1.77237
1.77162
1.77143
1.77178
1.77257
1.77361
1.7747
1.77561
1.77614
1.77613
1.7755
1.77419
1.77219
1.76953
1.7663
1.76264
1.75874
1.75487
1.75135
1.74845
1.74637
1.74519
1.7448
1.74497
1.7454
1.74581
1.74598
1.74581
1.74527
1.74445
1.74352
1.74264
1.74197
1.74157
1.74145
1.74149
1.74153
1.74137
1.74082
1.73976
1.73816
1.73611
1.73387
1.73182
1.73041
1.73003
1.73093
1.73316
1.73655
1.7408
1.74551
1.75029
1.75477
1.75867
1.76177
1.76388
1.76486
1.76455
1.76277
1.75934
1.75403
1.74673
1.73746
1.72663
1.71511
1.70431
1.69599
1.69171
1.69224
1.69728
1.70554
1.71536
1.72526
1.73425
1.74186
1.74801
1.75281
1.75649
1.75924
1.76127
1.76273
1.76373
1.76438
1.76478
1.765
1.76513
1.76524
1.7654
1.76567
1.76611
1.76674
1.76756
1.76858
1.76978
1.77111
1.77254
1.77401
1.77551
1.77697
1.77836
1.77965
1.78081
1.78178
1.78253
1.78302
1.78318
1.78296
1.78229
1.7811
1.77932
1.77685
1.77363
1.76958
1.76467
1.75889
1.75231
1.74512
1.73769
1.73056
1.72447
1.72022
1.71844
1.71939
1.72288
1.72827
1.73477
1.74161
1.74818
1.75411
1.7592
1.76339
1.76667
1.7691
1.77076
1.77176
1.77222
1.77229
1.77215
1.77201
1.77208
1.77251
1.77344
1.77491
1.77692
1.77936
1.78206
1.7848
1.78731
1.78932
1.7906
1.791
1.79046
1.78906
1.78699
1.78457
1.78214
1.78002
1.77838
1.77723
1.77637
1.77554
1.77444
1.7729
1.77087
1.76847
1.76593
1.76353
1.76149
1.75994
1.75887
1.75812
1.75744
1.75655
1.75528
1.75359
1.75164
1.74981
1.74864
1.74865
1.75015
1.75312
1.75721
1.76184
1.76644
1.77056
1.77395
1.77654
1.77837
1.77957
1.78028
1.78062
1.78069
1.78058
1.78031
1.77989
1.77926
1.77833
1.77695
1.77493
1.77198
1.76779
1.76205
1.75461
1.74566
1.73603
1.72728
1.72137
1.71986
1.72298
1.72952
1.73752
1.74522
1.75152
1.75604
1.75883
1.76015
1.7603
1.75958
1.75824
1.75651
1.75457
1.75259
1.75074
1.74913
1.74784
1.74691
1.7463
1.74593
1.74566
1.74539
1.74504
1.74463
1.74432
1.74433
1.74494
1.74636
1.74859
1.75148
1.75467
1.75775
1.76034
1.76219
1.76323
1.76352
1.76328
1.7628
1.76239
1.76227
1.76259
1.76334
1.76443
1.76568
1.76692
1.768
1.76882
1.76936
1.76962
1.76964
1.76948
1.76919
1.76886
1.76852
1.76821
1.76798
1.76785
1.76781
1.76789
1.76808
1.76839
1.76884
1.76945
1.77024
1.77123
1.77242
1.77382
1.77543
1.77722
1.77915
1.78116
1.78317
1.78507
1.7867
1.78787
1.78835
1.7879
1.7863
1.78342
1.77926
1.77409
1.76843
1.76313
1.75918
1.75748
1.75847
1.76198
1.76728
1.77342
1.77954
1.78507
1.78977
1.79358
1.79658
1.79889
1.80066
1.80202
1.8031
1.80403
1.80494
1.80591
1.80705
1.80838
1.80995
1.81171
1.81363
1.81564
1.81765
1.81959
1.82137
1.82296
1.82432
1.82543
1.82627
1.82684
1.82711
1.82704
1.82658
1.82563
1.82408
1.82181
1.81874
1.81489
1.81047
1.80596
1.80209
1.79972
1.79956
1.80181
1.8061
1.81163
1.81746
1.82282
1.8272
1.83035
1.83221
1.83278
1.8321
1.83023
1.82727
1.82339
1.81898
1.8146
1.81102
1.80906
1.80932
1.81194
1.81655
1.82238
1.82853
1.8342
1.83878
1.84187
1.84322
1.8427
1.84031
1.83618
1.83064
1.82428
1.81786
1.81222
1.80796
1.80528
1.80398
1.80361
1.8038
1.80441
1.80549
1.80721
1.80969
1.81293
1.81676
1.82094
1.82515
1.82904
1.83227
1.83445
1.83526
1.83442
1.83179
1.82746
1.82176
1.81533
1.80905
1.80389
1.80062
1.7996
1.80066
