1.19873
1.19768
1.19692
1.19644
1.19623
1.19629
1.19661
1.1972
1.19804
1.19908
1.20025
1.20143
1.2025
1.20333
1.20379
1.2038
1.20328
1.2022
1.20061
1.19863
1.19649
1.19449
1.19296
1.19217
1.19227
1.19318
1.19467
1.19644
1.19818
1.19969
1.20084
1.20161
1.20206
1.20227
1.20235
1.2024
1.20249
1.20264
1.20286
1.20312
1.20338
1.20361
1.20378
1.20391
1.20404
1.2042
1.20446
1.20485
1.20539
1.20606
1.20681
1.20757
1.20825
1.20876
1.20905
1.20907
1.20881
1.20831
1.20764
1.20689
1.20621
1.20572
1.20556
1.20579
1.20645
1.20749
1.20882
1.21032
1.21188
1.21339
1.21478
1.21599
1.21701
1.21782
1.21843
1.21886
1.21914
1.2193
1.21937
1.2194
1.21942
1.21948
1.21959
1.21979
1.22006
1.22042
1.22083
1.22129
1.22176
1.22223
1.22269
1.22313
1.22354
1.22395
1.22435
1.22475
1.22516
1.22558
1.22599
1.22636
1.22663
1.22675
1.22666
1.22631
1.22565
1.22467
1.22337
1.22176
1.21988
1.2178
1.21563
1.21354
1.21178
1.21063
1.21034
1.21089
1.21183
1.21213
1.21034
1.20507
1.19576
1.18347
1.1712
1.16296
1.16148
1.1664
1.17472
1.18281
1.18847
1.19155
1.19339
1.19567
1.19923
1.20379
1.20836
1.2119
1.21379
1.2139
1.21246
1.20996
1.20698
1.20415
1.20197
1.20078
1.20071
1.20167
1.20347
1.20581
1.20841
1.21102
1.21345
1.21556
1.2173
1.21863
1.21958
1.22016
1.22041
1.22036
1.22003
1.21945
1.21864
1.21759
1.21634
1.21489
1.21328
1.21158
1.20984
1.20817
1.20667
1.20544
1.20458
1.20413
1.20412
1.20451
1.20522
1.20609
1.20699
1.20773
1.20815
1.20813
1.20758
1.20647
1.20483
1.20274
1.20034
1.19781
1.19534
1.19311
1.19128
1.19
1.18933
1.18931
1.1899
1.19099
1.19246
1.19412
1.1958
1.19734
1.19859
1.19947
1.19994
1.20001
1.19972
1.19911
1.19827
1.19726
1.19618
1.1951
1.19416
1.19348
1.19315
1.19324
1.19373
1.19451
1.19542
1.19625
1.19684
1.19709
1.19695
1.19649
1.19583
1.19513
1.19457
1.19427
1.1943
1.19467
1.19533
1.19621
1.19724
1.19834
1.19948
1.20065
1.20182
1.203
1.20419
1.20538
1.20656
1.20772
1.20884
1.20991
1.21092
1.21188
1.21278
1.21364
1.21446
1.21525
1.21601
1.21676
1.21749
1.21821
1.2189
1.21958
1.22022
1.22083
1.22139
1.22192
1.2224
1.22283
1.22321
1.22353
1.22378
1.22395
1.22402
1.22398
1.22382
1.22352
1.22307
1.22243
1.22157
1.22045
1.21905
1.21741
1.21563
1.21392
1.21259
1.21198
1.21241
1.21405
1.2169
1.22074
1.22519
1.22983
1.23422
1.23804
1.24103
1.24306
1.24407
1.24408
1.24319
1.24159
1.2395
1.2372
1.23489
1.23267
1.23047
1.22804
1.22517
1.22181
1.21836
1.2157
1.21487
1.21664
1.22094
1.22693
1.23341
1.23935
1.24417
1.24769
1.24998
1.25129
1.25186
1.25197
1.25182
1.2516
1.2514
1.2513
1.25129
1.25138
1.25151
1.25164
1.25173
1.25174
1.25164
1.25139
1.25095
1.25029
1.24938
1.24823
1.24689
1.24544
1.24401
1.24277
1.24186
1.24141
1.24147
1.24207
1.24316
1.24466
1.24649
1.24854
1.25072
1.25291
1.25501
1.25696
1.2587
1.26019
1.26144
1.26246
1.26329
1.26397
1.26454
1.26505
1.26555
1.26609
1.26668
1.26734
1.26807
1.26885
1.26963
1.27036
1.27096
1.27133
1.27135
1.27093
1.26994
1.2683
1.26597
1.26295
1.25939
1.2555
1.25166
1.24828
1.24577
1.24438
1.24409
1.24468
1.24571
1.24673
1.24736
1.2474
1.2468
1.24569
1.24432
1.24302
1.24211
1.24186
1.24242
1.24382
1.24598
1.24875
1.25198
1.25551
1.25923
1.26301
1.26677
1.27041
1.27381
1.27688
1.27955
1.28173
1.28337
1.28442
1.28481
1.28447
1.2833
1.28116
1.27788
1.27328
1.26724
1.25981
1.25135
1.24264
1.2347
1.22842
1.22402
1.22093
1.21819
1.21522
1.21226
1.21029
1.21042
1.21309
1.21781
1.22344
1.22887
1.23336
1.23658
1.23853
1.23932
1.23912
1.2381
1.23641
1.23417
1.2315
1.22849
1.22523
1.22186
1.21851
1.21538
1.21265
1.21052
1.20914
1.20859
1.20887
1.2099
1.21153
1.21359
1.2159
1.21829
1.2206
1.22271
1.22451
1.22596
1.227
1.22764
1.22787
1.22773
1.22727
1.22653
1.2256
1.22452
1.22334
1.22209
1.22078
1.21937
1.21781
1.21606
1.21404
1.2117
1.20903
1.20604
1.20284
1.1996
1.19655
1.19398
1.19211
1.19109
1.1909
1.1914
1.19234
1.19346
1.19449
1.19527
1.19567
1.19562
1.19509
1.19408
1.19263
1.19079
1.18869
1.18649
1.1844
1.18263
1.18139
1.18078
1.18081
1.18138
1.1823
1.18336
1.18437
1.18516
1.18565
1.18575
1.18541
1.18456
1.18309
1.18086
1.17768
1.17339
1.16792
1.16155
1.15502
1.14965
1.14687
1.14757
1.15147
1.15734
1.1637
1.16944
1.17403
1.17743
1.17981
1.18144
1.18256
1.18334
1.18393
1.1844
1.18479
1.18511
1.18537
1.18555
1.18561
1.18551
1.18518
1.18452
1.18342
1.18173
1.17934
1.17615
1.17217
1.16759
1.16281
1.15846
1.15524
1.15375
1.15425
1.15664
1.16053
1.16539
1.17069
1.17597
1.18086
1.18509
1.18849
1.19096
1.19247
1.19305
1.19274
1.19165
1.18992
1.18768
1.18502
1.1819
1.17815
1.17359
1.16823
1.1627
1.15839
1.15699
1.15948
1.16538
1.173
1.18047
1.18656
1.19083
1.19339
1.1946
1.19493
1.1948
1.19457
1.19454
1.19489
1.19571
1.19698
1.19857
1.2003
1.20198
1.20341
1.20443
1.20501
1.20516
1.20501
1.20474
1.20457
1.20467
1.20514
1.20596
1.20705
1.20825
1.20941
1.21042
1.21117
1.21159
1.21163
1.21123
1.21035
1.20896
1.20703
1.20464
1.20192
1.19919
1.19686
1.19543
1.19529
1.19658
1.19912
1.20249
1.2062
1.20981
1.21304
1.21575
1.21792
1.21958
1.22079
1.22157
1.22196
1.22196
1.22156
1.22073
1.2195
1.2179
1.216
1.21396
1.21194
1.21016
1.2088
1.20803
1.2079
1.20839
1.20938
1.21073
1.21228
1.21391
1.21551
1.21703
1.21846
1.21979
1.22101
1.22214
1.22315
1.22404
1.22479
1.22536
1.22574
1.22587
1.22573
1.22527
1.22448
1.22334
1.22186
1.2201
1.21813
1.21612
1.21422
1.21265
1.2116
1.21119
1.2115
1.21248
1.21402
1.21596
1.21811
1.22025
1.2222
1.22378
1.22483
1.22523
1.22494
1.22398
1.22255
1.22097
1.21968
1.21912
1.21961
1.2212
1.22369
1.22667
1.22965
1.23223
1.23411
1.23514
1.23527
1.23455
1.23315
1.23128
1.2292
1.22717
1.22537
1.2239
1.22274
1.22177
1.22089
1.21995
1.21887
1.21757
1.21603
1.21425
1.21232
1.21043
1.20888
1.20801
1.20814
1.20944
1.21186
1.21517
1.21902
1.22306
1.22697
1.23053
1.23358
1.23604
1.23787
1.23906
1.23965
1.23968
1.23922
1.23835
1.23716
1.23572
1.23413
1.23246
1.2308
1.22922
1.22776
1.22651
1.22551
1.22482
1.22447
1.22451
1.22493
1.22571
1.2268
1.22811
1.2295
1.23084
1.232
1.23284
1.23325
1.23312
1.23234
1.23083
1.2285
1.22532
1.22126
1.21639
1.21087
1.205
1.19925
1.19421
1.19051
1.18867
1.18885
1.1907
1.19352
1.19648
1.1989
1.20049
1.20126
1.20153
1.20171
1.20219
1.2032
1.20479
1.20683
1.20911
1.21139
1.21348
1.21528
1.21672
1.2178
1.21853
1.21894
1.21908
1.21899
1.2187
1.21828
1.21778
1.21726
1.21677
1.21638
1.21614
1.21607
1.21617
1.21639
1.21669
1.21695
1.21708
1.21696
1.21645
1.21546
1.21387
1.21164
1.20881
1.20557
1.20228
1.19944
1.19763
1.19725
1.19843
1.20091
1.20419
1.20772
1.21106
1.21394
1.21625
1.21802
1.21932
1.22025
1.22092
1.22141
1.22176
1.22197
1.222
1.22177
1.22116
1.22006
1.21841
1.21627
1.21388
1.21166
1.2102
1.21001
1.21136
1.21413
1.21784
1.22189
1.22573
1.22899
1.23151
1.23324
1.23425
1.23463
1.23448
1.23391
1.23302
1.2319
1.23063
1.22931
1.22802
1.22683
1.22583
1.22505
1.22455
1.22432
1.22436
1.22463
1.22508
1.22566
1.22628
1.22686
1.22731
1.22753
1.22738
1.22675
1.22552
1.22362
1.2211
1.21817
1.2152
1.21267
1.2111
1.21092
1.21245
1.21585
1.221
1.2275
1.23466
1.24166
1.24785
1.25276
1.25621
1.25815
1.25865
1.25783
1.2558
1.25272
1.24877
1.24418
1.23927
1.23443
1.23006
1.22648
1.22385
1.22206
1.22075
1.21943
1.21758
1.21478
1.21081
1.20568
1.19961
1.19304
1.18671
1.18161
1.17886
1.17935
1.18329
1.19002
1.19823
1.20658
1.21412
1.22035
1.22516
1.22866
1.23101
1.23238
1.23291
1.23272
1.23187
1.23045
1.22854
1.22628
1.22381
1.22135
1.21909
1.21722
1.21586
1.21504
1.2147
1.21471
1.21488
1.21505
1.21507
1.21486
1.21439
1.2137
1.21287
1.21199
1.21114
1.21037
1.20968
1.20904
1.20835
1.20752
1.20645
1.20506
1.20332
1.20123
1.19882
1.19615
1.19335
1.19052
1.18781
1.18534
1.18321
1.18152
1.18031
1.1796
1.17939
1.17966
1.18036
1.18144
1.18284
1.18448
1.18629
1.18817
1.19006
1.19188
1.19358
1.19511
1.19645
1.19761
1.19856
1.19934
1.19994
1.20039
1.2007
1.20089
1.20097
1.20095
1.20083
1.20064
1.20037
1.20003
1.19962
1.19917
1.19866
1.19812
1.19756
1.19699
1.19641
1.19586
1.19533
1.19485
1.19441
1.19403
1.19369
1.1934
1.19313
1.19288
1.19262
1.19234
1.19202
1.19167
1.19129
1.19092
1.19058
1.19032
1.1902
1.19024
1.19048
1.1909
1.19149
1.19218
1.19291
1.1936
1.19418
1.1946
1.1948
1.19479
1.19457
1.1942
1.19373
1.19327
1.1929
1.19274
1.19284
1.19324
1.19394
1.19488
1.19599
1.19719
1.1984
1.19954
1.20057
1.20144
1.20213
1.2026
1.20281
1.2027
1.20217
1.20111
1.19941
1.19699
1.19389
1.19027
1.18652
1.18315
1.18076
1.17979
1.1804
1.18243
1.18553
1.18924
1.19318
1.19705
1.20065
1.20385
1.20661
1.20889
1.21068
1.21196
1.21269
1.21283
1.21236
1.21128
1.20968
1.20769
1.20556
1.20357
1.20196
1.20095
1.20061
1.20092
1.20176
1.203
1.20452
1.20628
1.20824
1.21039
1.21266
1.21494
1.21707
1.21886
1.22008
1.22049
1.21983
1.21776
1.21394
1.20807
1.20015
1.19081
1.18171
1.17522
1.1734
1.17659
1.18324
1.19108
1.19838
1.20438
1.20902
1.21261
1.21547
1.21788
1.22001
1.22192
1.22364
1.22516
1.22644
1.22744
1.22813
1.22851
1.22858
1.22839
1.22801
1.22757
1.22719
1.22701
1.22714
1.22759
1.22833
1.22923
1.2301
1.23078
1.23114
1.23111
1.23069
1.22996
1.22908
1.22826
1.2277
1.22755
1.22784
1.2284
1.22891
1.22898
1.22826
1.22656
1.22395
1.22084
1.2178
1.2155
1.21441
1.21467
1.21612
1.2184
1.22112
1.22389
1.22642
1.22848
1.22994
1.23074
1.2309
1.23051
1.2297
1.22861
1.22741
1.22623
1.22522
1.22448
1.22407
1.22403
1.22433
1.22494
1.2258
1.22682
1.22794
1.22909
1.23018
1.23112
1.23181
1.23214
1.23201
1.23131
1.22998
1.22798
1.22533
1.22213
1.21858
1.21492
1.21146
1.20849
1.20621
1.20469
1.20386
1.2035
1.20335
1.20314
1.20269
1.20192
1.20085
1.19963
1.19839
1.1973
1.19647
1.19593
1.1957
1.19576
1.19608
1.19661
1.19729
1.19801
1.19865
1.19906
1.19914
1.19883
1.19813
1.19708
1.19581
1.19443
1.19306
1.19179
1.19066
1.18963
1.18863
1.18756
1.18633
1.18489
1.18321
1.18134
1.17934
1.17731
1.17538
1.17366
1.17228
1.17138
1.17104
1.17134
1.17229
1.17386
1.17594
1.1784
1.18107
1.18378
1.18639
1.18879
1.19089
1.19264
1.19401
1.19498
1.19553
1.19564
1.1953
1.19448
1.19316
1.19131
1.18897
1.18619
1.18312
1.17997
1.17702
1.17456
1.17279
1.17179
1.17149
1.17168
1.17212
1.17259
1.17295
1.17315
1.1732
1.17321
1.17325
1.17344
1.17385
1.17454
1.17553
1.17679
1.17829
1.17993
1.18163
1.1833
1.18482
1.18611
1.18708
1.18766
1.18781
1.18751
1.18677
1.18565
1.18424
1.1827
1.18121
1.17997
1.17918
1.17899
1.17949
1.18071
1.18254
1.18482
1.18735
1.18988
1.1922
1.19414
1.19559
1.1965
1.19689
1.19682
1.19642
1.19582
1.19513
1.19449
1.19396
1.19359
1.19338
1.19329
1.19327
1.19324
1.19311
1.19284
1.19243
1.19193
1.19147
1.19122
1.19137
1.1921
1.1935
1.19557
1.1982
1.20122
1.20439
1.20747
1.21026
1.21256
1.21423
1.21516
1.21526
1.21444
1.21265
1.20986
1.20607
1.20137
1.19596
1.19016
1.18444
1.1794
1.17564
1.17362
1.17353
1.17521
1.17822
1.18197
1.18593
1.18972
1.19318
1.19627
1.19905
1.20153
1.20357
1.20492
1.20528
1.20434
1.20193
1.19806
1.19295
1.18707
1.18112
1.17593
1.17235
1.17106
1.17241
1.17633
1.18236
1.18983
1.19796
1.20605
1.21353
1.22
1.22521
1.22908
1.23157
1.23271
1.23254
1.23108
1.22835
1.22434
1.21907
1.21265
1.20531
1.19749
1.18991
1.18351
1.17915
1.17735
1.17805
1.18062
1.18426
1.18827
1.19221
1.19585
1.19909
1.20187
1.20414
1.20579
1.20673
1.20686
1.20609
1.20439
1.20182
1.1986
1.19505
1.19162
1.18875
1.18675
1.18574
1.18558
1.18602
1.18675
1.18751
1.18815
1.18864
1.18905
1.18954
1.19034
1.19168
1.19368
1.19636
1.19959
1.20315
1.20674
1.21011
1.21307
1.21547
1.21725
1.21838
1.21886
1.2187
1.21791
1.21651
1.21451
1.21191
1.20874
1.20502
1.20079
1.19616
1.19126
1.18629
1.1815
1.17716
1.17358
1.171
1.16961
1.16951
1.17072
1.17315
1.17662
1.18089
1.18566
1.19062
1.19555
1.20029
1.20477
1.20893
1.21275
1.21619
1.21918
1.22168
1.22363
1.22498
1.2257
1.22577
1.22516
1.22382
1.22173
1.21885
1.21518
1.21077
1.20577
1.20042
1.19509
1.19024
1.18635
1.1838
1.18284
1.18347
1.1855
1.18861
1.19246
1.19669
1.20104
1.20531
1.20935
1.21309
1.21647
1.21948
1.22208
1.22425
1.22596
1.22716
1.2278
1.22782
1.22718
1.22589
1.224
1.22165
1.21905
1.21642
1.21393
1.21161
1.20937
1.20701
1.2044
1.20156
1.19869
1.19608
1.19392
1.19211
1.19026
1.1878
1.1842
1.17915
1.17271
1.16539
1.1581
1.15199
1.14819
1.14748
1.15006
1.15557
1.16324
1.17208
1.18118
1.18979
1.1974
1.20372
1.20865
1.21219
1.21445
1.2156
1.21585
1.21541
1.21452
1.2134
1.21222
1.21113
1.2102
1.20945
1.20886
1.2084
1.20802
1.20767
1.20733
1.20697
1.20658
1.20617
1.20575
1.20534
1.20495
1.20461
1.20433
1.20414
1.20404
1.20403
1.20411
1.20428
1.20451
1.20479
1.20509
1.2054
1.20568
1.20591
1.20608
1.20616
1.20613
1.20597
1.20567
1.20519
1.20451
1.20358
1.20236
1.2008
1.19888
1.19657
1.19389
1.19092
1.18782
1.18483
1.18228
1.18048
1.17972
1.1801
1.18155
1.18379
1.18647
1.18925
1.19196
1.19464
1.19743
1.20053
1.20402
1.2078
1.21157
1.21496
1.2176
1.21919
1.21953
1.21857
1.21634
1.21304
1.20901
1.20476
1.20089
1.19794
1.19626
1.19583
1.19635
1.19735
1.19831
1.19888
1.19881
1.19802
1.19652
1.19438
1.19174
1.1888
1.18586
1.18329
1.18155
1.18104
1.18197
1.18428
1.18759
1.19135
1.195
1.19808
1.20031
1.20162
1.20206
1.20182
1.20115
1.20035
1.19967
1.19931
1.19936
1.19981
1.20056
1.20149
1.20246
1.20337
1.20416
1.20478
1.20523
1.20552
1.20568
1.20571
1.20565
1.20549
1.20525
1.20492
1.20448
1.2039
1.20313
1.20212
1.20078
1.19904
1.19679
1.19396
1.19051
1.18645
1.18191
1.17717
1.17263
1.1688
1.16617
1.16506
1.16552
1.16731
1.17002
1.1732
1.17646
1.1795
1.18205
1.18395
1.18511
1.1856
1.18568
1.18577
1.18634
1.1877
1.18992
1.19277
1.19587
1.19883
1.20138
1.20337
1.20477
1.20555
1.20569
1.20513
1.20382
1.20171
1.19887
1.19554
1.19213
1.18923
1.18745
1.18724
1.18871
1.19159
1.19528
1.19906
1.20236
1.20482
1.20642
1.20742
1.20825
1.20935
1.21103
1.21335
1.21613
1.21908
1.22186
1.22424
1.22606
1.22727
1.22788
1.22794
1.22749
1.22661
1.22535
1.22375
1.22189
1.2198
1.21753
1.21512
1.21262
1.21008
1.20757
1.20521
1.20313
1.20151
1.20054
1.2004
1.2012
1.20296
1.20556
1.20885
1.2126
1.21661
1.22069
1.2247
1.22853
1.23208
1.23528
1.23808
1.24044
1.24233
1.24371
1.24457
1.24488
1.24464
1.24382
1.24241
1.24039
1.23775
1.23444
1.2304
1.22556
1.21988
1.21347
1.20669
1.20025
1.19509
1.1921
1.19172
1.19373
1.1974
1.2019
1.20653
1.2109
1.21487
1.2184
1.22152
1.22423
1.22656
1.2285
1.23008
1.23131
1.23223
1.23288
1.23333
1.23361
1.23379
1.23391
1.23401
1.23411
1.23422
1.23432
1.23437
1.23434
1.23415
1.23373
1.23302
1.23196
1.2305
1.22865
1.22643
1.22392
1.22128
1.21867
1.21627
1.21424
1.21266
1.21154
1.2108
1.21029
1.20985
1.2093
1.20856
1.20768
1.20688
1.20653
1.20707
1.20879
1.21168
1.21545
1.21958
1.22354
1.22691
1.22943
1.23099
1.2316
1.23129
1.23014
1.22823
1.22564
1.22249
1.21888
1.21498
1.211
1.20715
1.20371
1.20094
1.19902
1.19809
1.19812
1.19899
1.20045
1.20222
1.20402
1.20559
1.20676
1.20742
1.2075
1.20699
1.20588
1.20419
1.2019
1.19904
1.19564
1.19187
1.188
1.18451
1.18198
1.18094
1.18168
1.18409
1.18773
1.19195
1.19616
1.19994
1.20308
1.20552
1.20733
1.20861
1.20948
1.21008
1.21051
1.21084
1.21115
1.21148
1.21186
1.2123
1.21281
1.21339
1.21403
1.21472
1.21545
1.21621
1.21698
1.21774
1.21848
1.21916
1.21976
1.22023
1.22054
1.22063
1.22043
1.21987
1.21887
1.21733
1.21517
1.2123
1.20865
1.2042
1.19896
1.19303
1.18663
1.18009
1.17384
1.16838
1.16421
1.16174
1.1612
1.16266
1.16597
1.17078
1.17664
1.18301
1.18941
1.19543
1.2008
1.20537
1.20916
1.21223
1.21474
1.21685
1.21872
1.22045
1.2221
1.22366
1.22507
1.22624
1.22704
1.22736
1.22708
1.22609
1.22434
1.22178
1.21843
1.21442
1.20994
1.20531
1.20094
1.19727
1.19465
1.19329
1.19319
1.19413
1.19581
1.1979
1.2001
1.20224
1.20419
1.2059
1.20731
1.20835
1.20893
1.20895
1.20832
1.20704
1.20526
1.20327
1.20151
1.20043
1.20037
1.20139
1.20328
1.20565
1.2081
1.21034
1.21221
1.21367
1.21479
1.21566
1.21639
1.21706
1.21776
1.21853
1.21939
1.22033
1.22132
1.22234
1.22332
1.22423
1.22501
1.22562
1.22602
1.22616
1.22601
1.22553
1.2247
1.2235
1.22192
1.22
1.21781
1.21547
1.21314
1.211
1.20925
1.20801
1.20729
1.20699
1.20686
1.20656
1.20574
1.2041
1.20145
1.19781
1.19344
1.18887
1.18485
1.1822
1.18155
1.18313
1.1867
1.19166
1.19725
1.2028
1.20786
1.21218
1.21563
1.21815
1.21968
1.22016
1.21949
1.21759
1.21443
1.2101
1.20485
1.19917
1.19382
1.18975
1.18792
1.18888
1.19251
1.19799
1.20417
1.21003
1.21488
1.21847
1.22084
1.22215
1.22263
1.22252
1.22198
1.22117
1.22019
1.21909
1.21793
1.21672
1.21546
1.21414
1.21278
1.21135
1.20987
1.20835
1.2068
1.20528
1.20382
1.20255
1.20157
1.20105
1.20112
1.20182
1.20307
1.20466
1.20629
1.20762
1.20837
1.20834
1.2075
1.20589
1.20374
1.20138
1.19921
1.19766
1.19703
1.19747
1.19887
1.20095
1.20333
1.20566
1.20764
1.20912
1.21002
1.21036
1.21021
1.20963
1.20871
1.2075
1.20604
1.20436
1.2025
1.20053
1.19857
1.19679
1.19543
1.19472
1.19487
1.196
1.19812
1.20109
1.20471
1.20871
1.21278
1.21669
1.22022
1.22323
1.22565
1.22742
1.22852
1.22892
1.22859
1.22751
1.22563
1.22294
1.21942
1.21513
1.21018
1.20476
1.19915
1.19369
1.1888
1.18498
1.18287
1.18307
1.18588
1.19092
1.19715
1.2032
1.20794
1.21069
1.21135
1.21033
1.20847
1.20681
1.2063
1.20741
1.20993
1.21313
1.21613
1.21823
1.21906
1.21864
1.21731
1.21565
1.21431
1.2138
1.21433
1.21574
1.2176
1.21937
1.22063
1.22112
1.22076
1.21966
1.21804
1.2162
1.2145
1.21325
1.21272
1.21301
1.21414
1.21598
1.21831
1.22093
1.22363
1.22629
1.22882
1.23119
1.23341
1.23548
1.23741
1.23919
1.24081
1.24224
1.24349
1.24454
1.24541
1.2461
1.24663
1.24697
1.24706
1.24678
1.24598
1.2445
1.24224
1.2392
1.23556
1.23176
1.22839
1.22611
1.22541
1.22646
1.22908
1.23277
1.23692
1.24095
1.2444
1.24694
1.2484
1.24869
1.2478
1.24572
1.24252
1.23823
1.23294
1.22673
1.21973
1.21206
1.2039
1.19554
1.18745
1.18031
1.17492
1.17196
1.17181
1.17437
1.17914
1.18539
1.19232
1.19918
1.20537
1.21047
1.21428
1.21687
1.21855
1.21983
1.22127
1.22334
1.22626
1.22991
1.23396
1.23799
1.24163
1.24467
1.24704
1.24879
1.25002
1.25085
1.25138
1.25168
1.25181
1.25178
1.25161
1.25127
1.25075
1.25002
1.24905
1.24781
1.24629
1.24447
1.24241
1.24016
1.23786
1.23566
1.23375
1.23227
1.23131
1.23083
1.23072
1.23077
1.23074
1.23039
1.22947
1.22777
1.22509
1.22134
1.2166
1.21127
1.20617
1.2024
1.201
1.20239
1.20618
1.21144
1.21717
1.22273
1.22787
1.2326
1.237
1.24112
1.24495
1.24837
1.25129
1.25362
1.25531
1.25639
1.25691
1.25695
1.25661
1.25594
1.25498
1.25375
1.25223
1.25042
1.24835
1.24611
1.24385
1.24174
1.23998
1.23872
1.23807
1.23802
1.2385
1.23932
1.24024
1.24101
1.24141
1.24127
1.2405
1.23909
1.23707
1.23454
1.23164
1.22854
1.2254
1.22245
1.21996
1.21827
1.21778
1.21885
1.2216
1.22573
1.23051
1.23495
1.23806
1.23906
1.23741
1.23288
1.22563
1.21641
1.20666
1.1984
1.19372
1.19382
1.19852
1.20633
1.21528
1.22373
1.23068
1.23581
1.23924
1.24126
1.24224
1.2425
1.24229
1.24178
1.24106
1.24018
1.23915
1.23795
1.23656
1.23496
1.23312
1.23099
1.22853
1.22567
1.22233
1.21841
1.21386
1.20868
1.20302
1.19717
1.1916
1.18684
1.18344
1.1818
1.18219
1.18464
1.18893
1.19453
1.2007
1.2067
1.21195
1.21614
1.21919
1.22118
1.22227
1.22264
1.22246
1.22191
1.22111
1.22019
1.21925
1.21836
1.21759
1.21696
1.21651
1.21621
1.21602
1.2159
1.21577
1.21556
1.21517
1.21454
1.21359
1.21226
1.21051
1.20832
1.20573
1.20282
1.19975
1.19676
1.19417
1.19229
1.19141
1.19171
1.19319
1.19567
1.19887
1.20245
1.20607
1.20945
1.21239
1.21475
1.21646
1.2175
1.21792
1.2178
1.2173
1.21662
1.21601
1.21567
1.21577
1.2164
1.21751
1.21899
1.22069
1.22247
1.22423
1.22589
1.22742
1.22883
1.23007
1.23111
1.23187
1.23221
1.232
1.23108
1.22934
1.22675
1.22343
1.21965
1.21585
1.2125
1.21006
1.20879
1.20874
1.20978
1.21162
1.2139
1.21622
1.21825
1.21973
1.22058
1.2208
1.22049
1.21979
1.21886
1.21782
1.21679
1.21589
1.21522
1.21484
1.21484
1.21525
1.21605
1.21721
1.21862
1.22013
1.22157
1.22271
1.22334
1.22326
1.22231
1.2204
1.21754
1.21384
1.20954
1.20496
1.20046
1.19635
1.19295
1.19053
1.18933
1.18947
1.19089
1.19328
1.19618
1.19915
1.20183
1.20405
1.2058
1.20716
1.20823
1.20911
1.20983
1.21042
1.21089
1.21124
1.21152
1.21176
1.212
1.21224
1.21249
1.21271
1.21286
1.21289
1.21278
1.21251
1.2121
1.21158
1.21098
1.21037
1.20979
1.20929
1.20891
1.20865
1.2085
1.20843
1.2084
1.20834
1.20818
1.20787
1.20734
1.20655
1.20547
1.20409
1.20243
1.20055
1.19856
1.19663
1.19499
1.19383
1.19333
1.19349
1.19416
1.19507
1.19585
1.19621
1.19595
1.19506
1.19371
1.19225
1.19109
1.19061
1.19101
1.1923
1.19428
1.19664
1.19909
1.20141
1.20346
1.20516
1.20649
1.20746
1.20808
1.20837
1.20836
1.20807
1.20759
1.20702
1.20647
1.20611
1.20611
1.2066
1.20768
1.20934
1.21148
1.21394
1.21651
1.21894
1.22099
1.22241
1.22292
1.22218
1.21983
1.2155
1.20894
1.20019
1.18982
1.17901
1.16931
1.16208
1.15792
1.15682
1.15877
1.16413
1.17314
1.18495
1.19767
1.20931
1.21864
1.22533
1.22965
1.23212
1.23324
1.23344
1.23302
1.2322
1.23112
1.22986
1.22846
1.22694
1.22531
1.22358
1.22175
1.21984
1.21789
1.21596
1.21413
1.2125
1.21115
1.21014
1.20952
1.20927
1.20936
1.20973
1.21029
1.21098
1.21174
1.21255
1.21337
1.21416
1.21491
1.21555
1.21603
1.2163
1.2163
1.216
1.2154
1.21458
1.21362
1.21269
1.21194
1.2115
1.21143
1.21169
1.21216
1.21267
1.21302
1.21305
1.2126
1.21155
1.20984
1.20751
1.20474
1.20193
1.19963
1.19848
1.1989
1.20095
1.20422
1.20812
1.21202
1.2155
1.21837
1.22061
1.22231
1.22358
1.22456
1.22531
1.22589
1.22631
1.22655
1.22658
1.22637
1.2259
1.22515
1.2241
1.22277
1.22115
1.21929
1.21719
1.21491
1.21248
1.20995
1.20739
1.20487
1.20251
1.20048
1.19895
1.19814
1.19818
1.19916
1.20106
1.20377
1.20713
1.21094
1.21498
1.21901
1.22276
1.22601
1.22859
1.23039
1.23139
1.23158
1.23099
1.22959
1.22736
1.22422
1.22004
1.21468
1.20806
1.20024
1.19177
1.18385
1.17829
1.17678
1.1799
1.18674
1.19544
1.20424
1.21195
1.21806
1.22248
1.22534
1.22686
1.22731
1.227
1.22619
1.22515
1.22407
1.22311
1.22236
1.22185
1.22157
1.22146
1.22147
1.2215
1.22149
1.22139
1.22115
1.22076
1.22019
1.21943
1.21848
1.21735
1.21608
1.21476
1.21355
1.21265
1.2123
1.21275
1.21412
1.21637
1.21932
1.2226
1.22584
1.22869
1.23095
1.23249
1.23332
1.2335
1.23309
1.23217
1.23078
1.22892
1.22659
1.22375
1.22041
1.21658
1.21232
1.20779
1.20323
1.19896
1.19534
1.19271
1.19126
1.19099
1.19167
1.19291
1.19429
1.19539
1.19592
1.19573
1.1948
1.19326
1.19134
1.18932
1.18751
1.18618
1.18556
1.18578
1.18684
1.18865
1.19097
1.19351
1.19596
1.19806
1.19964
1.20058
1.2008
1.20027
1.19893
1.19673
1.19363
1.18961
1.18473
1.17914
1.1731
1.167
1.16129
1.15643
1.15273
1.15026
1.14886
1.14825
1.14819
1.14858
1.14952
1.15118
1.15366
1.15691
1.16068
1.16463
1.16842
1.17177
1.17453
1.17665
1.17816
1.17915
1.17974
1.18006
1.18025
1.1804
1.18058
1.18083
1.18113
1.18144
1.18169
1.18182
1.18177
1.18152
1.18104
1.18036
1.1795
1.17848
1.17735
1.17611
1.17477
1.1733
1.17168
1.16985
1.16781
1.1656
1.1633
1.1611
1.15924
1.15797
1.15749
1.15791
1.15917
1.16109
1.16339
1.16573
1.1678
1.16931
1.17
1.16965
1.16808
1.16521
1.16109
1.15607
1.15077
1.14604
1.14263
1.14084
1.14035
1.14049
1.14064
1.14065
1.14085
1.14182
1.14403
1.14751
1.15189
1.15661
1.16114
1.16516
1.1685
1.17116
1.17317
1.17459
1.17547
1.17584
1.1757
1.17505
1.17389
1.17227
1.17023
1.16788
1.16536
1.16284
1.16051
1.15848
1.15682
1.15548
1.15432
1.1531
1.1516
1.14961
1.14705
1.14397
1.1406
1.13734
1.13465
1.13301
1.13272
1.13388
1.13631
1.13965
1.14349
1.14741
1.15112
1.15444
1.15729
1.15965
1.16158
1.16312
1.16435
1.16533
1.1661
1.16671
1.16719
1.16758
1.16789
1.16812
1.1683
1.16844
1.16852
1.16855
1.16851
1.16839
1.16816
1.16779
1.1672
1.16634
1.16511
1.1634
1.1611
1.15806
1.15418
1.14935
1.14355
1.13684
1.12944
1.12179
1.11458
1.10877
1.10541
1.10527
1.10841
1.11407
1.12102
1.12807
1.13441
1.13965
1.14373
1.14679
1.14898
1.15048
1.15146
1.15204
1.15231
1.15236
1.15225
1.15202
1.1517
1.15134
1.15095
1.15054
1.15013
1.14973
1.14935
1.14899
1.14866
1.14837
1.14814
1.14797
1.14789
1.14792
1.14808
1.14838
1.14885
1.14949
1.15032
1.15131
1.15246
1.15375
1.15514
1.15661
1.1581
1.15958
1.161
1.1623
1.16343
1.16433
1.16494
1.1652
1.16508
1.16456
1.16371
1.16262
1.16148
1.16047
1.15975
1.15939
1.15933
1.15942
1.15946
1.15936
1.15912
1.15895
1.15908
1.15974
1.16099
1.1627
1.16465
1.16657
1.16825
1.16962
1.1707
1.17162
1.1725
1.17349
1.17466
1.17605
1.17764
1.17937
1.18115
1.18291
1.18457
1.18608
1.18743
1.18861
1.18963
1.19052
1.1913
1.19199
1.19261
1.19316
1.19363
1.19401
1.19425
1.19431
1.19414
1.19367
1.19284
1.19161
1.18998
1.18802
1.18589
1.18386
1.18227
1.1815
1.1818
1.18325
1.18573
1.18895
1.19259
1.19635
1.20002
1.20346
1.20657
1.20928
1.21149
1.21307
1.21385
1.21368
1.2124
1.2099
1.20619
1.20139
1.19585
1.19016
1.18506
1.18127
1.1793
1.17925
1.18085
1.18364
1.18712
1.19091
1.19474
1.19844
1.20188
1.20495
1.20754
1.20955
1.21092
1.21162
1.21168
1.21119
1.21028
1.2091
1.20781
1.20656
1.20549
1.20473
1.20439
1.20457
1.20533
1.20665
1.20843
1.21045
1.21243
1.21401
1.21486
1.21467
1.21318
1.21023
1.20577
1.19995
1.19318
1.18616
1.17978
1.17497
1.17231
1.17193
1.17343
1.17613
1.1793
1.1824
1.18511
1.18731
1.18906
1.19047
1.19167
1.19273
1.19368
1.19451
1.19515
1.19555
1.19572
1.19567
1.19551
1.19537
1.19542
1.1958
1.19658
1.19776
1.19924
1.20088
1.20247
1.20381
1.20473
1.20506
1.20467
1.20346
1.20138
1.19845
1.19478
1.19066
1.18654
1.18294
1.1804
1.17925
1.17951
1.18093
1.18307
1.18551
1.18789
1.18999
1.19166
1.19282
1.19341
1.1934
1.19278
1.19154
1.18973
1.1874
1.18458
1.18128
1.17745
1.173
1.16783
1.1619
1.15538
1.14872
1.14264
1.13798
1.13553
1.13581
1.13897
1.14474
1.15247
1.16127
1.17019
1.17845
1.18554
1.19122
1.1955
1.1985
1.20042
1.20147
1.20184
1.20172
1.20123
1.20051
1.19965
1.19874
1.19786
1.19707
1.19643
1.19598
1.19576
1.19576
1.19597
1.19638
1.19693
1.19756
1.19821
1.19881
1.1993
1.19961
1.19969
1.19947
1.19893
1.19802
1.19673
1.19502
1.19292
1.19045
1.18764
1.18456
1.18132
1.17801
1.17476
1.17169
1.16892
1.16653
1.16461
1.1632
1.16232
1.16198
1.16216
1.16284
1.16396
1.16547
1.16729
1.16932
1.17146
1.17359
1.1756
1.17739
1.17884
1.17988
1.18043
1.18043
1.17988
1.1788
1.17729
1.17548
1.17358
1.17178
1.17024
1.16901
1.16802
1.16713
1.16613
1.16487
1.1633
1.16157
1.15997
1.1589
1.15874
1.15968
1.16164
1.16431
1.16727
1.17013
1.1726
1.17453
1.17589
1.17672
1.17709
1.17709
1.1768
1.17631
1.17568
1.17497
1.17424
1.17353
1.17289
1.17235
1.17195
1.17171
1.17165
1.17178
1.1721
1.17261
1.17328
1.17409
1.17502
1.17603
1.1771
1.1782
1.17932
1.18043
1.18153
1.18261
1.18368
1.18472
1.18576
1.18677
1.18778
1.18879
1.18979
1.19079
1.1918
1.19281
1.19381
1.19482
1.19582
1.19681
1.19778
1.19872
1.19963
1.20049
1.20129
1.20203
1.2027
1.20331
1.20385
1.20436
1.20486
1.20539
1.20599
1.2067
1.20753
1.20847
1.20948
1.21047
1.21136
1.21205
1.21247
1.21262
1.21259
1.21254
1.2127
1.21336
1.21472
1.2169
1.21987
1.22348
1.22747
1.23155
1.2354
1.23871
1.24114
1.24231
1.24181
1.23923
1.23423
1.2267
1.21704
1.20638
1.19664
1.19005
1.18825
1.19136
1.19794
1.20592
1.21355
1.21983
1.22442
1.2273
1.2286
1.22849
1.22716
1.22491
1.22211
1.21917
1.21656
1.21466
1.21374
1.21396
1.21532
1.21774
1.22109
1.22519
1.22982
1.23475
1.2397
1.24442
1.24871
1.2524
1.25539
1.25763
1.2591
1.25979
1.25971
1.25889
1.25736
1.2552
1.25255
1.24963
1.24672
1.24419
1.24234
1.2414
1.24139
1.24218
1.24351
1.24508
1.24664
1.24803
1.24916
1.25
1.25059
1.25095
1.25111
1.2511
1.25093
1.25059
1.25006
1.2493
1.24828
1.24694
1.24523
1.2431
1.24051
1.23743
1.23383
1.22975
1.22526
1.22047
1.21559
1.21089
1.20668
1.20328
1.20093
1.19977
1.19979
1.20082
1.20263
1.20494
1.20745
1.20991
1.21212
1.21396
1.21541
1.21654
1.21746
1.21831
1.21918
1.22008
1.22096
1.22168
1.22201
1.2217
1.2205
1.21817
1.21462
1.20997
1.20478
1.20003
1.19694
1.1965
1.19892
1.20352
1.20914
1.21472
1.21954
1.22333
1.22608
1.22789
1.2289
1.22918
1.22876
1.22757
1.22552
1.22241
1.21807
1.21235
1.20524
1.19697
1.18811
1.17949
1.17202
1.16639
1.16278
1.16093
1.16035
1.16073
1.16211
1.16478
1.16903
1.17476
1.1815
1.1885
1.19504
1.20059
1.20492
1.20797
1.20986
1.21077
1.21088
1.21038
1.20942
1.20816
1.20669
1.20512
1.20351
1.20192
1.2004
1.19898
1.19767
1.1965
1.19547
1.19457
1.19381
1.19316
1.19261
1.19214
1.1917
1.19128
1.19085
1.1904
1.18997
1.18962
1.18943
1.18949
1.18989
1.19068
1.19182
1.19325
1.19483
1.19642
1.19787
1.19905
1.1999
1.20039
1.20055
1.20046
1.20021
1.1999
1.19962
1.19942
1.19932
1.19929
1.1993
1.1993
1.19929
1.19928
1.19932
1.19944
1.19967
1.20001
1.20041
1.20082
1.20117
1.20141
1.20152
1.20151
1.20142
1.20133
1.20131
1.20142
1.20173
1.20226
1.20303
1.20402
1.20518
1.20649
1.20787
1.20928
1.21066
1.21196
1.21316
1.21422
1.21511
1.21582
1.21634
1.21666
1.21677
1.21668
1.2164
1.21593
1.2153
1.21453
1.21367
1.21275
1.21181
1.2109
1.21002
1.2092
1.20842
1.20768
1.20696
1.20625
1.20556
1.20493
1.20438
1.20394
1.20365
1.20351
1.2035
1.2036
1.20375
1.2039
1.204
1.20403
1.20394
1.20373
1.20338
1.20291
1.20231
1.20161
1.20081
1.19994
1.19902
1.19807
1.1971
1.19613
1.19517
1.19421
1.19324
1.19229
1.19135
1.19047
1.18971
1.18913
1.1888
1.1888
1.18915
1.18985
1.19086
1.1921
1.19346
1.19481
1.19604
1.19703
1.19771
1.19801
1.1979
1.19738
1.1965
1.19533
1.19397
1.19254
1.19118
1.19002
1.18916
1.18867
1.18858
1.18887
1.1895
1.19042
1.19153
1.19278
1.19408
1.19539
1.19663
1.19778
1.19879
1.19964
1.20032
1.20079
1.20103
1.20098
1.20057
1.19968
1.19822
1.19609
1.19331
1.19001
1.18651
1.18325
1.18075
1.17941
1.17939
1.18066
1.18302
1.18617
1.18985
1.19378
1.19773
1.20151
1.20499
1.20811
1.21084
1.21319
1.21519
1.21682
1.21808
1.21895
1.21941
1.21944
1.2191
1.21849
1.21776
1.21709
1.21666
1.21654
1.21666
1.21682
1.21674
1.21614
1.21479
1.21264
1.20977
1.20646
1.20306
1.19994
1.19735
1.19535
1.19386
1.19273
1.19177
1.19087
1.19
1.18923
1.18871
1.18867
1.18936
1.19095
1.19348
1.19684
1.20077
1.20496
1.20906
1.21283
1.21609
1.21876
1.22083
1.22239
1.22352
1.22432
1.22487
1.22523
1.22538
1.22532
1.225
1.22438
1.22344
1.22217
1.2206
1.2188
1.21688
1.21495
1.21313
1.21153
1.21021
1.2092
1.20846
1.20791
1.20747
1.20703
1.20648
1.20573
1.2047
1.20332
1.20153
1.19931
1.19666
1.19362
1.19034
1.18701
1.18396
1.18154
1.18017
1.18017
1.1817
1.18469
1.18883
1.19367
1.19869
1.20339
1.20741
1.21045
1.21232
1.21289
1.21205
1.20974
1.20596
1.20086
1.19489
1.18881
1.18371
1.18059
1.17993
1.18142
1.18413
1.18701
1.1893
1.19068
1.19119
1.19111
1.19082
1.19067
1.19091
1.19171
1.19306
1.19489
1.197
1.19918
1.20123
1.203
1.20439
1.20535
1.20592
1.20612
1.20605
1.20577
1.20538
1.20497
1.20462
1.20437
1.20424
1.20419
1.20412
1.20385
1.20313
1.20167
1.19916
1.19532
1.19003
1.18338
1.17584
1.16831
1.16195
1.15797
1.15709
1.15933
1.16395
1.16977
1.17564
1.1807
1.18449
1.18693
1.18814
1.18837
1.18791
1.18705
1.18602
1.18506
1.18431
1.1839
1.18387
1.18424
1.18498
1.18602
1.1873
1.18874
1.19025
1.19175
1.19314
1.19435
1.19528
1.19586
1.19601
1.19569
1.19484
1.19343
1.19147
1.18896
1.18592
1.18241
1.17849
1.1742
1.16965
1.16493
1.16021
1.15574
1.15185
1.14896
1.14752
1.14791
1.15028
1.15446
1.15999
1.16625
1.17259
1.17846
1.1835
1.18752
1.19045
1.19233
1.19323
1.19328
1.19261
1.19135
1.18965
1.18764
1.18543
1.18307
1.1806
1.17803
1.17533
1.17251
1.16965
1.16687
1.16436
1.16232
1.16092
1.16023
1.16021
1.16073
1.16165
1.1628
1.16406
1.16536
1.16663
1.16781
1.16885
1.16967
1.17019
1.17029
1.16984
1.1687
1.16671
1.16374
1.15976
1.1549
1.14956
1.14445
1.1405
1.13847
1.13872
1.14095
1.1445
1.14862
1.15277
1.15668
1.16025
1.16349
1.16643
1.16906
1.1714
1.17343
1.17516
1.17659
1.17773
1.1786
1.17922
1.1796
1.17975
1.17965
1.17928
1.17862
1.17762
1.1762
1.17432
1.17194
1.16908
1.16587
1.1626
1.15971
1.15772
1.15706
1.15789
1.15999
1.16288
1.16599
1.16884
1.17116
1.17287
1.17406
1.17492
1.17562
1.17635
1.17722
1.17823
1.17933
1.1804
1.18129
1.18181
1.18177
1.18093
1.17903
1.17578
1.17097
1.16463
1.15731
1.15034
1.1456
1.14475
1.14814
1.15456
1.16204
1.1689
1.17422
1.17778
1.17972
1.18037
1.18005
1.17905
1.17764
1.17604
1.17443
1.17297
1.17176
1.17089
1.17037
1.17023
1.17042
1.17092
1.17169
1.17268
1.17382
1.17508
1.1764
1.17772
1.179
1.18022
1.18134
1.18237
1.18329
1.18412
1.18485
1.18552
1.18612
1.18666
1.18716
1.1876
1.18797
1.18828
1.18849
1.1886
1.18857
1.1884
1.18807
1.18758
1.18691
1.18609
1.18514
1.18408
1.18298
1.18188
1.18086
1.17999
1.17932
1.1789
1.17877
1.17893
1.17937
1.18006
1.18097
1.18204
1.18324
1.18451
1.18582
1.18712
1.18839
1.18958
1.19068
1.19165
1.19248
1.19316
1.19367
1.194
1.19411
1.19397
1.19351
1.19267
1.19142
1.18971
1.18751
1.18478
1.18141
1.17729
1.1723
1.16651
1.16044
1.15521
1.1524
1.15324
1.15783
1.16499
1.17301
1.18042
1.18643
1.19085
1.19383
1.19565
1.19663
1.19706
1.19714
1.19702
1.19681
1.19654
1.19619
1.19573
1.19508
1.19416
1.19289
1.19118
1.189
1.18637
1.18337
1.1802
1.17716
1.17461
1.1729
1.1723
1.17289
1.17458
1.17707
1.18
1.18301
1.18577
1.18806
1.18967
1.19044
1.19025
1.18896
1.18648
1.18279
1.17804
1.17259
1.16707
1.16222
1.15873
1.15697
1.15686
1.15795
1.15967
1.16149
1.16305
1.16419
1.16486
1.16512
1.16507
1.16485
1.16459
1.16442
1.16442
1.16466
1.16515
1.16588
1.16678
1.16782
1.1689
1.16997
1.17096
1.17182
1.17252
1.17302
1.17334
1.17346
1.1734
1.1732
1.17286
1.17244
1.17195
1.17143
1.1709
1.17038
1.16989
1.16944
1.16903
1.16867
1.16837
1.16811
1.16789
1.16772
1.16759
1.1675
1.16743
1.16738
1.16734
1.16731
1.16726
1.16721
1.16713
1.16702
1.16689
1.16674
1.16656
1.16637
1.16615
1.16592
1.16566
1.16537
1.16505
1.16467
1.16423
1.16371
1.16309
1.16233
1.16137
1.16011
1.15847
1.15635
1.1537
1.15056
1.14711
1.14365
1.14057
1.13824
1.13683
1.13631
1.13643
1.13679
1.13705
1.13696
1.13646
1.13565
1.13476
1.13407
1.13386
1.13429
1.13539
1.13707
1.13916
1.14143
1.14365
1.14562
1.14716
1.14815
1.14854
1.14835
1.14766
1.14663
1.1455
1.14451
1.14389
1.14379
1.14422
1.14506
1.14611
1.14713
1.14791
1.14828
1.14814
1.14749
1.14636
1.14484
1.14307
1.1412
1.13935
1.13762
1.13603
1.13453
1.13301
1.13138
1.12958
1.12766
1.12578
1.12418
1.1231
1.12273
1.12309
1.12408
1.1255
1.12711
1.12873
1.13024
1.13159
1.13278
1.13382
1.13475
1.13561
1.1364
1.13716
1.13787
1.13854
1.13917
1.13973
1.14023
1.14066
1.14101
1.14129
1.14151
1.14168
1.14181
1.14193
1.14205
1.1422
1.14238
1.1426
1.14287
1.14316
1.14343
1.14365
1.14377
1.14372
1.14347
1.14297
1.14218
1.14112
1.13978
1.1382
1.13646
1.13463
1.13286
1.13129
1.13012
1.12955
1.12977
1.13088
1.13287
1.13558
1.13879
1.14222
1.1456
1.14876
1.15158
1.15402
1.15609
1.15785
1.15934
1.16061
1.16169
1.16261
1.16335
1.16387
1.16413
1.16404
1.16355
1.16259
1.16114
1.15925
1.15701
1.15462
1.15227
1.15015
1.14836
1.14684
1.14546
1.14402
1.14238
1.14055
1.13876
1.13745
1.13714
1.13825
1.14087
1.14472
1.14923
1.15374
1.15771
1.16086
1.1631
1.16457
1.16551
1.16631
1.16733
1.16892
1.17124
1.17425
1.17773
1.18134
1.18472
1.18759
1.18977
1.19117
1.19181
1.19178
1.19122
1.19037
1.18949
1.18889
1.18884
1.18955
1.19107
1.19335
1.19619
1.19937
1.20264
1.20578
1.20864
1.21111
1.21312
1.21465
1.21572
1.21634
1.21655
1.21641
1.21597
1.21529
1.21441
1.21339
1.21221
1.21086
1.20923
1.20718
1.20453
1.20111
1.19687
1.19194
1.1867
1.18179
1.17799
1.17596
1.17609
1.17838
1.18248
1.18787
1.19399
1.20033
1.20644
1.21204
1.21691
1.22097
1.22419
1.22662
1.22832
1.22937
1.22986
1.22986
1.22941
1.22853
1.22724
1.22554
1.22342
1.22095
1.21828
1.21566
1.21347
1.21208
1.21174
1.21249
1.21412
1.21624
1.21842
1.22027
1.22154
1.22209
1.22188
1.22091
1.21924
1.217
1.21436
1.21155
1.2089
1.20675
1.2054
1.20502
1.20561
1.20696
1.20877
1.2107
1.21244
1.21375
1.21447
1.21451
1.21384
1.21247
1.21049
1.20806
1.20543
1.20289
1.20075
1.19923
1.19838
1.19807
1.19803
1.19792
1.19739
1.19623
1.19433
1.19179
1.18887
1.18601
1.18375
1.18253
1.18261
1.1839
1.18604
1.18857
1.19103
1.19311
1.19464
1.19557
1.19593
1.19579
1.19523
1.19432
1.19315
1.19179
1.19031
1.18877
1.18725
1.18581
1.1845
1.18338
1.18246
1.18174
1.1812
1.18079
1.18048
1.18021
1.17996
1.17972
1.17948
1.17929
1.17916
1.17914
1.17927
1.17957
1.18005
1.18072
1.18156
1.18256
1.18367
1.18487
1.18612
1.18742
1.18873
1.19005
1.19136
1.19265
1.19393
1.19519
1.19641
1.1976
1.19872
1.19975
1.20064
1.20135
1.2018
1.20189
1.20152
1.20061
1.19909
1.19697
1.19443
1.1918
1.18966
1.18862
1.18918
1.19145
1.19509
1.19939
1.20353
1.20675
1.2085
1.20839
1.20621
1.20194
1.19579
1.1883
1.18044
1.17354
1.16898
1.16777
1.17018
1.17562
1.18295
1.19088
1.1983
1.20441
1.20874
1.21109
1.21146
1.21009
1.2074
1.20407
1.20094
1.19884
1.19834
1.19953
1.20195
1.20489
1.20763
1.20973
1.21104
1.21166
1.21181
1.21174
1.21164
1.21163
1.21173
1.21189
1.21197
1.21182
1.2112
1.20987
1.20757
1.20412
1.19941
1.19357
1.18701
1.18045
1.17493
1.17151
1.17101
1.17363
1.17885
1.18565
1.19287
1.19956
1.20513
1.20938
1.21237
1.21431
1.21546
1.21605
1.21624
1.21613
1.21573
1.21503
1.21402
1.21268
1.21101
1.20905
1.20684
1.20446
1.20197
1.19945
1.19697
1.19458
1.19233
1.19023
1.1883
1.18654
1.18495
1.18357
1.18243
1.18158
1.18108
1.18095
1.18119
1.18171
1.18241
1.18313
1.18374
1.18409
1.18409
1.18367
1.18279
1.18146
1.17969
1.17753
1.17509
1.17249
1.16992
1.16756
1.16563
1.16425
1.16346
1.1632
1.16331
1.1636
1.16387
1.16399
1.16387
1.16351
1.16297
1.16235
1.16176
1.16131
1.16105
1.16097
1.16099
1.16102
1.16091
1.16055
1.15984
1.15877
1.1574
1.15591
1.15455
1.15361
1.15336
1.15395
1.15544
1.1577
1.16053
1.16367
1.16686
1.16985
1.17245
1.17451
1.17592
1.17657
1.17636
1.17518
1.17289
1.16935
1.16448
1.15831
1.15109
1.1434
1.13621
1.13066
1.1278
1.12816
1.13152
1.13703
1.14358
1.15018
1.15617
1.16124
1.16534
1.16854
1.17099
1.17283
1.17418
1.17515
1.17582
1.17626
1.17652
1.17667
1.17675
1.17682
1.17693
1.17712
1.17741
1.17782
1.17838
1.17906
1.17985
1.18074
1.18169
1.18268
1.18367
1.18464
1.18557
1.18644
1.1872
1.18785
1.18836
1.18868
1.18879
1.18864
1.18819
1.1874
1.18621
1.18457
1.18242
1.17972
1.17645
1.17259
1.1682
1.16341
1.15846
1.15371
1.14965
1.14681
1.14562
1.14626
1.14859
1.15218
1.15652
1.16107
1.16545
1.16941
1.1728
1.17559
1.17778
1.1794
1.18051
1.18117
1.18148
1.18152
1.18143
1.18134
1.18138
1.18167
1.18229
1.18328
1.18461
1.18624
1.18804
1.18987
1.19154
1.19288
1.19373
1.194
1.19364
1.1927
1.19133
1.18971
1.18809
1.18668
1.18559
1.18482
1.18425
1.18369
1.18296
1.18193
1.18058
1.17898
1.17729
1.17568
1.17432
1.1733
1.17258
1.17208
1.17162
1.17104
1.17019
1.16906
1.16776
1.16654
1.16576
1.16577
1.16677
1.16875
1.17147
1.17456
1.17762
1.18037
1.18263
1.18436
1.18558
1.18638
1.18685
1.18708
1.18713
1.18705
1.18688
1.18659
1.18617
1.18555
1.18464
1.18328
1.18132
1.17852
1.1747
1.16974
1.16377
1.15735
1.15152
1.14758
1.14657
1.14865
1.15301
1.15835
1.16348
1.16768
1.17069
1.17255
1.17343
1.17353
1.17305
1.17216
1.17101
1.16971
1.1684
1.16716
1.16608
1.16523
1.16461
1.1642
1.16395
1.16377
1.16359
1.16336
1.16309
1.16288
1.16289
1.1633
1.16424
1.16573
1.16765
1.16978
1.17183
1.17356
1.1748
1.17549
1.17568
1.17552
1.1752
1.17492
1.17485
1.17506
1.17556
1.17629
1.17712
1.17795
1.17867
1.17922
1.17957
1.17975
1.17976
1.17965
1.17946
1.17924
1.17901
1.17881
1.17866
1.17856
1.17854
1.17859
1.17872
1.17893
1.17923
1.17964
1.18016
1.18082
1.18161
1.18255
1.18362
1.18481
1.1861
1.18744
1.18878
1.19005
1.19113
1.19191
1.19223
1.19193
1.19086
1.18894
1.18618
1.18272
1.17895
1.17542
1.17279
1.17165
1.17232
1.17465
1.17819
1.18228
1.18636
1.19005
1.19318
1.19572
1.19772
1.19926
1.20044
1.20134
1.20206
1.20269
1.20329
1.20394
1.2047
1.20559
1.20663
1.20781
1.20909
1.21043
1.21177
1.21306
1.21425
1.21531
1.21621
1.21695
1.21752
1.21789
1.21807
1.21803
1.21772
1.21708
1.21605
1.21454
1.21249
1.20993
1.20698
1.20397
1.20139
1.19982
1.19971
1.20121
1.20407
1.20775
1.21164
1.21521
1.21813
1.22024
1.22147
1.22185
1.2214
1.22015
1.21818
1.2156
1.21265
1.20973
1.20735
1.20604
1.20621
1.20796
1.21103
1.21492
1.21902
1.2228
1.22586
1.22791
1.22881
1.22847
1.22688
1.22412
1.22043
1.21618
1.21191
1.20815
1.20531
1.20352
1.20265
1.2024
1.20253
1.20294
1.20366
1.20481
1.20646
1.20862
1.21117
1.21396
1.21676
1.21936
1.22151
1.22297
1.22351
1.22294
1.2212
1.21831
1.21451
1.21022
1.20604
1.20259
1.20041
1.19973
1.20044
