-0.381852
-0.38028
-0.379143
-0.378425
-0.378104
-0.378183
-0.378664
-0.379546
-0.380802
-0.382371
-0.384117
-0.385891
-0.387497
-0.388736
-0.389435
-0.389448
-0.388668
-0.387051
-0.384662
-0.381699
-0.378493
-0.375482
-0.373183
-0.372008
-0.372147
-0.373519
-0.375764
-0.378414
-0.381031
-0.383293
-0.385016
-0.386167
-0.386836
-0.387162
-0.387276
-0.387347
-0.387476
-0.387709
-0.388048
-0.38844
-0.388829
-0.389161
-0.389414
-0.389605
-0.389784
-0.390036
-0.390414
-0.391
-0.391818
-0.392826
-0.393961
-0.395099
-0.396117
-0.396883
-0.39731
-0.397344
-0.396958
-0.396211
-0.395198
-0.394076
-0.39305
-0.392318
-0.392075
-0.392423
-0.393403
-0.39496
-0.396956
-0.399215
-0.401547
-0.403812
-0.405896
-0.407711
-0.409232
-0.410439
-0.411352
-0.411992
-0.412409
-0.412637
-0.412745
-0.412783
-0.412823
-0.41291
-0.413081
-0.413366
-0.413788
-0.414315
-0.414934
-0.415623
-0.416324
-0.41703
-0.417715
-0.418367
-0.41899
-0.419594
-0.42019
-0.420791
-0.421402
-0.422035
-0.422651
-0.423202
-0.423602
-0.423774
-0.423643
-0.423112
-0.422126
-0.420652
-0.418701
-0.416289
-0.413469
-0.410356
-0.407093
-0.403962
-0.401314
-0.399595
-0.399151
-0.399985
-0.401389
-0.401835
-0.399163
-0.391271
-0.377296
-0.358845
-0.340451
-0.328095
-0.325866
-0.333253
-0.345734
-0.35787
-0.366366
-0.370981
-0.373746
-0.377153
-0.382497
-0.389348
-0.396201
-0.401521
-0.404365
-0.40453
-0.402363
-0.398605
-0.394147
-0.389902
-0.386634
-0.384849
-0.384725
-0.386182
-0.388876
-0.392397
-0.396301
-0.400216
-0.403847
-0.407009
-0.409616
-0.411619
-0.41304
-0.413913
-0.414289
-0.414212
-0.413714
-0.412854
-0.411619
-0.410057
-0.408183
-0.405999
-0.403593
-0.401023
-0.398418
-0.39592
-0.393667
-0.391827
-0.390524
-0.389853
-0.389837
-0.390414
-0.391469
-0.392783
-0.394119
-0.395224
-0.395853
-0.395816
-0.394985
-0.393326
-0.390857
-0.387724
-0.384124
-0.380323
-0.376614
-0.373258
-0.370533
-0.368612
-0.367602
-0.367565
-0.368443
-0.370088
-0.372284
-0.374778
-0.377296
-0.379591
-0.381467
-0.382799
-0.383507
-0.383613
-0.383175
-0.382273
-0.380999
-0.37949
-0.377851
-0.376241
-0.374822
-0.373785
-0.373291
-0.37343
-0.374168
-0.375329
-0.376682
-0.377932
-0.378826
-0.379186
-0.378971
-0.378278
-0.377281
-0.376236
-0.375385
-0.374942
-0.374985
-0.375552
-0.37655
-0.377871
-0.379405
-0.381052
-0.382764
-0.384503
-0.386273
-0.388046
-0.389838
-0.391626
-0.393394
-0.395125
-0.396793
-0.398385
-0.399907
-0.401351
-0.402702
-0.403985
-0.405223
-0.406409
-0.40756
-0.40869
-0.409786
-0.410868
-0.411914
-0.412929
-0.413894
-0.414796
-0.415653
-0.416441
-0.41716
-0.417807
-0.41838
-0.418865
-0.419239
-0.419498
-0.419593
-0.419535
-0.419283
-0.418843
-0.418164
-0.417216
-0.415912
-0.414231
-0.412139
-0.409668
-0.407001
-0.404449
-0.402445
-0.40154
-0.402181
-0.404648
-0.408923
-0.414687
-0.421352
-0.428304
-0.434894
-0.440624
-0.445113
-0.448157
-0.449673
-0.449692
-0.448368
-0.445951
-0.442818
-0.439352
-0.435894
-0.432565
-0.429251
-0.425619
-0.421307
-0.416278
-0.411107
-0.407099
-0.405859
-0.408514
-0.414967
-0.423946
-0.433658
-0.442573
-0.449808
-0.455083
-0.458522
-0.46047
-0.461338
-0.461501
-0.461286
-0.460939
-0.460641
-0.460485
-0.460498
-0.460624
-0.460812
-0.461001
-0.461148
-0.461173
-0.461022
-0.460645
-0.459995
-0.458999
-0.457641
-0.455924
-0.453908
-0.451736
-0.449597
-0.447722
-0.446356
-0.445678
-0.445782
-0.446682
-0.448311
-0.450572
-0.453321
-0.456407
-0.459659
-0.462942
-0.466103
-0.469029
-0.47163
-0.473879
-0.475755
-0.477281
-0.478527
-0.479526
-0.480376
-0.481154
-0.481914
-0.482719
-0.483598
-0.484593
-0.485687
-0.486847
-0.488022
-0.489125
-0.490019
-0.490576
-0.490626
-0.48998
-0.488499
-0.486045
-0.482523
-0.478005
-0.472647
-0.466817
-0.46105
-0.455992
-0.452224
-0.450131
-0.449706
-0.450573
-0.452123
-0.453654
-0.454619
-0.454681
-0.453778
-0.452115
-0.450074
-0.44812
-0.446766
-0.446388
-0.44723
-0.449329
-0.452574
-0.456733
-0.461576
-0.466873
-0.472439
-0.478128
-0.483763
-0.489214
-0.494312
-0.498926
-0.502926
-0.506202
-0.508668
-0.510236
-0.510826
-0.510318
-0.50856
-0.505352
-0.50043
-0.493529
-0.484477
-0.47333
-0.460645
-0.447563
-0.435646
-0.426222
-0.419631
-0.414988
-0.410878
-0.406418
-0.401963
-0.399009
-0.399205
-0.403226
-0.410307
-0.418752
-0.426899
-0.433629
-0.438465
-0.44138
-0.442564
-0.442265
-0.440727
-0.438192
-0.434835
-0.430816
-0.426297
-0.421417
-0.416351
-0.411344
-0.406631
-0.402534
-0.399351
-0.397285
-0.39646
-0.396883
-0.398427
-0.400886
-0.403982
-0.407446
-0.41103
-0.414488
-0.41765
-0.420368
-0.422545
-0.424108
-0.425062
-0.425411
-0.4252
-0.424508
-0.42341
-0.422015
-0.420396
-0.418617
-0.416742
-0.414768
-0.412654
-0.410325
-0.407695
-0.404659
-0.401165
-0.397156
-0.392686
-0.387879
-0.383014
-0.378442
-0.37458
-0.371784
-0.370252
-0.369965
-0.370707
-0.372129
-0.373795
-0.375353
-0.376528
-0.377123
-0.377037
-0.37624
-0.374726
-0.372554
-0.369802
-0.36666
-0.363365
-0.36023
-0.357584
-0.355728
-0.354825
-0.354882
-0.355738
-0.357121
-0.358705
-0.360209
-0.361411
-0.362136
-0.362282
-0.361772
-0.360497
-0.3583
-0.354946
-0.350184
-0.343752
-0.335549
-0.325983
-0.316197
-0.308141
-0.303975
-0.305027
-0.310886
-0.319694
-0.329236
-0.337841
-0.344732
-0.349827
-0.353397
-0.35584
-0.357513
-0.3587
-0.359584
-0.360279
-0.360864
-0.361352
-0.361727
-0.36199
-0.362076
-0.361925
-0.361431
-0.360442
-0.358782
-0.356254
-0.352673
-0.347896
-0.341934
-0.33507
-0.327905
-0.321384
-0.31656
-0.314324
-0.315078
-0.318664
-0.324492
-0.33178
-0.339731
-0.347645
-0.354983
-0.361327
-0.366423
-0.370134
-0.372401
-0.37327
-0.372804
-0.371183
-0.368584
-0.365226
-0.361233
-0.356553
-0.350936
-0.34407
-0.336031
-0.327739
-0.321277
-0.319169
-0.322907
-0.331762
-0.343186
-0.354394
-0.363538
-0.369949
-0.373794
-0.375623
-0.376109
-0.375901
-0.375552
-0.375515
-0.376045
-0.377279
-0.37917
-0.381559
-0.384164
-0.38668
-0.388815
-0.390366
-0.391216
-0.391446
-0.391223
-0.390837
-0.39058
-0.390731
-0.391437
-0.392677
-0.394302
-0.396102
-0.397856
-0.39937
-0.400485
-0.401115
-0.401173
-0.400574
-0.399251
-0.397162
-0.394274
-0.390681
-0.386623
-0.382513
-0.379024
-0.376878
-0.376667
-0.37859
-0.38239
-0.387447
-0.393007
-0.398417
-0.403258
-0.407327
-0.410576
-0.41307
-0.414873
-0.416057
-0.416649
-0.416645
-0.416038
-0.414812
-0.412961
-0.410557
-0.407707
-0.404631
-0.401609
-0.398935
-0.396918
-0.395759
-0.395566
-0.396291
-0.397786
-0.399805
-0.402135
-0.404564
-0.406968
-0.40926
-0.4114
-0.413397
-0.415224
-0.416919
-0.418434
-0.41977
-0.420884
-0.421751
-0.422313
-0.422513
-0.422305
-0.421613
-0.420435
-0.418709
-0.416488
-0.413845
-0.410907
-0.407881
-0.405043
-0.402692
-0.401113
-0.400508
-0.400964
-0.40243
-0.40475
-0.407658
-0.410865
-0.414073
-0.417
-0.419379
-0.420951
-0.421559
-0.421097
-0.419671
-0.417526
-0.415148
-0.413214
-0.412379
-0.413116
-0.415509
-0.419237
-0.423691
-0.428165
-0.432037
-0.43487
-0.436405
-0.436595
-0.435522
-0.433415
-0.430601
-0.427473
-0.424424
-0.421724
-0.419527
-0.417781
-0.416336
-0.414996
-0.413593
-0.411977
-0.410031
-0.407724
-0.405049
-0.402153
-0.399325
-0.396991
-0.395691
-0.395892
-0.397838
-0.401472
-0.406442
-0.412222
-0.418279
-0.424143
-0.429482
-0.434068
-0.437756
-0.440492
-0.442282
-0.443165
-0.443207
-0.442526
-0.441233
-0.439441
-0.437289
-0.43489
-0.432392
-0.429898
-0.427513
-0.425338
-0.423456
-0.421943
-0.420901
-0.420394
-0.420437
-0.42107
-0.422244
-0.423886
-0.425838
-0.427933
-0.42995
-0.431684
-0.432939
-0.433548
-0.433342
-0.432177
-0.429912
-0.426425
-0.421647
-0.41556
-0.408254
-0.399978
-0.391182
-0.382557
-0.374992
-0.369449
-0.36669
-0.366948
-0.369732
-0.373972
-0.378401
-0.382058
-0.384438
-0.385603
-0.386007
-0.386271
-0.386984
-0.388513
-0.390889
-0.393955
-0.397367
-0.400782
-0.403925
-0.406619
-0.408788
-0.410399
-0.411499
-0.412117
-0.412318
-0.412174
-0.411753
-0.411125
-0.410371
-0.40959
-0.408862
-0.408275
-0.40791
-0.407809
-0.407952
-0.408295
-0.408738
-0.409133
-0.409327
-0.409128
-0.408383
-0.406882
-0.404511
-0.401164
-0.396924
-0.392068
-0.387128
-0.382868
-0.380147
-0.379594
-0.381358
-0.385081
-0.390003
-0.395306
-0.400318
-0.40463
-0.4081
-0.410751
-0.412694
-0.41409
-0.415094
-0.415817
-0.416337
-0.416646
-0.416689
-0.416338
-0.415417
-0.413771
-0.411309
-0.408098
-0.404505
-0.401188
-0.398994
-0.398703
-0.400724
-0.404877
-0.410447
-0.416516
-0.422279
-0.427173
-0.430939
-0.433542
-0.435054
-0.435616
-0.435394
-0.434544
-0.433209
-0.431524
-0.429621
-0.427629
-0.425688
-0.423921
-0.422419
-0.421268
-0.420503
-0.420158
-0.420226
-0.420636
-0.421313
-0.422177
-0.423104
-0.423975
-0.424654
-0.424981
-0.424768
-0.423812
-0.421967
-0.419121
-0.415337
-0.410937
-0.406477
-0.40269
-0.400322
-0.400054
-0.402349
-0.407446
-0.415176
-0.424939
-0.435671
-0.446179
-0.455453
-0.462819
-0.467983
-0.470883
-0.471628
-0.47039
-0.467356
-0.462734
-0.456793
-0.449909
-0.442549
-0.435295
-0.428737
-0.423367
-0.419417
-0.416732
-0.414777
-0.41279
-0.410004
-0.405801
-0.399859
-0.392171
-0.383059
-0.37322
-0.363726
-0.356071
-0.351948
-0.35269
-0.358606
-0.36869
-0.381008
-0.393549
-0.404841
-0.414191
-0.421415
-0.426661
-0.430178
-0.432231
-0.433037
-0.432746
-0.431475
-0.429346
-0.42648
-0.423083
-0.419394
-0.41569
-0.412296
-0.409494
-0.407459
-0.406241
-0.40573
-0.405746
-0.406012
-0.406265
-0.406306
-0.405982
-0.405282
-0.404253
-0.403006
-0.401684
-0.400403
-0.399248
-0.398214
-0.397254
-0.396235
-0.394982
-0.39338
-0.391311
-0.388707
-0.385569
-0.381944
-0.377946
-0.373733
-0.369491
-0.365423
-0.361716
-0.358529
-0.35598
-0.354168
-0.353101
-0.352789
-0.353199
-0.354247
-0.355861
-0.357957
-0.360432
-0.363145
-0.365964
-0.368786
-0.371515
-0.374069
-0.376372
-0.378399
-0.38012
-0.381561
-0.382714
-0.383622
-0.384303
-0.384773
-0.385058
-0.38517
-0.38513
-0.384961
-0.384668
-0.384269
-0.383765
-0.383163
-0.382479
-0.381722
-0.380913
-0.380066
-0.379214
-0.378355
-0.377527
-0.376744
-0.37602
-0.375373
-0.374801
-0.374289
-0.373853
-0.373454
-0.373075
-0.372686
-0.372277
-0.371794
-0.371267
-0.37071
-0.370155
-0.369655
-0.369275
-0.369085
-0.369156
-0.369504
-0.370138
-0.371001
-0.372045
-0.373148
-0.374179
-0.375051
-0.375672
-0.375975
-0.375952
-0.375626
-0.375061
-0.374356
-0.373655
-0.373114
-0.372869
-0.373018
-0.373623
-0.374661
-0.376067
-0.377731
-0.379522
-0.381334
-0.383036
-0.384571
-0.38588
-0.386909
-0.387616
-0.387932
-0.387761
-0.386961
-0.385365
-0.382821
-0.379207
-0.374562
-0.369141
-0.3635
-0.358456
-0.354862
-0.353406
-0.354318
-0.357363
-0.361995
-0.367568
-0.373486
-0.37929
-0.384689
-0.389498
-0.393641
-0.397066
-0.399755
-0.401667
-0.402764
-0.402979
-0.402272
-0.400653
-0.398239
-0.395268
-0.39208
-0.389081
-0.386672
-0.385148
-0.384633
-0.385097
-0.386356
-0.388214
-0.390499
-0.393132
-0.396073
-0.399289
-0.402688
-0.406118
-0.409323
-0.411992
-0.413814
-0.414433
-0.413432
-0.410342
-0.404604
-0.395798
-0.383902
-0.369893
-0.356221
-0.346488
-0.343745
-0.348537
-0.358512
-0.370277
-0.381235
-0.390225
-0.397201
-0.402586
-0.406888
-0.410505
-0.413683
-0.416556
-0.419131
-0.421414
-0.423317
-0.424812
-0.425849
-0.426414
-0.426532
-0.426247
-0.425692
-0.425022
-0.424449
-0.424179
-0.424362
-0.425058
-0.426179
-0.42752
-0.428834
-0.429854
-0.430399
-0.430341
-0.429709
-0.428626
-0.427308
-0.426079
-0.425236
-0.425008
-0.425442
-0.426277
-0.427048
-0.427158
-0.426068
-0.423515
-0.419612
-0.414945
-0.410392
-0.406945
-0.405305
-0.405699
-0.407872
-0.411305
-0.415373
-0.419536
-0.423331
-0.426423
-0.42861
-0.429809
-0.43005
-0.429459
-0.428244
-0.426614
-0.424813
-0.423049
-0.421528
-0.420422
-0.419812
-0.419749
-0.420196
-0.421116
-0.422395
-0.423927
-0.425613
-0.427338
-0.428969
-0.430387
-0.431417
-0.431914
-0.431709
-0.430673
-0.428676
-0.425674
-0.4217
-0.416907
-0.411572
-0.406087
-0.400896
-0.396442
-0.393025
-0.390748
-0.389502
-0.388965
-0.388748
-0.388434
-0.387752
-0.386587
-0.384991
-0.383148
-0.3813
-0.37967
-0.378413
-0.377611
-0.377273
-0.377365
-0.377845
-0.378639
-0.379659
-0.380739
-0.381693
-0.382315
-0.382441
-0.381975
-0.380919
-0.379363
-0.377449
-0.375356
-0.373309
-0.371402
-0.369705
-0.36816
-0.366663
-0.365061
-0.363221
-0.361055
-0.35854
-0.35574
-0.352735
-0.349697
-0.346792
-0.34421
-0.342154
-0.340791
-0.340292
-0.340744
-0.342174
-0.344525
-0.34765
-0.351342
-0.355344
-0.359414
-0.363335
-0.366937
-0.370086
-0.372704
-0.374757
-0.376209
-0.377037
-0.377208
-0.3767
-0.37547
-0.373489
-0.370725
-0.367214
-0.363049
-0.358449
-0.35373
-0.349303
-0.345598
-0.342932
-0.34144
-0.340986
-0.341271
-0.34194
-0.342644
-0.343186
-0.343487
-0.343583
-0.343582
-0.343655
-0.343933
-0.344555
-0.34559
-0.347075
-0.348973
-0.351208
-0.35368
-0.356226
-0.358719
-0.361009
-0.362943
-0.364404
-0.365272
-0.365488
-0.365042
-0.363928
-0.362247
-0.360147
-0.357837
-0.355606
-0.353748
-0.352566
-0.352278
-0.353049
-0.354861
-0.357614
-0.361037
-0.364822
-0.368615
-0.372101
-0.375015
-0.37719
-0.378558
-0.379136
-0.379054
-0.378448
-0.37754
-0.376523
-0.375557
-0.374772
-0.37421
-0.373887
-0.373761
-0.373731
-0.373679
-0.373497
-0.3731
-0.372478
-0.371731
-0.371043
-0.370677
-0.370918
-0.372006
-0.374106
-0.377212
-0.381166
-0.385698
-0.390455
-0.39509
-0.399256
-0.402711
-0.405211
-0.406609
-0.406752
-0.405517
-0.402823
-0.398628
-0.392949
-0.3859
-0.377779
-0.369072
-0.360502
-0.352957
-0.347321
-0.344289
-0.344159
-0.34668
-0.351185
-0.356813
-0.362762
-0.368445
-0.373618
-0.378253
-0.382432
-0.386151
-0.389209
-0.391247
-0.391769
-0.390354
-0.386751
-0.38095
-0.373282
-0.364469
-0.355535
-0.347749
-0.342379
-0.340454
-0.342468
-0.348341
-0.357389
-0.368586
-0.380785
-0.392932
-0.404148
-0.413835
-0.421662
-0.42746
-0.431191
-0.432907
-0.43265
-0.430465
-0.42637
-0.420358
-0.41247
-0.402834
-0.391815
-0.380082
-0.368722
-0.359105
-0.352563
-0.349873
-0.350907
-0.354772
-0.360238
-0.366258
-0.37214
-0.377591
-0.382451
-0.386635
-0.39004
-0.392523
-0.393929
-0.394135
-0.392978
-0.390427
-0.386578
-0.381735
-0.376406
-0.371245
-0.366939
-0.363954
-0.362431
-0.362209
-0.362866
-0.36395
-0.365095
-0.366064
-0.366792
-0.367394
-0.368138
-0.369347
-0.371339
-0.374333
-0.378356
-0.383202
-0.388532
-0.39392
-0.39898
-0.403418
-0.407013
-0.409679
-0.411376
-0.412102
-0.411857
-0.410685
-0.408594
-0.405594
-0.401708
-0.396947
-0.391363
-0.385034
-0.378088
-0.370736
-0.363276
-0.356066
-0.34957
-0.344195
-0.340313
-0.338233
-0.338081
-0.339885
-0.343523
-0.348727
-0.355135
-0.362282
-0.369732
-0.377124
-0.384235
-0.390938
-0.397188
-0.402922
-0.408085
-0.412575
-0.416317
-0.419241
-0.421269
-0.422359
-0.422458
-0.421543
-0.419538
-0.416395
-0.41208
-0.406571
-0.399966
-0.392466
-0.38445
-0.376451
-0.369164
-0.363319
-0.359499
-0.358052
-0.358991
-0.36203
-0.366697
-0.372463
-0.378815
-0.385342
-0.391739
-0.397802
-0.403411
-0.408486
-0.412993
-0.416897
-0.420157
-0.422723
-0.424518
-0.425473
-0.425506
-0.424552
-0.42261
-0.419767
-0.416235
-0.412339
-0.408395
-0.40465
-0.401179
-0.397814
-0.394272
-0.390355
-0.386092
-0.381788
-0.377878
-0.374633
-0.371925
-0.369145
-0.365461
-0.360053
-0.352468
-0.342819
-0.33185
-0.320921
-0.311759
-0.306062
-0.304986
-0.308861
-0.317142
-0.328642
-0.341906
-0.355557
-0.368469
-0.379889
-0.38937
-0.396759
-0.402057
-0.405448
-0.40717
-0.407522
-0.406864
-0.40553
-0.403847
-0.402088
-0.400443
-0.399039
-0.397905
-0.397031
-0.396337
-0.395763
-0.395242
-0.394735
-0.394199
-0.393612
-0.392991
-0.392369
-0.39175
-0.391173
-0.390661
-0.390241
-0.389953
-0.389791
-0.389768
-0.389896
-0.390163
-0.390508
-0.390927
-0.391386
-0.391847
-0.392271
-0.392631
-0.392883
-0.392999
-0.39295
-0.392725
-0.39227
-0.391557
-0.390538
-0.389144
-0.387315
-0.384995
-0.3821
-0.37863
-0.374601
-0.37015
-0.365501
-0.361023
-0.357186
-0.354484
-0.353336
-0.353916
-0.356079
-0.359434
-0.363435
-0.367606
-0.371683
-0.375694
-0.379879
-0.384527
-0.389773
-0.39544
-0.401101
-0.406188
-0.410142
-0.412522
-0.413049
-0.411607
-0.40827
-0.403308
-0.397261
-0.390881
-0.385072
-0.380647
-0.378111
-0.377469
-0.378256
-0.379737
-0.381187
-0.382028
-0.381933
-0.380749
-0.378495
-0.37528
-0.371333
-0.366917
-0.362495
-0.358642
-0.356036
-0.355268
-0.356667
-0.36012
-0.365095
-0.370747
-0.376218
-0.380833
-0.384171
-0.386131
-0.386801
-0.386445
-0.385442
-0.384237
-0.383226
-0.382672
-0.382743
-0.383418
-0.384539
-0.385931
-0.387388
-0.388751
-0.389922
-0.390841
-0.391514
-0.391964
-0.392195
-0.392245
-0.392146
-0.391907
-0.391547
-0.391053
-0.390381
-0.3895
-0.388348
-0.386828
-0.384831
-0.382223
-0.378842
-0.374608
-0.369428
-0.363339
-0.356537
-0.349419
-0.342603
-0.336869
-0.332922
-0.331257
-0.331945
-0.334626
-0.338691
-0.343466
-0.348355
-0.352898
-0.356731
-0.359578
-0.361315
-0.362053
-0.362182
-0.362314
-0.363163
-0.365208
-0.368544
-0.372813
-0.377457
-0.381903
-0.385724
-0.388723
-0.390813
-0.391989
-0.392191
-0.391356
-0.389373
-0.3862
-0.381944
-0.376945
-0.371842
-0.367499
-0.364829
-0.364518
-0.366727
-0.371041
-0.376568
-0.382252
-0.387195
-0.390878
-0.393279
-0.39478
-0.39603
-0.397683
-0.400184
-0.403655
-0.407832
-0.412254
-0.416436
-0.42
-0.42272
-0.424539
-0.425453
-0.425535
-0.424878
-0.423553
-0.421652
-0.419269
-0.41647
-0.413328
-0.409917
-0.406303
-0.402554
-0.398741
-0.394981
-0.391433
-0.388322
-0.385881
-0.384427
-0.384214
-0.385423
-0.388045
-0.391944
-0.396871
-0.402498
-0.408511
-0.414632
-0.420649
-0.426377
-0.431697
-0.436501
-0.440695
-0.444237
-0.447064
-0.449137
-0.450418
-0.450889
-0.450523
-0.449296
-0.447175
-0.444146
-0.440177
-0.435217
-0.429166
-0.421902
-0.413378
-0.403764
-0.393598
-0.383933
-0.376198
-0.371714
-0.371142
-0.374149
-0.379674
-0.386414
-0.393365
-0.399932
-0.405887
-0.411193
-0.415863
-0.419926
-0.423422
-0.426341
-0.428699
-0.430544
-0.431917
-0.432907
-0.433565
-0.433997
-0.434258
-0.434439
-0.434577
-0.434727
-0.434894
-0.435038
-0.435117
-0.435059
-0.434776
-0.434147
-0.433083
-0.431496
-0.429307
-0.42653
-0.423203
-0.419452
-0.415482
-0.411566
-0.40797
-0.404917
-0.402549
-0.400876
-0.399768
-0.399015
-0.398355
-0.397532
-0.396424
-0.395095
-0.393893
-0.393372
-0.39417
-0.396756
-0.401101
-0.406757
-0.412936
-0.41888
-0.42393
-0.427708
-0.430052
-0.430965
-0.430495
-0.428765
-0.425904
-0.42203
-0.417302
-0.411899
-0.406054
-0.400071
-0.394314
-0.389152
-0.384982
-0.38212
-0.380718
-0.380775
-0.38207
-0.384275
-0.386928
-0.389617
-0.391988
-0.393746
-0.394729
-0.394858
-0.394092
-0.392431
-0.389885
-0.386463
-0.382162
-0.377072
-0.371407
-0.365604
-0.360374
-0.356576
-0.355024
-0.356131
-0.359769
-0.365218
-0.371545
-0.377857
-0.383535
-0.388239
-0.391906
-0.39461
-0.39653
-0.397845
-0.398741
-0.399383
-0.399884
-0.400347
-0.400841
-0.401415
-0.402082
-0.40285
-0.403713
-0.404672
-0.405713
-0.40681
-0.407948
-0.409092
-0.410233
-0.411333
-0.412342
-0.41324
-0.413956
-0.414418
-0.414547
-0.414246
-0.413415
-0.41191
-0.409604
-0.40636
-0.402056
-0.396582
-0.389894
-0.382037
-0.373141
-0.363534
-0.35372
-0.344348
-0.336174
-0.329912
-0.326188
-0.325388
-0.327586
-0.332551
-0.339775
-0.348549
-0.358111
-0.367721
-0.376748
-0.384799
-0.391664
-0.397341
-0.401952
-0.405715
-0.408882
-0.411664
-0.414264
-0.416749
-0.419091
-0.421212
-0.422959
-0.424161
-0.424643
-0.42422
-0.422747
-0.420117
-0.41628
-0.411266
-0.405233
-0.398506
-0.39156
-0.385011
-0.379495
-0.375577
-0.373546
-0.373387
-0.374808
-0.37733
-0.380464
-0.383774
-0.386981
-0.389921
-0.392483
-0.394599
-0.396157
-0.397025
-0.39705
-0.396106
-0.39419
-0.391527
-0.388553
-0.385906
-0.384292
-0.384203
-0.385731
-0.38856
-0.392119
-0.395808
-0.399169
-0.40197
-0.404164
-0.405843
-0.40716
-0.408255
-0.409269
-0.410324
-0.411472
-0.412761
-0.41416
-0.415656
-0.41718
-0.418652
-0.420015
-0.421189
-0.422102
-0.422703
-0.422914
-0.422689
-0.421981
-0.420735
-0.418927
-0.416561
-0.413684
-0.410408
-0.406884
-0.40338
-0.400182
-0.397556
-0.39569
-0.394613
-0.394163
-0.393967
-0.393521
-0.392294
-0.389838
-0.385864
-0.380396
-0.373845
-0.366979
-0.360958
-0.356974
-0.355989
-0.358364
-0.363722
-0.371156
-0.379538
-0.387867
-0.395456
-0.401937
-0.407108
-0.410883
-0.413188
-0.41391
-0.412898
-0.410043
-0.405304
-0.3988
-0.390914
-0.382398
-0.374386
-0.368293
-0.365535
-0.366966
-0.372406
-0.380635
-0.389911
-0.39869
-0.405965
-0.411364
-0.414916
-0.416877
-0.417607
-0.417442
-0.416636
-0.415419
-0.413943
-0.412308
-0.410555
-0.40873
-0.406839
-0.404877
-0.402828
-0.400691
-0.398473
-0.396198
-0.393872
-0.391587
-0.389411
-0.387489
-0.38603
-0.38525
-0.385352
-0.3864
-0.38828
-0.390662
-0.393101
-0.395106
-0.396235
-0.396204
-0.39493
-0.392525
-0.389298
-0.38575
-0.382506
-0.380177
-0.379238
-0.379892
-0.381998
-0.385114
-0.388695
-0.392184
-0.395159
-0.397377
-0.398732
-0.399238
-0.398999
-0.398134
-0.396747
-0.394928
-0.39274
-0.390223
-0.387435
-0.384471
-0.381525
-0.378858
-0.376815
-0.375755
-0.375977
-0.377671
-0.380829
-0.385297
-0.390732
-0.396734
-0.402846
-0.408699
-0.413995
-0.418524
-0.422154
-0.424812
-0.426453
-0.427047
-0.426551
-0.424924
-0.422105
-0.418064
-0.412792
-0.406357
-0.398927
-0.390804
-0.382391
-0.374213
-0.366872
-0.361156
-0.357981
-0.358279
-0.362499
-0.370065
-0.379396
-0.388485
-0.395595
-0.399719
-0.400713
-0.399198
-0.39641
-0.393928
-0.393167
-0.39484
-0.398613
-0.403428
-0.407939
-0.411083
-0.412326
-0.411695
-0.409707
-0.407213
-0.4052
-0.404441
-0.405244
-0.407353
-0.410137
-0.412808
-0.414694
-0.415422
-0.414878
-0.413225
-0.410804
-0.408058
-0.405501
-0.403634
-0.402834
-0.403286
-0.40498
-0.407725
-0.411226
-0.415156
-0.41922
-0.423208
-0.42701
-0.430577
-0.433904
-0.437007
-0.4399
-0.442566
-0.444983
-0.447143
-0.449025
-0.450599
-0.451906
-0.452942
-0.45374
-0.45425
-0.454384
-0.453967
-0.452765
-0.450553
-0.447163
-0.442594
-0.437142
-0.431434
-0.426383
-0.422953
-0.421891
-0.423471
-0.427395
-0.432935
-0.439168
-0.445217
-0.450387
-0.454203
-0.456393
-0.456833
-0.45549
-0.452376
-0.447568
-0.441131
-0.433191
-0.423892
-0.413381
-0.401866
-0.389612
-0.377078
-0.364945
-0.35424
-0.346148
-0.341704
-0.34148
-0.345323
-0.352472
-0.361842
-0.372239
-0.38254
-0.391826
-0.399473
-0.405183
-0.409069
-0.411592
-0.413512
-0.415665
-0.418769
-0.42314
-0.428612
-0.43469
-0.440732
-0.446192
-0.450756
-0.454318
-0.456944
-0.458791
-0.460024
-0.460822
-0.461276
-0.461468
-0.461432
-0.461172
-0.460667
-0.459879
-0.458788
-0.457329
-0.455468
-0.453178
-0.450459
-0.447366
-0.443983
-0.440525
-0.437229
-0.434362
-0.432147
-0.4307
-0.429983
-0.429813
-0.429884
-0.429842
-0.429308
-0.427935
-0.425386
-0.421363
-0.41574
-0.408629
-0.400636
-0.392984
-0.387339
-0.385229
-0.387299
-0.392988
-0.400858
-0.409467
-0.417814
-0.425522
-0.432605
-0.439203
-0.445388
-0.45113
-0.456267
-0.460641
-0.464137
-0.466669
-0.46829
-0.469069
-0.469142
-0.46863
-0.467629
-0.466195
-0.464339
-0.462055
-0.459344
-0.45624
-0.452882
-0.449496
-0.446336
-0.443692
-0.441804
-0.440824
-0.440759
-0.441477
-0.442706
-0.44408
-0.445234
-0.445831
-0.445622
-0.444477
-0.442346
-0.43932
-0.435536
-0.431185
-0.426532
-0.421833
-0.417418
-0.413686
-0.411144
-0.4104
-0.412006
-0.416141
-0.422342
-0.429504
-0.436161
-0.44082
-0.442317
-0.439844
-0.43305
-0.422197
-0.408365
-0.393735
-0.381349
-0.374301
-0.374454
-0.381498
-0.393213
-0.406652
-0.419314
-0.429746
-0.437456
-0.442591
-0.445636
-0.447116
-0.447513
-0.447192
-0.446422
-0.445334
-0.444012
-0.442457
-0.440652
-0.438577
-0.436176
-0.433416
-0.430232
-0.426544
-0.422253
-0.417232
-0.411352
-0.404517
-0.396771
-0.388276
-0.379499
-0.371137
-0.364005
-0.358905
-0.356461
-0.357046
-0.360713
-0.367142
-0.375548
-0.384807
-0.393814
-0.401683
-0.407962
-0.412536
-0.41552
-0.417152
-0.417708
-0.417451
-0.416629
-0.415436
-0.414054
-0.412628
-0.411294
-0.41012
-0.409185
-0.408498
-0.408038
-0.407761
-0.407576
-0.407384
-0.407052
-0.406473
-0.405525
-0.404086
-0.402086
-0.39946
-0.396193
-0.392297
-0.387936
-0.383329
-0.378843
-0.374948
-0.372135
-0.370823
-0.371271
-0.373485
-0.377209
-0.382012
-0.387371
-0.392805
-0.39788
-0.40229
-0.40584
-0.408404
-0.409962
-0.410575
-0.410394
-0.409642
-0.408628
-0.407701
-0.407196
-0.407354
-0.408284
-0.409953
-0.412182
-0.414735
-0.417411
-0.420036
-0.422524
-0.424841
-0.426931
-0.428797
-0.430357
-0.431492
-0.432005
-0.43168
-0.430301
-0.427696
-0.423821
-0.418842
-0.413161
-0.407441
-0.402436
-0.398777
-0.396871
-0.396794
-0.398347
-0.401108
-0.404522
-0.408005
-0.41104
-0.413273
-0.414531
-0.41486
-0.414395
-0.413345
-0.411939
-0.410379
-0.408842
-0.407493
-0.40648
-0.405927
-0.405918
-0.40652
-0.407729
-0.409464
-0.411566
-0.413841
-0.415996
-0.417719
-0.418664
-0.418554
-0.417127
-0.414263
-0.409971
-0.404429
-0.397983
-0.391112
-0.384348
-0.378198
-0.373104
-0.369477
-0.367672
-0.367876
-0.369997
-0.373578
-0.377926
-0.382381
-0.3864
-0.389722
-0.392346
-0.394386
-0.396004
-0.397324
-0.398411
-0.399301
-0.400003
-0.400539
-0.400958
-0.401315
-0.401657
-0.40202
-0.402392
-0.402721
-0.402939
-0.402983
-0.40282
-0.402419
-0.401805
-0.40102
-0.400136
-0.399215
-0.398345
-0.3976
-0.397016
-0.396621
-0.396401
-0.396305
-0.39625
-0.396156
-0.395915
-0.395439
-0.394644
-0.393454
-0.39183
-0.389756
-0.387264
-0.384432
-0.38145
-0.378569
-0.376102
-0.374368
-0.37361
-0.37385
-0.374859
-0.376206
-0.377381
-0.377916
-0.37753
-0.376188
-0.374168
-0.371974
-0.370233
-0.369513
-0.370125
-0.37206
-0.375025
-0.378569
-0.38225
-0.385736
-0.388803
-0.391348
-0.393346
-0.39481
-0.395756
-0.396184
-0.396157
-0.395742
-0.395019
-0.394149
-0.393321
-0.392782
-0.392776
-0.393517
-0.395137
-0.397616
-0.400829
-0.404521
-0.40837
-0.412009
-0.415085
-0.417213
-0.417971
-0.416864
-0.413336
-0.406835
-0.396995
-0.38387
-0.368322
-0.352106
-0.337561
-0.326701
-0.320467
-0.318822
-0.321735
-0.329774
-0.343277
-0.360991
-0.380079
-0.397543
-0.411531
-0.421561
-0.428054
-0.43176
-0.433441
-0.43373
-0.433103
-0.431876
-0.430248
-0.428353
-0.42625
-0.423972
-0.421535
-0.418932
-0.416188
-0.413326
-0.410408
-0.407525
-0.404784
-0.402325
-0.400287
-0.398784
-0.397848
-0.397483
-0.397626
-0.398171
-0.39903
-0.400067
-0.401218
-0.402427
-0.403643
-0.404831
-0.40594
-0.4069
-0.407617
-0.408025
-0.408019
-0.407571
-0.406684
-0.405449
-0.404026
-0.402627
-0.401515
-0.400857
-0.400755
-0.40114
-0.401849
-0.402613
-0.403133
-0.403168
-0.402496
-0.400925
-0.398371
-0.394876
-0.390729
-0.386506
-0.383065
-0.381336
-0.381968
-0.385029
-0.389943
-0.395791
-0.401638
-0.406875
-0.411176
-0.414536
-0.417086
-0.418997
-0.420466
-0.421601
-0.422467
-0.423092
-0.423447
-0.423491
-0.423195
-0.42249
-0.421353
-0.419784
-0.41779
-0.41537
-0.412574
-0.409437
-0.406015
-0.402369
-0.398575
-0.394729
-0.390948
-0.387431
-0.384391
-0.382112
-0.380892
-0.380955
-0.382429
-0.385273
-0.389336
-0.394373
-0.400091
-0.406156
-0.412198
-0.417832
-0.422707
-0.426571
-0.429271
-0.430772
-0.431064
-0.430164
-0.428074
-0.42473
-0.420011
-0.413734
-0.405704
-0.395763
-0.384046
-0.371336
-0.359458
-0.351124
-0.348856
-0.353539
-0.363797
-0.376859
-0.390051
-0.401621
-0.410787
-0.417422
-0.421703
-0.423971
-0.424658
-0.424187
-0.422987
-0.421421
-0.419801
-0.418368
-0.417239
-0.416483
-0.416062
-0.415901
-0.415907
-0.415959
-0.415947
-0.415785
-0.41543
-0.414839
-0.413981
-0.412847
-0.411429
-0.409732
-0.407822
-0.40584
-0.40402
-0.402674
-0.402155
-0.402821
-0.404868
-0.408255
-0.412678
-0.4176
-0.422461
-0.426744
-0.430123
-0.432433
-0.433682
-0.43394
-0.433328
-0.431957
-0.429871
-0.427085
-0.423593
-0.419354
-0.414343
-0.408589
-0.402204
-0.39541
-0.388555
-0.382142
-0.376715
-0.372765
-0.370589
-0.370187
-0.371195
-0.373063
-0.375124
-0.37677
-0.377568
-0.37727
-0.37588
-0.373568
-0.370683
-0.367654
-0.36494
-0.362963
-0.362032
-0.36236
-0.363953
-0.366652
-0.370143
-0.373946
-0.37762
-0.380772
-0.383143
-0.384544
-0.384879
-0.384082
-0.382074
-0.378766
-0.374109
-0.368087
-0.360766
-0.352374
-0.343314
-0.334157
-0.325602
-0.318316
-0.312754
-0.309043
-0.306949
-0.306044
-0.305946
-0.306534
-0.307948
-0.310439
-0.314163
-0.319023
-0.324681
-0.330605
-0.336283
-0.341308
-0.345441
-0.348614
-0.350891
-0.352369
-0.35326
-0.353747
-0.354023
-0.354242
-0.354526
-0.354905
-0.355364
-0.355828
-0.356205
-0.356393
-0.356321
-0.355939
-0.355234
-0.35422
-0.352929
-0.351408
-0.349709
-0.347846
-0.345838
-0.34364
-0.34119
-0.338453
-0.335397
-0.332068
-0.328618
-0.325327
-0.322533
-0.32063
-0.319922
-0.320553
-0.322448
-0.325317
-0.328759
-0.332274
-0.335378
-0.337642
-0.338685
-0.338162
-0.335807
-0.331493
-0.325314
-0.317785
-0.309832
-0.302736
-0.297619
-0.294935
-0.294206
-0.294421
-0.294649
-0.294655
-0.294947
-0.296403
-0.299712
-0.304926
-0.311503
-0.318584
-0.325366
-0.331388
-0.336407
-0.340392
-0.343405
-0.345541
-0.346857
-0.3474
-0.347188
-0.346212
-0.344485
-0.342048
-0.338984
-0.335456
-0.331667
-0.327895
-0.324393
-0.321357
-0.318879
-0.31687
-0.315117
-0.313294
-0.311035
-0.308059
-0.304216
-0.299602
-0.294559
-0.289658
-0.285623
-0.283156
-0.28272
-0.284452
-0.288098
-0.293119
-0.298868
-0.304753
-0.310317
-0.315299
-0.319572
-0.323125
-0.326008
-0.328325
-0.33016
-0.331617
-0.332774
-0.333704
-0.33443
-0.335011
-0.335471
-0.335826
-0.336089
-0.336287
-0.3364
-0.336447
-0.336398
-0.336217
-0.335885
-0.335319
-0.334429
-0.333133
-0.331292
-0.328746
-0.325288
-0.320748
-0.314919
-0.30768
-0.298975
-0.288915
-0.277837
-0.266356
-0.255546
-0.246833
-0.241784
-0.241575
-0.24628
-0.254768
-0.265199
-0.275775
-0.28527
-0.293139
-0.299275
-0.303853
-0.307138
-0.3094
-0.31086
-0.311722
-0.312132
-0.312201
-0.312027
-0.311678
-0.311212
-0.310662
-0.310065
-0.309447
-0.308841
-0.308244
-0.307661
-0.307115
-0.306619
-0.306178
-0.305832
-0.30558
-0.305462
-0.30551
-0.305744
-0.306203
-0.306908
-0.307867
-0.309104
-0.310593
-0.312329
-0.314268
-0.31636
-0.318554
-0.320803
-0.323032
-0.325154
-0.327102
-0.328806
-0.330158
-0.331072
-0.331451
-0.331257
-0.330494
-0.329205
-0.327571
-0.325859
-0.324334
-0.323261
-0.322724
-0.322654
-0.3228
-0.32286
-0.322701
-0.322344
-0.322075
-0.322274
-0.323266
-0.325131
-0.327708
-0.330629
-0.333502
-0.336029
-0.338081
-0.339717
-0.341086
-0.342403
-0.343893
-0.345647
-0.347727
-0.350107
-0.352693
-0.355366
-0.357992
-0.360484
-0.362759
-0.364789
-0.366561
-0.368097
-0.36943
-0.370595
-0.371623
-0.372539
-0.373364
-0.374083
-0.374649
-0.375019
-0.375111
-0.374851
-0.374142
-0.372897
-0.371057
-0.368623
-0.365685
-0.362488
-0.359433
-0.357054
-0.355897
-0.35634
-0.358521
-0.362245
-0.367086
-0.372548
-0.378186
-0.38368
-0.388843
-0.393515
-0.397583
-0.400895
-0.403256
-0.404436
-0.404168
-0.402244
-0.398507
-0.392932
-0.385731
-0.377426
-0.368894
-0.36123
-0.355546
-0.352594
-0.352522
-0.354935
-0.359115
-0.364336
-0.370013
-0.375762
-0.38131
-0.386478
-0.391096
-0.394987
-0.398007
-0.400054
-0.401104
-0.401198
-0.40047
-0.399101
-0.397332
-0.395392
-0.393511
-0.391911
-0.390761
-0.390251
-0.390506
-0.391637
-0.393615
-0.396283
-0.399319
-0.402283
-0.40467
-0.405952
-0.405668
-0.403441
-0.399009
-0.392316
-0.383586
-0.373439
-0.362898
-0.353337
-0.346109
-0.342128
-0.341558
-0.34381
-0.347846
-0.352613
-0.35726
-0.361325
-0.364637
-0.367254
-0.369358
-0.37115
-0.372746
-0.374176
-0.37541
-0.376376
-0.376994
-0.377233
-0.377148
-0.376902
-0.37669
-0.376769
-0.377323
-0.378496
-0.380256
-0.382477
-0.384934
-0.387323
-0.389345
-0.390717
-0.391209
-0.390619
-0.388809
-0.385699
-0.381285
-0.375793
-0.369622
-0.363439
-0.35805
-0.354241
-0.352511
-0.352901
-0.355029
-0.358249
-0.361899
-0.365476
-0.368624
-0.371126
-0.372865
-0.373749
-0.37374
-0.372801
-0.370948
-0.368234
-0.364737
-0.360498
-0.355553
-0.349819
-0.343154
-0.335392
-0.326495
-0.316714
-0.30673
-0.297587
-0.290602
-0.286926
-0.287346
-0.292083
-0.300736
-0.312338
-0.325545
-0.33893
-0.351316
-0.361948
-0.37046
-0.376872
-0.381374
-0.384257
-0.385824
-0.386404
-0.386203
-0.385484
-0.384402
-0.383112
-0.381749
-0.380421
-0.379241
-0.378293
-0.377618
-0.377286
-0.377287
-0.377612
-0.378224
-0.379037
-0.379988
-0.380966
-0.381874
-0.382603
-0.383058
-0.383174
-0.382869
-0.382056
-0.380704
-0.378747
-0.376185
-0.373038
-0.369324
-0.36511
-0.360499
-0.355628
-0.350667
-0.345792
-0.341185
-0.337029
-0.333444
-0.33056
-0.328439
-0.327122
-0.326616
-0.326897
-0.327917
-0.329585
-0.331853
-0.334577
-0.33762
-0.340821
-0.34403
-0.347051
-0.34973
-0.351909
-0.353463
-0.354279
-0.354288
-0.353463
-0.351845
-0.349575
-0.346879
-0.344029
-0.341323
-0.339009
-0.337155
-0.335683
-0.334343
-0.332843
-0.33094
-0.328602
-0.325997
-0.323597
-0.322
-0.321763
-0.323174
-0.32612
-0.330131
-0.33457
-0.338863
-0.342572
-0.345476
-0.347515
-0.348758
-0.349323
-0.349308
-0.348877
-0.348149
-0.347199
-0.346142
-0.345048
-0.343988
-0.343026
-0.342228
-0.341623
-0.341256
-0.341172
-0.341365
-0.34185
-0.342623
-0.343646
-0.344859
-0.346244
-0.347762
-0.349358
-0.351015
-0.352685
-0.354356
-0.35601
-0.357633
-0.35922
-0.360794
-0.362337
-0.363855
-0.36537
-0.366879
-0.368379
-0.369892
-0.3714
-0.372908
-0.374418
-0.375926
-0.377426
-0.378906
-0.38036
-0.381777
-0.383138
-0.384428
-0.385624
-0.386739
-0.387741
-0.388648
-0.389475
-0.390238
-0.390989
-0.391783
-0.392678
-0.393741
-0.394982
-0.396399
-0.397914
-0.399402
-0.400737
-0.401761
-0.402399
-0.402628
-0.402573
-0.402496
-0.402749
-0.403732
-0.405774
-0.409034
-0.413508
-0.418922
-0.424915
-0.431045
-0.436823
-0.44179
-0.445419
-0.44718
-0.446433
-0.442569
-0.435062
-0.423767
-0.409281
-0.393273
-0.378646
-0.368771
-0.366074
-0.370735
-0.380616
-0.392593
-0.404036
-0.41346
-0.420341
-0.424659
-0.426608
-0.426438
-0.424446
-0.421073
-0.416861
-0.412462
-0.408536
-0.405684
-0.404315
-0.404633
-0.406669
-0.410301
-0.415334
-0.421485
-0.428446
-0.435827
-0.443245
-0.450325
-0.456754
-0.462293
-0.466779
-0.470146
-0.472344
-0.473376
-0.473262
-0.472024
-0.469724
-0.466479
-0.462512
-0.458129
-0.45376
-0.449959
-0.447188
-0.445768
-0.445768
-0.446971
-0.448969
-0.451335
-0.453682
-0.455759
-0.45746
-0.458727
-0.459595
-0.460129
-0.460376
-0.46035
-0.460086
-0.459577
-0.458776
-0.457639
-0.456116
-0.454105
-0.451538
-0.448344
-0.444455
-0.439835
-0.434435
-0.428309
-0.421554
-0.414367
-0.407046
-0.399997
-0.393682
-0.388579
-0.385052
-0.383313
-0.383323
-0.384865
-0.38758
-0.391045
-0.394821
-0.398503
-0.401814
-0.404568
-0.406751
-0.408444
-0.409827
-0.411102
-0.412404
-0.413773
-0.415098
-0.416155
-0.416642
-0.416178
-0.414372
-0.410881
-0.405551
-0.398583
-0.390797
-0.383664
-0.379028
-0.378375
-0.381992
-0.388892
-0.397348
-0.405706
-0.412943
-0.418631
-0.422757
-0.425474
-0.42698
-0.427399
-0.426764
-0.424983
-0.421895
-0.417249
-0.410738
-0.402157
-0.391498
-0.379096
-0.3658
-0.352874
-0.34167
-0.333225
-0.327816
-0.325046
-0.324188
-0.324761
-0.32682
-0.330836
-0.337205
-0.345799
-0.355908
-0.366409
-0.376227
-0.384574
-0.391065
-0.395636
-0.398475
-0.39983
-0.399997
-0.399242
-0.397814
-0.395904
-0.393705
-0.391335
-0.388923
-0.386546
-0.384265
-0.382138
-0.38019
-0.378437
-0.376874
-0.375532
-0.374387
-0.373416
-0.372596
-0.371879
-0.371222
-0.370587
-0.369932
-0.369261
-0.368619
-0.368092
-0.367806
-0.367894
-0.368503
-0.36968
-0.371389
-0.373532
-0.375904
-0.378283
-0.380447
-0.382211
-0.383481
-0.384212
-0.384456
-0.384314
-0.383935
-0.383471
-0.383063
-0.382767
-0.382614
-0.382563
-0.382566
-0.382565
-0.382558
-0.382549
-0.382618
-0.382795
-0.383148
-0.383657
-0.384255
-0.384869
-0.385387
-0.385742
-0.385911
-0.3859
-0.385775
-0.385627
-0.385589
-0.385767
-0.386225
-0.387023
-0.388179
-0.389664
-0.391413
-0.393365
-0.395436
-0.397548
-0.399618
-0.401582
-0.40338
-0.404961
-0.406301
-0.407366
-0.40815
-0.40862
-0.408781
-0.408648
-0.408223
-0.407518
-0.406575
-0.405421
-0.404122
-0.402741
-0.401342
-0.399975
-0.398665
-0.397429
-0.396262
-0.395149
-0.394059
-0.392995
-0.391966
-0.391011
-0.390187
-0.389538
-0.3891
-0.388881
-0.388877
-0.389027
-0.389233
-0.389463
-0.389624
-0.389656
-0.38952
-0.389198
-0.388683
-0.387971
-0.387077
-0.386032
-0.38484
-0.383539
-0.382158
-0.380733
-0.379285
-0.377832
-0.376388
-0.374946
-0.373506
-0.372073
-0.370671
-0.369348
-0.368197
-0.367318
-0.366821
-0.366826
-0.367344
-0.368384
-0.369908
-0.371755
-0.373793
-0.375819
-0.377659
-0.379163
-0.380172
-0.380627
-0.380462
-0.379695
-0.378377
-0.376618
-0.374569
-0.372433
-0.370398
-0.368659
-0.367366
-0.366634
-0.366494
-0.366941
-0.3679
-0.36927
-0.370954
-0.372823
-0.37479
-0.376738
-0.378606
-0.380319
-0.381841
-0.383115
-0.384126
-0.384835
-0.385193
-0.385115
-0.384491
-0.383162
-0.380974
-0.377785
-0.373619
-0.368665
-0.363405
-0.358538
-0.354791
-0.352766
-0.35275
-0.354657
-0.358179
-0.362909
-0.368429
-0.374326
-0.380254
-0.385922
-0.391143
-0.395814
-0.39991
-0.403445
-0.40643
-0.408883
-0.410778
-0.412088
-0.412765
-0.412821
-0.412315
-0.411397
-0.410293
-0.409303
-0.408657
-0.408471
-0.408647
-0.408884
-0.408773
-0.407872
-0.405864
-0.402627
-0.39833
-0.393361
-0.388266
-0.383584
-0.379681
-0.376682
-0.374458
-0.372757
-0.371322
-0.369975
-0.368679
-0.367523
-0.366742
-0.366686
-0.367716
-0.3701
-0.373897
-0.378933
-0.384836
-0.391117
-0.397283
-0.402932
-0.407814
-0.411813
-0.414922
-0.417263
-0.418952
-0.420147
-0.420981
-0.421503
-0.421744
-0.421655
-0.421176
-0.420249
-0.418831
-0.416927
-0.414563
-0.411866
-0.408984
-0.406088
-0.403359
-0.400956
-0.39898
-0.397458
-0.39635
-0.395532
-0.394866
-0.394207
-0.393385
-0.392268
-0.390732
-0.388658
-0.385975
-0.382634
-0.378656
-0.374107
-0.369189
-0.3642
-0.359607
-0.355987
-0.353928
-0.353937
-0.35623
-0.36071
-0.366921
-0.374176
-0.381704
-0.388765
-0.394795
-0.399349
-0.402152
-0.403011
-0.401741
-0.398279
-0.392609
-0.384963
-0.375996
-0.36688
-0.359221
-0.354534
-0.353554
-0.355798
-0.359874
-0.364199
-0.367633
-0.369699
-0.370461
-0.370353
-0.369917
-0.369686
-0.37006
-0.371243
-0.373281
-0.376016
-0.379176
-0.382456
-0.38553
-0.388183
-0.39027
-0.391721
-0.392574
-0.392888
-0.392765
-0.392357
-0.391777
-0.391162
-0.390628
-0.390258
-0.390066
-0.390003
-0.3899
-0.389498
-0.388414
-0.386213
-0.382438
-0.376687
-0.368739
-0.35877
-0.347451
-0.336133
-0.3266
-0.320621
-0.319305
-0.322668
-0.329589
-0.338331
-0.347147
-0.354727
-0.360421
-0.364074
-0.36589
-0.366236
-0.365549
-0.364248
-0.362713
-0.361269
-0.36015
-0.359519
-0.359476
-0.360028
-0.361135
-0.362701
-0.364625
-0.366782
-0.36904
-0.371287
-0.373373
-0.375169
-0.37656
-0.377432
-0.37766
-0.377149
-0.375869
-0.373766
-0.37083
-0.36707
-0.362523
-0.357259
-0.351359
-0.344939
-0.338116
-0.331038
-0.323964
-0.317251
-0.311417
-0.307088
-0.304938
-0.305521
-0.309069
-0.315334
-0.323636
-0.333013
-0.342515
-0.351318
-0.358887
-0.364917
-0.369305
-0.372125
-0.373477
-0.373548
-0.372529
-0.370648
-0.368106
-0.36509
-0.361775
-0.358245
-0.354547
-0.350683
-0.346628
-0.342407
-0.33811
-0.33394
-0.330173
-0.327123
-0.325037
-0.324
-0.323963
-0.324752
-0.326121
-0.327843
-0.329737
-0.33167
-0.333565
-0.335343
-0.336904
-0.338141
-0.338926
-0.339085
-0.338411
-0.336695
-0.333708
-0.32925
-0.323281
-0.315988
-0.307972
-0.30031
-0.294376
-0.291344
-0.291708
-0.295057
-0.30037
-0.306554
-0.312781
-0.318639
-0.323999
-0.328856
-0.33324
-0.33719
-0.340699
-0.343748
-0.34635
-0.348488
-0.350197
-0.35151
-0.352448
-0.353017
-0.353233
-0.353079
-0.352537
-0.351544
-0.350021
-0.347906
-0.345086
-0.34152
-0.337233
-0.332424
-0.327511
-0.323175
-0.320194
-0.3192
-0.320444
-0.323598
-0.327947
-0.332614
-0.336887
-0.34037
-0.342932
-0.344727
-0.346019
-0.347072
-0.348175
-0.349467
-0.350974
-0.352625
-0.354237
-0.355564
-0.356353
-0.356303
-0.355051
-0.35219
-0.34732
-0.340113
-0.330599
-0.319624
-0.309157
-0.302044
-0.300768
-0.305852
-0.315471
-0.326692
-0.336986
-0.344966
-0.350297
-0.35321
-0.354171
-0.353687
-0.352194
-0.350079
-0.347684
-0.345271
-0.343076
-0.341268
-0.339957
-0.339185
-0.338954
-0.339244
-0.339994
-0.341147
-0.342631
-0.344356
-0.346252
-0.34822
-0.350199
-0.352136
-0.35396
-0.355647
-0.357192
-0.358568
-0.359815
-0.36093
-0.361928
-0.362826
-0.363649
-0.36439
-0.365058
-0.365625
-0.366078
-0.366399
-0.366561
-0.366519
-0.366261
-0.36577
-0.36503
-0.364021
-0.362789
-0.361358
-0.359771
-0.358103
-0.356469
-0.354935
-0.353626
-0.352631
-0.351994
-0.3518
-0.352038
-0.352702
-0.35375
-0.355107
-0.356714
-0.358505
-0.360412
-0.362373
-0.364339
-0.366239
-0.368032
-0.369675
-0.371135
-0.372386
-0.373409
-0.374189
-0.37468
-0.37484
-0.374626
-0.373942
-0.372696
-0.370825
-0.368254
-0.364948
-0.36084
-0.355796
-0.349623
-0.342139
-0.33345
-0.324335
-0.3165
-0.312288
-0.313545
-0.320425
-0.331169
-0.343182
-0.354296
-0.363327
-0.369959
-0.374426
-0.377161
-0.378631
-0.379266
-0.379378
-0.379215
-0.378892
-0.378473
-0.37797
-0.377275
-0.376299
-0.374922
-0.373009
-0.370448
-0.367182
-0.36323
-0.358722
-0.353968
-0.349402
-0.34558
-0.343009
-0.34211
-0.343007
-0.345529
-0.349264
-0.353665
-0.358181
-0.362342
-0.36576
-0.368169
-0.369337
-0.369053
-0.367124
-0.363397
-0.35786
-0.350735
-0.34257
-0.33428
-0.327006
-0.321774
-0.319138
-0.318972
-0.320625
-0.323205
-0.32594
-0.328273
-0.329973
-0.330972
-0.331361
-0.331284
-0.330951
-0.330569
-0.330313
-0.330318
-0.33068
-0.331408
-0.332497
-0.333864
-0.335419
-0.337051
-0.338653
-0.34014
-0.341428
-0.342468
-0.343228
-0.343695
-0.343877
-0.343794
-0.343482
-0.342985
-0.342344
-0.3416
-0.340806
-0.340007
-0.339229
-0.338508
-0.337838
-0.337233
-0.336688
-0.336225
-0.335834
-0.33552
-0.335268
-0.335066
-0.334931
-0.334817
-0.33474
-0.334682
-0.334631
-0.334574
-0.334488
-0.334375
-0.33422
-0.334032
-0.333796
-0.333528
-0.333236
-0.332909
-0.332553
-0.332155
-0.331725
-0.331242
-0.330686
-0.330027
-0.329245
-0.328318
-0.327168
-0.325725
-0.323838
-0.321368
-0.318182
-0.314201
-0.309494
-0.304323
-0.299128
-0.294515
-0.291007
-0.288903
-0.288132
-0.288295
-0.288849
-0.289237
-0.289102
-0.288359
-0.287136
-0.285805
-0.28479
-0.284469
-0.28511
-0.286753
-0.28927
-0.292396
-0.295816
-0.299157
-0.302107
-0.304418
-0.305901
-0.30649
-0.306195
-0.30516
-0.303625
-0.301933
-0.30045
-0.299533
-0.299394
-0.300043
-0.301296
-0.302871
-0.304406
-0.30557
-0.306119
-0.305914
-0.304946
-0.303247
-0.300972
-0.298321
-0.2955
-0.292727
-0.290113
-0.28773
-0.285482
-0.283205
-0.280758
-0.278057
-0.275172
-0.27235
-0.269945
-0.26833
-0.267767
-0.268304
-0.269789
-0.2719
-0.274322
-0.276758
-0.279024
-0.281051
-0.282823
-0.284391
-0.285789
-0.287066
-0.288262
-0.289395
-0.290463
-0.291464
-0.292396
-0.293246
-0.293994
-0.294632
-0.295155
-0.295572
-0.295913
-0.296171
-0.296377
-0.296554
-0.296738
-0.296955
-0.297227
-0.297559
-0.297962
-0.298393
-0.298816
-0.299151
-0.29932
-0.299262
-0.298885
-0.298132
-0.296967
-0.295365
-0.293354
-0.290997
-0.288378
-0.285647
-0.282991
-0.280635
-0.278869
-0.278012
-0.278335
-0.27999
-0.282963
-0.287034
-0.291859
-0.297002
-0.302074
-0.306815
-0.311049
-0.314713
-0.317823
-0.320456
-0.322682
-0.324587
-0.326218
-0.327596
-0.328704
-0.329487
-0.329868
-0.329742
-0.329011
-0.327561
-0.32539
-0.32254
-0.319185
-0.315595
-0.312071
-0.308892
-0.306198
-0.30393
-0.301852
-0.299692
-0.297216
-0.294478
-0.291795
-0.289839
-0.289369
-0.291018
-0.294948
-0.30074
-0.307503
-0.314261
-0.320222
-0.32494
-0.328311
-0.330507
-0.331932
-0.333117
-0.334654
-0.337037
-0.340515
-0.345032
-0.350262
-0.355668
-0.360735
-0.365044
-0.368309
-0.370412
-0.371367
-0.37133
-0.3705
-0.369221
-0.367904
-0.367001
-0.366926
-0.367975
-0.370266
-0.373685
-0.377973
-0.382729
-0.38763
-0.39235
-0.396636
-0.400323
-0.403347
-0.405654
-0.40725
-0.408182
-0.408501
-0.408285
-0.40763
-0.406603
-0.405293
-0.403749
-0.402005
-0.399978
-0.397538
-0.39446
-0.390482
-0.385364
-0.37901
-0.371603
-0.363742
-0.356392
-0.350678
-0.347642
-0.347838
-0.351281
-0.357431
-0.365529
-0.374717
-0.38422
-0.393397
-0.401779
-0.409084
-0.415168
-0.420005
-0.423642
-0.426191
-0.427774
-0.428515
-0.428506
-0.427833
-0.426515
-0.424577
-0.422013
-0.418841
-0.415136
-0.411135
-0.407222
-0.40394
-0.401843
-0.401341
-0.402472
-0.404913
-0.408096
-0.41135
-0.414131
-0.416039
-0.416856
-0.416536
-0.415073
-0.412584
-0.409228
-0.405263
-0.401057
-0.397086
-0.393865
-0.391844
-0.391274
-0.392146
-0.394181
-0.396897
-0.399789
-0.402393
-0.404355
-0.405434
-0.405501
-0.404483
-0.402433
-0.399463
-0.395815
-0.391864
-0.388056
-0.384848
-0.382561
-0.381288
-0.380834
-0.380782
-0.380605
-0.379816
-0.378081
-0.37524
-0.371419
-0.367045
-0.36275
-0.359343
-0.357522
-0.357639
-0.359568
-0.362787
-0.366577
-0.370272
-0.373386
-0.375674
-0.37707
-0.377611
-0.377406
-0.376555
-0.375192
-0.373447
-0.371403
-0.36917
-0.366849
-0.364564
-0.362401
-0.360451
-0.358766
-0.357391
-0.356317
-0.355508
-0.354909
-0.354453
-0.354049
-0.353677
-0.353315
-0.352959
-0.352663
-0.35246
-0.352438
-0.352631
-0.353099
-0.35383
-0.354831
-0.356097
-0.357593
-0.359251
-0.361055
-0.362939
-0.364895
-0.366861
-0.368839
-0.3708
-0.372741
-0.374658
-0.376549
-0.37838
-0.380152
-0.381843
-0.383389
-0.384733
-0.385792
-0.386463
-0.386595
-0.386045
-0.384683
-0.382402
-0.379225
-0.375402
-0.371476
-0.368255
-0.366696
-0.367529
-0.37094
-0.376391
-0.382846
-0.389048
-0.393888
-0.39651
-0.396347
-0.393089
-0.386682
-0.377447
-0.366217
-0.354428
-0.344073
-0.337225
-0.335409
-0.339024
-0.347171
-0.358175
-0.370066
-0.381208
-0.390375
-0.396871
-0.400395
-0.400954
-0.398892
-0.394863
-0.389865
-0.38516
-0.382013
-0.381266
-0.383043
-0.386688
-0.391084
-0.395189
-0.398344
-0.400305
-0.401237
-0.401461
-0.40135
-0.401205
-0.401187
-0.401343
-0.401579
-0.401711
-0.401461
-0.400533
-0.398538
-0.395098
-0.389918
-0.382862
-0.374095
-0.364232
-0.354406
-0.346116
-0.340995
-0.340247
-0.344161
-0.351993
-0.36219
-0.373024
-0.383049
-0.39141
-0.397782
-0.402257
-0.405169
-0.406884
-0.407762
-0.408047
-0.407862
-0.407268
-0.406227
-0.404709
-0.4027
-0.400198
-0.397261
-0.393955
-0.390378
-0.386649
-0.382875
-0.37915
-0.375576
-0.3722
-0.369057
-0.366153
-0.363505
-0.361124
-0.359048
-0.357329
-0.356061
-0.355311
-0.355123
-0.35548
-0.356262
-0.35732
-0.358414
-0.35932
-0.359848
-0.359861
-0.359237
-0.357921
-0.355922
-0.353255
-0.350026
-0.346364
-0.34247
-0.33861
-0.335082
-0.332176
-0.330105
-0.328919
-0.328528
-0.328702
-0.329133
-0.329544
-0.329726
-0.329545
-0.329015
-0.328209
-0.327279
-0.326402
-0.325725
-0.32535
-0.325217
-0.325258
-0.325305
-0.325153
-0.324608
-0.323552
-0.32195
-0.319897
-0.317651
-0.315609
-0.314202
-0.313817
-0.314712
-0.316933
-0.320328
-0.324573
-0.329289
-0.334062
-0.338537
-0.342442
-0.345532
-0.347651
-0.348637
-0.348322
-0.346547
-0.343116
-0.337812
-0.330505
-0.321242
-0.310408
-0.298887
-0.2881
-0.279786
-0.275503
-0.276045
-0.281078
-0.28934
-0.299157
-0.309055
-0.318049
-0.325657
-0.331794
-0.3366
-0.340278
-0.343031
-0.345061
-0.346508
-0.347504
-0.348153
-0.34856
-0.348771
-0.348894
-0.348996
-0.34915
-0.349421
-0.349857
-0.350485
-0.351308
-0.352332
-0.353533
-0.354861
-0.356288
-0.357769
-0.359262
-0.360721
-0.362117
-0.363407
-0.364564
-0.365526
-0.366278
-0.366764
-0.366918
-0.366699
-0.366039
-0.364849
-0.363069
-0.360597
-0.357375
-0.353344
-0.34843
-0.342652
-0.336072
-0.32889
-0.32145
-0.314324
-0.308242
-0.303987
-0.302206
-0.303159
-0.306637
-0.31203
-0.318535
-0.325376
-0.331946
-0.337873
-0.342963
-0.347148
-0.35043
-0.352868
-0.354541
-0.355538
-0.355991
-0.356072
-0.355944
-0.3558
-0.355864
-0.356295
-0.357225
-0.358704
-0.360715
-0.363156
-0.365847
-0.368583
-0.371089
-0.373105
-0.374392
-0.374788
-0.374241
-0.37284
-0.370773
-0.368346
-0.365917
-0.363795
-0.362158
-0.360999
-0.360146
-0.359305
-0.358216
-0.356679
-0.354648
-0.352254
-0.34971
-0.347309
-0.345258
-0.343714
-0.342653
-0.341906
-0.341211
-0.340321
-0.339043
-0.337345
-0.335394
-0.333568
-0.332393
-0.332393
-0.333902
-0.336887
-0.34098
-0.345615
-0.35021
-0.354342
-0.357742
-0.360324
-0.36216
-0.363356
-0.364054
-0.364382
-0.364461
-0.364349
-0.364089
-0.363664
-0.363031
-0.362102
-0.360721
-0.358691
-0.355736
-0.351553
-0.345824
-0.33839
-0.329443
-0.319811
-0.311055
-0.30515
-0.303633
-0.306763
-0.313298
-0.321301
-0.32899
-0.335291
-0.339816
-0.342603
-0.343919
-0.344083
-0.343364
-0.342028
-0.340295
-0.338355
-0.336386
-0.334533
-0.332911
-0.331621
-0.330692
-0.330072
-0.329694
-0.329439
-0.329167
-0.328811
-0.328406
-0.328078
-0.328085
-0.328682
-0.330096
-0.33233
-0.335215
-0.338407
-0.341479
-0.34407
-0.345934
-0.346976
-0.347274
-0.347034
-0.346553
-0.346133
-0.346012
-0.346335
-0.347084
-0.348176
-0.349423
-0.35066
-0.351731
-0.352567
-0.353102
-0.353363
-0.353379
-0.353223
-0.352945
-0.352614
-0.352273
-0.351967
-0.35173
-0.351589
-0.351558
-0.351635
-0.351818
-0.352128
-0.352588
-0.353196
-0.353984
-0.354971
-0.356169
-0.357568
-0.359169
-0.360958
-0.36289
-0.364904
-0.366903
-0.368792
-0.370422
-0.371584
-0.37205
-0.371601
-0.369992
-0.367107
-0.362948
-0.357778
-0.352116
-0.346811
-0.342864
-0.34116
-0.342158
-0.345667
-0.350972
-0.357102
-0.363224
-0.368759
-0.373454
-0.377255
-0.380259
-0.382571
-0.384343
-0.385698
-0.386783
-0.387719
-0.388629
-0.389607
-0.390742
-0.39208
-0.393639
-0.395402
-0.397318
-0.399328
-0.401337
-0.40326
-0.405051
-0.406645
-0.40801
-0.409128
-0.409973
-0.410549
-0.410819
-0.410757
-0.410292
-0.409349
-0.407798
-0.405532
-0.402472
-0.39862
-0.394207
-0.389696
-0.385828
-0.383464
-0.383298
-0.385544
-0.389842
-0.395375
-0.401211
-0.406569
-0.410951
-0.414114
-0.415968
-0.416527
-0.415854
-0.413987
-0.411021
-0.407143
-0.402724
-0.398345
-0.394774
-0.392813
-0.393067
-0.3957
-0.400308
-0.406141
-0.412304
-0.41798
-0.422553
-0.425643
-0.426987
-0.42647
-0.424076
-0.419943
-0.414408
-0.40804
-0.401618
-0.395981
-0.391712
-0.389043
-0.387738
-0.387369
-0.387567
-0.388184
-0.389272
-0.390993
-0.393479
-0.396708
-0.400535
-0.404727
-0.408941
-0.412841
-0.416056
-0.418239
-0.419041
-0.418204
-0.415569
-0.411234
-0.405538
-0.399103
-0.392835
-0.38766
-0.384395
-0.383374
-0.384441
