46.4877
38.9469
35.1046
31.8869
30.6576
29.1645
27.2106
25.2335
23.4666
22.9958
22.47
22.1315
21.3878
21.1993
20.3599
19.7836
18.8562
18.5241
18.1145
17.7581
17.8267
17.6842
17.8582
17.7322
17.5433
17.2473
16.7754
16.2203
15.5923
14.4175
13.7752
12.596
12.0603
11.3363
10.854
10.849
10.4543
10.275
9.87884
9.73492
9.12199
8.91048
8.93187
8.67838
8.6345
8.56182
8.64589
8.73973
8.38026
8.47496
8.15689
8.25321
8.33882
8.335
8.55337
8.55677
8.40925
8.25109
8.16714
8.41483
8.24902
8.12881
8.17356
8.05557
7.92897
7.62952
7.56828
7.7149
7.64566
7.55774
7.30101
7.56699
7.73264
7.76064
7.86993
8.54243
8.42393
8.58761
8.76518
8.94128
9.04861
8.97264
8.96236
8.90052
8.95724
9.09703
9.16555
9.56948
9.4671
9.52626
9.51805
9.65169
9.54772
9.86795
9.41281
9.32842
8.88193
8.87859
8.43196
8.01202
7.46251
7.33897
6.80263
6.19968
5.82324
5.42095
5.14305
5.1716
4.6482
5.19879
4.96104
5.3249
5.14193
4.80214
4.90596
4.8671
4.63049
4.3757
4.61095
4.78268
4.71857
4.54885
4.44826
4.46392
4.3224
4.30533
4.1941
4.18781
4.37175
4.49741
4.55397
4.39194
4.3627
4.56459
4.63779
4.73347
4.57882
4.60081
4.46765
4.20614
4.37254
4.42362
4.14138
4.13369
4.52571
4.73182
5.03444
4.90308
4.81088
4.82988
4.80071
4.78309
4.89443
4.57311
4.5519
4.32624
4.32536
4.26081
3.99836
4.0066
4.24209
4.13035
4.43933
4.57857
4.59587
4.48266
4.79342
4.73516
4.63181
4.66692
4.82422
4.87221
4.80576
4.70732
4.28641
4.35733
4.11284
4.10188
4.16023
4.28049
4.44898
4.60982
4.54189
4.62918
4.57932
4.38834
4.43171
4.46314
4.81106
4.53632
4.54588
4.37198
4.18824
4.35735
4.18014
4.22208
4.23629
4.11747
4.03725
4.18951
3.98688
4.07273
4.25621
4.12713
4.02754
4.27777
4.2878
3.98061
4.19036
4.01363
3.86636
4.23125
4.33589
4.32903
4.46206
4.19928
4.08345
4.00611
4.35874
4.2271
4.03276
4.23521
4.30905
4.07683
3.91909
3.95605
4.25519
4.50478
4.40735
4.37006
4.72019
4.75078
4.67279
4.38439
4.40948
4.26185
4.31711
4.3265
4.52015
4.33927
3.99256
4.17963
4.19681
4.56433
4.48579
4.14107
4.14808
4.08314
4.00789
4.13404
3.99946
4.12639
4.22956
4.58593
4.34507
4.09944
4.27598
4.16911
4.09425
4.41883
4.49333
4.41501
4.50717
4.39133
4.40966
4.49542
4.48384
4.4813
4.40389
4.04937
4.14327
4.06093
3.90432
3.91782
4.26021
4.18183
4.14959
4.20491
4.42944
4.23042
4.32905
4.20423
4.10852
4.23137
4.21297
4.27485
4.69066
4.55797
4.28629
4.22152
4.22212
4.01447
4.03277
4.34033
4.65961
4.90404
4.90566
4.73839
4.87019
4.60825
4.72307
4.63944
4.56768
4.27921
4.47938
4.78031
4.86542
4.49721
4.77697
4.37825
4.35084
4.32121
4.26606
4.29342
4.41185
4.43091
4.66947
4.76399
4.85035
5.06889
4.8374
4.55082
4.77826
4.59577
4.32891
4.39971
4.60063
4.59384
4.60877
4.53142
4.39604
4.47208
4.37807
4.26914
4.33986
4.11559
4.19114
4.07472
3.9218
3.87326
3.96937
4.24102
4.47085
4.73598
4.52504
4.6405
4.65591
4.76741
4.58672
4.368
4.15337
4.57361
4.38696
4.04204
4.10805
4.02296
4.05981
3.93403
3.8207
4.04152
4.07198
4.03019
4.1111
3.93463
3.98604
4.00457
4.14978
4.0298
4.15815
4.33481
4.56184
4.43989
4.36152
4.17081
4.57891
4.23518
4.25083
4.3044
4.57449
4.66347
4.8446
4.6617
4.44789
4.39085
4.44018
4.41806
4.4973
4.07861
4.30395
4.34301
4.24967
4.55292
4.40669
4.39987
4.1987
4.22324
4.19162
3.98527
4.0099
4.34317
