30.4817
29.6883
26.7401
25.0099
23.0096
21.1871
20.3785
18.8987
18.8987
18.8987
18.8987
17.4729
17.4729
15.6894
15.6894
14.0914
14.0914
14.0914
14.0914
13.3998
13.3998
13.086
12.0621
12.0621
11.0211
11.0211
10.3984
9.45257
8.32227
8.32227
7.72441
7.56818
7.56818
7.56818
7.10161
7.10161
7.10161
6.71341
6.24685
6.24685
6.24685
6.24685
6.24685
6.01924
6.01924
6.01924
6.01924
6.01924
6.01924
5.91046
5.64789
5.64789
5.5391
5.5391
5.5391
5.5391
5.5391
5.5391
5.5391
5.5391
5.5391
5.5391
5.5391
5.53321
5.5391
5.53321
5.53321
5.4304
5.4304
5.4304
5.4304
5.4304
5.41713
4.84294
4.84294
4.84294
4.84294
4.75934
4.75934
4.75934
4.84294
4.48868
4.48868
4.48868
4.48868
4.48868
4.11246
4.11246
4.11246
4.11246
4.11246
4.0673
4.0673
3.42745
3.42745
3.35871
3.42745
3.42745
3.38229
3.38229
3.35871
2.85914
2.85914
2.85914
2.85914
2.81398
2.68315
2.68315
2.68315
2.68315
2.68315
2.68315
2.68315
2.68315
2.68315
2.63865
2.63865
2.46266
2.46266
2.46266
2.46266
2.46266
2.46266
2.46266
2.39392
2.39392
2.39392
2.39392
2.46266
2.46266
2.46266
2.46266
2.46266
2.46266
2.39392
2.39392
2.39392
2.39392
2.39392
2.39392
2.39392
2.39392
2.39392
2.39388
2.39392
2.39388
2.39388
2.39392
2.39392
2.39392
2.39392
2.39392
2.39392
2.39392
2.39392
2.38621
2.38621
2.39392
2.39392
2.39392
2.39392
2.39388
2.39392
2.39388
2.39388
2.39392
2.39392
2.38023
2.39392
2.29137
2.29137
2.39388
2.39388
2.38023
2.37665
2.37665
2.37665
2.37665
2.39034
2.38019
2.3766
2.37665
2.34642
2.37197
2.3766
2.3766
2.34642
2.35652
2.36011
2.36011
2.34283
2.3766
2.37124
2.36551
2.36011
2.36011
2.34283
2.34283
2.36011
2.36011
2.34089
2.34089
2.34089
2.36011
2.35652
2.35652
2.34642
2.34642
2.35652
2.35652
2.33747
2.34642
2.34642
2.34642
2.35652
2.34642
2.36011
2.36011
2.34283
2.34283
2.37124
2.37124
2.35652
2.35652
2.36011
2.34283
2.34283
2.3718
2.35071
2.34798
2.36205
2.34798
2.36205
2.36205
2.2741
2.2741
2.34283
2.34283
2.34283
2.34798
2.34798
2.34283
2.34283
2.27595
2.29674
2.29674
2.29674
2.2741
2.29332
2.29332
2.29332
2.29332
2.2741
2.2741
2.2741
2.2741
2.2741
2.2741
2.29332
2.29332
2.29332
2.29332
2.29332
2.29332
2.27215
2.29332
2.25158
2.25158
2.25158
2.25158
2.27215
2.27215
2.27215
2.2741
2.25158
2.26873
2.26873
2.26873
2.26873
2.26873
2.26873
2.26873
2.26873
2.26873
2.26873
2.26873
2.26873
2.26101
2.26873
2.26873
2.26873
2.26101
2.26101
2.25759
2.25759
2.25759
2.25759
2.25759
2.25759
2.25759
2.25759
2.25759
2.25759
2.23474
2.23474
2.23474
2.25759
2.26328
2.25759
2.25759
2.25759
2.25759
2.25759
2.25759
2.25759
2.26101
2.25759
2.26873
2.25759
2.26873
2.26296
2.22894
2.25759
2.26873
2.25759
2.25759
2.26873
2.25759
2.22357
2.22357
2.25759
2.26296
2.26296
2.26296
2.26296
2.26296
2.25759
2.25759
2.26101
2.25759
2.25759
2.25759
2.25759
2.25759
2.25759
2.26296
2.25759
2.25759
2.25759
2.25759
2.25759
2.2741
2.25759
2.2741
2.2741
2.26296
2.26296
2.26873
2.24263
2.24263
2.24263
2.24263
2.2741
2.26296
2.26296
2.26296
2.26873
2.26296
2.24011
2.23474
2.23474
2.26101
2.26101
2.26101
2.25759
2.24011
2.25759
2.25759
2.25759
2.26101
2.25759
2.25759
2.25759
2.25759
2.25759
2.25759
2.25759
2.25759
2.25759
2.25759
2.25759
2.25759
2.25759
2.23149
2.23149
2.21243
2.25759
2.25759
2.26873
2.25759
