0 0 0
0.0230664 0 0
0.0461329 0 0
0.0691993 0 0
0.0922657 0 0
0.115332 0 0
0.138399 0 0
0.161465 0 0
0.184531 0 0
0.207598 0 0
0.230664 0 0
0.253731 0 0
0.276797 0 0
0.299864 0 0
0.32293 0 0
0.345996 0 0
0.369063 0 0
0.392129 0 0
0.415196 0 0
0.438262 0 0
0.461329 0 0
0.484395 0 0
0.507461 0 0
0.530528 0 0
0.553594 0 0
0.576661 0 0
0.599727 0 0
0.622794 0 0
0.64586 0 0
0.668926 0 0
0.691993 0 0
0.715059 0 0
0.738126 0 0
0.761192 0 0
0.784259 0 0
0.807325 0 0
0.830391 0 0
0.853458 0 0
0.876524 9.57327e-05 3.80426e-05
0.899591 0.00211977 0.000252325
0.922657 0.0402744 0.00129286
0.945724 0.273151 0.00612267
0.96879 0.975978 0.0204625
0.991856 2.18548 0.0455927
1.01492 3.55269 0.0736844
1.03799 4.53671 0.0939612
1.06106 4.82179 0.0997532
1.08412 4.42665 0.0918578
1.10719 3.58905 0.0745841
1.13026 2.63609 0.0548853
1.15332 1.77576 0.0372659
1.17639 1.10939 0.0232974
1.19945 0.640301 0.013617
1.22252 0.347085 0.00771892
1.24559 0.171233 0.00420058
1.26865 0.0827079 0.00258257
1.29172 0.0457999 0.0014843
1.31479 0.0383044 0.00135933
1.33785 0.0578918 0.00199671
1.36092 0.103254 0.00279919
1.38399 0.180264 0.00428103
1.40705 0.293219 0.00653362
1.43012 0.442565 0.00945462
1.45319 0.613413 0.0130126
1.47625 0.78043 0.0164059
1.49932 0.905973 0.0191314
1.52238 0.951193 0.0200704
1.54545 0.911254 0.0193935
1.56852 0.79908 0.0169709
1.59158 0.633628 0.0133613
1.61465 0.455374 0.00958559
1.63772 0.3098 0.00683981
1.66078 0.211336 0.00491944
1.68385 0.183855 0.00459068
1.70692 0.247148 0.00579318
1.72998 0.419865 0.00935283
1.75305 0.728941 0.0153943
1.77612 1.16754 0.024349
1.79918 1.69554 0.0351228
1.82225 2.19759 0.0456135
1.84531 2.54926 0.0529018
1.86838 2.66968 0.0554574
1.89145 2.51126 0.0521581
1.91451 2.13896 0.0444107
1.93758 1.65709 0.0343429
1.96065 1.17882 0.0244838
1.98371 0.782103 0.0163852
2.00678 0.526359 0.0112739
2.02985 0.42392 0.00918645
2.05291 0.451702 0.00969436
2.07598 0.573637 0.0121393
2.09905 0.743967 0.0155035
2.12211 0.901522 0.0187795
2.14518 0.986039 0.0205886
2.16824 0.986844 0.0205632
2.19131 0.907533 0.0188899
2.21438 0.778465 0.0161411
2.23744 0.645965 0.0134644
2.26051 0.561052 0.0120286
2.28358 0.558416 0.0123857
