10 56.3472
9.998 55.3671
9.996 76.2158
9.994 58.738
9.992 64.9402
9.99 66.6215
9.988 76.0929
9.986 48.6441
9.984 55.2121
9.982 63.775
9.98 57.6999
9.978 54.3824
9.976 73.2431
9.974 62.6843
9.972 59.11
9.97 71.7859
9.968 65.2974
9.966 56.6345
9.964 60.6978
9.962 59.9815
9.96 54.2211
9.958 60.2864
9.956 63.0204
9.954 64.4353
9.952 55.9878
9.95 57.6915
9.948 51.5454
9.946 62.5516
9.944 50.2245
9.942 55.7106
9.94 72.7902
9.938 59.9045
9.936 56.4875
9.934 58.721
9.932 59.435
9.93 67.2789
9.928 53.6391
9.926 71.3933
9.924 56.9315
9.922 72.0732
9.92 67.278
9.918 56.3228
9.916 54.4967
9.914 57.1464
9.912 60.5177
9.91 68.7468
9.908 52.7662
9.906 57.513
9.904 58.7504
9.902 49.2304
9.9 71.4316
9.898 66.4109
9.896 70.2435
9.894 53.5651
9.892 63.0327
9.89 79.1444
9.888 61.3039
9.886 54.3709
9.884 47.2467
9.882 58.1526
9.88 65.0181
9.878 59.8128
9.876 63.8781
9.874 60.4024
9.872 59.7214
9.87 66.4687
9.868 52.3583
9.866 54.1376
9.864 68.4831
9.862 46.9829
9.86 59.757
9.858 65.6551
9.856 65.4773
9.854 45.8827
9.852 64.6132
9.85 58.6621
9.848 67.6422
9.846 61.0735
9.844 59.1465
9.842 68.7149
9.84 58.425
9.838 52.5482
9.836 70.397
9.834 49.9131
9.832 73.352
9.83 66.6224
9.828 61.9955
9.826 59.8283
9.824 50.6114
9.822 66.3812
9.82 49.3599
9.818 64.9779
9.816 78.4947
9.814 49.1997
9.812 57.8979
9.81 72.8134
9.808 64.1145
9.806 61.8628
9.804 67.2778
9.802 61.0629
9.8 59.2406
9.798 59.4398
9.796 59.5484
9.794 66.8333
9.792 53.6389
9.79 64.6493
9.788 62.141
9.786 60.2749
9.784 54.149
9.782 62.5229
9.78 71.0636
9.778 56.6477
9.776 67.146
9.774 57.2006
9.772 52.8892
9.77 71.4566
9.768 65.274
9.766 61.3399
9.764 70.2279
9.762 58.9554
9.76 60.122
9.758 66.3907
9.756 72.3591
9.754 71.1143
9.752 79.1064
9.75 63.097
9.748 59.3222
9.746 63.3999
9.744 66.9811
9.742 59.9761
9.74 57.8941
9.738 58.8247
9.736 52.31
9.734 72.6257
9.732 70.6291
9.73 51.0334
9.728 65.8907
9.726 64.8641
9.724 82.6633
9.722 52.4374
9.72 56.9088
9.718 61.4111
9.716 58.4623
9.714 48.0345
9.712 73.2601
9.71 55.6528
9.708 73.5186
9.706 63.0755
9.704 63.0536
9.702 66.9401
9.7 65.1584
9.698 64.4415
9.696 63.9342
9.694 67.7882
9.692 61.491
9.69 53.4668
9.688 65.5651
9.686 60.5042
9.684 70.3672
9.682 57.8492
9.68 66.917
9.678 53.5839
9.676 52.6438
9.674 75.1867
9.672 70.2641
9.67 60.7271
9.668 56.0325
9.666 55.6226
9.664 63.4174
9.662 53.3812
9.66 62.0831
9.658 60.4712
9.656 69.3767
9.654 78.5688
9.652 70.0972
9.65 56.1378
9.648 45.739
9.646 65.1998
9.644 62.0931
9.642 58.1815
9.64 53.5173
9.638 66.588
9.636 82.665
9.634 51.2008
9.632 67.5188
9.63 68.7703
9.628 60.6019
9.626 57.8329
9.624 70.9819
9.622 52.9004
9.62 72.7683
9.618 55.3666
9.616 67.4531
9.614 69.1284
9.612 59.5544
9.61 60.0769
9.608 59.552
9.606 62.9323
9.604 70.1403
9.602 52.6801
9.6 57.6249
9.598 65.1917
9.596 65.388
9.594 71.2481
9.592 48.3812
9.59 59.2356
9.588 59.8086
9.586 62.1419
9.584 69.7445
9.582 64.4951
9.58 49.8272
9.578 65.1119
9.576 45.2076
9.574 76.8667
9.572 65.3543
9.57 50.3527
9.568 75.9834
9.566 62.3347
9.564 58.4683
9.562 58.1722
9.56 76.5244
9.558 57.9423
9.556 68.5582
9.554 63.5017
9.552 67.574
9.55 57.4699
9.548 77.7627
9.546 68.5741
9.544 66.2327
9.542 55.9625
9.54 65.649
9.538 59.8101
9.536 71.2538
9.534 80.9148
9.532 57.6278
9.53 47.2108
9.528 72.4754
9.526 74.2202
9.524 74.0052
9.522 58.6822
9.52 54.4046
9.518 67.2904
9.516 53.7523
9.514 70.3678
9.512 58.6602
9.51 62.3925
9.508 57.8366
9.506 64.5859
9.504 48.9661
9.502 57.2458
9.5 64.3762
9.498 52.0262
9.496 61.9726
9.494 65.1528
9.492 63.7976
9.49 75.3953
9.488 64.2011
9.486 53.687
9.484 59.0022
9.482 58.7804
9.48 65.2614
9.478 63.6866
9.476 60.5249
9.474 45.8337
9.472 66.4498
9.47 70.4398
9.468 66.6987
9.466 65.5409
9.464 60.4609
9.462 65.5074
9.46 64.8234
9.458 66.7542
9.456 51.0277
9.454 56.8678
9.452 54.9258
9.45 48.1913
9.448 73.0044
9.446 60.3846
9.444 62.8923
9.442 66.1967
9.44 75.3334
9.438 56.0595
9.436 68.6523
9.434 64.0699
9.432 60.8563
9.43 49.4612
9.428 53.5445
9.426 69.7401
9.424 59.848
9.422 64.165
9.42 56.3355
9.418 70.4624
9.416 44.8968
9.414 53.2678
9.412 70.7955
9.41 53.305
9.408 59.6179
9.406 70.3604
9.404 61.5754
9.402 71.0107
9.4 69.8341
9.398 68.928
9.396 67.5578
9.394 65.8679
9.392 49.6214
9.39 62.2342
9.388 67.1179
9.386 53.1524
9.384 55.4445
9.382 62.1268
9.38 67.4744
9.378 60.6593
9.376 57.2577
9.374 72.3246
9.372 57.1137
9.37 62.9024
9.368 61.9055
9.366 64.7958
9.364 56.2555
9.362 61.9297
9.36 70.1875
9.358 50.9086
9.356 61.6105
9.354 62.2267
9.352 59.981
9.35 57.9751
9.348 64.013
9.346 58.127
9.344 67.0434
9.342 63.9062
9.34 49.4872
9.338 62.702
9.336 66.6985
9.334 61.8231
9.332 73.2299
9.33 47.8201
9.328 67.0064
9.326 55.4731
9.324 54.3158
9.322 71.7211
9.32 54.7813
9.318 51.1114
9.316 62.917
9.314 69.8324
9.312 72.6447
9.31 74.1329
9.308 83.0507
9.306 61.2907
9.304 66.8507
9.302 48.5407
9.3 69.9014
9.298 59.3419
9.296 65.5976
9.294 68.2791
9.292 62.2359
9.29 62.6845
9.288 54.9777
9.286 65.2998
9.284 51.174
9.282 65.7524
9.28 60.5968
9.278 70.2062
9.276 68.4443
9.274 64.5251
9.272 64.7573
9.27 52.9353
9.268 72.0036
9.266 70.3504
9.264 66.32
9.262 55.6551
9.26 61.466
9.258 61.2044
9.256 61.7273
9.254 69.3937
9.252 65.231
9.25 75.5655
9.248 55.6977
9.246 56.3258
9.244 66.5349
9.242 63.1894
9.24 39.6308
9.238 59.3028
9.236 75.9023
9.234 49.5478
9.232 54.9611
9.23 59.1838
9.228 61.9955
9.226 62.8672
9.224 80.9342
9.222 57.7258
9.22 68.5811
9.218 47.7303
9.216 46.9123
9.214 65.2983
9.212 72.2359
9.21 60.3425
9.208 67.9109
9.206 67.4445
9.204 65.8524
9.202 72.4148
9.2 63.9699
9.198 73.7001
9.196 63.7847
9.194 59.9379
9.192 59.7905
9.19 73.5486
9.188 52.8601
9.186 61.307
9.184 56.0165
9.182 48.6297
9.18 72.8037
9.178 62.4317
9.176 64.923
9.174 54.39
9.172 60.5125
9.17 53.9258
9.168 59.9608
9.166 59.0701
9.164 60.2742
9.162 76.3604
9.16 68.4243
9.158 58.1734
9.156 63.6979
9.154 62.3089
9.152 62.9916
9.15 69.7799
9.148 76.9057
9.146 65.4537
9.144 68.6546
9.142 69.1234
9.14 48.3924
9.138 60.8047
9.136 72.2874
9.134 77.2265
9.132 63.3525
9.13 60.0092
9.128 67.8791
9.126 63.6717
9.124 43.2796
9.122 67.9242
9.12 45.1607
9.118 57.7842
9.116 72.4303
9.114 55.7076
9.112 64.1201
9.11 70.4828
9.108 64.6183
9.106 63.8536
9.104 74.7946
9.102 53.8562
9.1 56.2213
9.098 60.1589
9.096 69.0612
9.094 50.1687
9.092 56.7678
9.09 49.0698
9.088 68.2436
9.086 77.4754
9.084 64.3755
9.082 48.9919
9.08 54.0318
9.078 66.73
9.076 48.3349
9.074 75.3159
9.072 52.2425
9.07 55.6415
9.068 69.4034
9.066 49.2513
9.064 64.1578
9.062 62.5573
9.06 62.1666
9.058 76.5694
9.056 58.1435
9.054 63.2209
9.052 62.5436
9.05 60.7764
9.048 70.98
9.046 65.4225
9.044 60.8105
9.042 72.075
9.04 52.4237
9.038 52.9574
9.036 47.1995
9.034 70.7907
9.032 68.4084
9.03 50.3806
9.028 58.2128
9.026 75.8105
9.024 53.9617
9.022 71.0962
9.02 57.3679
9.018 53.1781
9.016 72.2086
9.014 67.0062
9.012 77.1365
9.01 55.5395
9.008 64.811
9.006 57.5616
9.004 63.6022
9.002 57.7688
9 71.088
8.998 52.9343
8.996 60.4178
8.994 53.1054
8.992 69.0896
8.99 73.4986
8.988 63.9321
8.986 72.4081
8.984 63.2514
8.982 58.6603
8.98 63.0819
8.978 68.1355
8.976 54.2455
8.974 58.4418
8.972 75.2409
8.97 63.7889
8.968 58.5559
8.966 77.7445
8.964 68.7117
8.962 64.6819
8.96 48.0126
8.958 68.0561
8.956 66.9847
8.954 61.8284
8.952 60.0205
8.95 73.2905
8.948 58.6244
8.946 67.78
8.944 80.8502
8.942 58.0266
8.94 60.8156
8.938 61.1566
8.936 59.3527
8.934 61.3539
8.932 62.9342
8.93 58.526
8.928 62.9759
8.926 48.0092
8.924 55.3758
8.922 67.4026
8.92 56.388
8.918 58.0723
8.916 56.2107
8.914 54.4379
8.912 42.2147
8.91 55.3914
8.908 62.1969
8.906 55.825
8.904 50.5614
8.902 56.2936
8.9 59.6176
8.898 62.8323
8.896 44.6826
8.894 57.1613
8.892 73.4261
8.89 70.1857
8.888 65.407
8.886 42.0588
8.884 70.8986
8.882 59.6242
8.88 60.1132
8.878 57.0757
8.876 70.139
8.874 67.3859
8.872 49.9231
8.87 55.7383
8.868 47.6717
8.866 67.5263
8.864 56.9931
8.862 52.5987
8.86 72.1051
8.858 68.2265
8.856 64.1645
8.854 73.7196
8.852 55.2004
8.85 71.8711
8.848 47.2563
8.846 59.1505
8.844 58.4619
8.842 50.0942
8.84 61.6007
8.838 51.6141
8.836 61.3582
8.834 58.1152
8.832 59.5007
8.83 66.4265
8.828 62.7034
8.826 56.3668
8.824 55.9862
8.822 65.778
8.82 53.8834
8.818 60.7638
8.816 52.1533
8.814 63.0084
8.812 58.4204
8.81 60.4776
8.808 52.8431
8.806 62.3433
8.804 42.7319
8.802 58.3169
8.8 55.3195
8.798 56.0569
8.796 63.7623
8.794 56.8617
8.792 51.5523
8.79 67.9826
8.788 65.3133
8.786 75.8027
8.784 63.5603
8.782 75.2312
8.78 50.5644
8.778 61.3956
8.776 56.1983
8.774 61.3543
8.772 66.1499
8.77 53.1435
8.768 65.582
8.766 77.3481
8.764 48.8181
8.762 58.5813
8.76 71.724
8.758 73.3596
8.756 66.3897
8.754 57.2954
8.752 68.3052
8.75 56.9449
8.748 55.2537
8.746 64.208
8.744 70.3128
8.742 46.0322
8.74 69.0434
8.738 69.8163
8.736 60.156
8.734 68.1282
8.732 55.5632
8.73 46.0017
8.728 54.3263
8.726 49.0853
8.724 70.2503
8.722 63.1979
8.72 68.0641
8.718 66.2204
8.716 65.7981
8.714 69.664
8.712 58.2466
8.71 59.9905
8.708 57.5927
8.706 57.044
8.704 58.0291
8.702 60.1896
8.7 56.4328
8.698 71.9585
8.696 60.7877
8.694 66.356
8.692 59.7072
8.69 76.5765
8.688 61.529
8.686 69.4258
8.684 51.116
8.682 47.0871
8.68 43.5356
8.678 54.6917
8.676 72.1112
8.674 55.6623
8.672 79.8235
8.67 54.6928
8.668 57.618
8.666 68.1282
8.664 55.7123
8.662 58.4145
8.66 51.3068
8.658 70.6514
8.656 59.9966
8.654 55.261
8.652 58.3972
8.65 70.2204
8.648 54.65
8.646 68.0732
8.644 70.1697
8.642 58.5887
8.64 60.8943
8.638 58.4431
8.636 59.7863
8.634 61.528
8.632 51.1054
8.63 50.3839
8.628 57.5906
8.626 69.9762
8.624 78.9892
8.622 56.1868
8.62 64.0656
8.618 56.4997
8.616 47.4338
8.614 70.2034
8.612 58.4479
8.61 52.7559
8.608 67.0947
8.606 55.7483
8.604 53.9094
8.602 60.92
8.6 50.0005
8.598 58.2912
8.596 78.5749
8.594 60.8262
8.592 45.8406
8.59 76.4698
8.588 64.1069
8.586 67.5343
8.584 58.4401
8.582 54.8534
8.58 64.1494
8.578 52.77
8.576 64.9177
8.574 51.6265
8.572 61.2365
8.57 61.1685
8.568 65.9116
8.566 70.4921
8.564 60.3087
8.562 63.211
8.56 57.1954
8.558 55.0015
8.556 66.1554
8.554 59.0312
8.552 65.721
8.55 67.7982
8.548 59.8112
8.546 60.4976
8.544 65.8489
8.542 66.9243
8.54 65.4903
8.538 41.0117
8.536 58.7824
8.534 67.0608
8.532 59.172
8.53 68.1156
8.528 57.1479
8.526 69.6682
8.524 55.0745
8.522 52.0819
8.52 54.1913
8.518 58.1646
8.516 61.6891
8.514 45.4798
8.512 66.4292
8.51 49.4714
8.508 54.3826
8.506 69.7535
8.504 55.0519
8.502 66.6376
8.5 53.2794
8.498 65.9179
8.496 74.1194
8.494 54.1063
8.492 54.9558
8.49 63.0952
8.488 53.0545
8.486 66.2625
8.484 72.8193
8.482 54.8677
8.48 67.2358
8.478 66.8376
8.476 48.3398
8.474 58.5238
8.472 75.2923
8.47 46.6989
8.468 66.665
8.466 57.597
8.464 73.7113
8.462 65.5214
8.46 59.8715
8.458 56.9055
8.456 64.5052
8.454 63.0207
8.452 60.517
8.45 56.8432
8.448 68.3705
8.446 55.3192
8.444 45.841
8.442 55.5515
8.44 60.7442
8.438 57.2487
8.436 75.4882
8.434 67.8438
8.432 50.4022
8.43 53.6057
8.428 64.1106
8.426 62.1924
8.424 60.6504
8.422 69.8507
8.42 50.4665
8.418 64.9408
8.416 58.5449
8.414 57.0259
8.412 56.4451
8.41 67.704
8.408 66.8915
8.406 48.875
8.404 60.7485
8.402 49.6301
8.4 59.5176
8.398 67.2769
8.396 60.1922
8.394 57.9042
8.392 61.0054
8.39 49.7795
8.388 46.6994
8.386 56.6209
8.384 65.892
8.382 64.2918
8.38 65.3793
8.378 58.5201
8.376 57.9856
8.374 60.8389
8.372 60.3789
8.37 67.7081
8.368 48.0847
8.366 69.5083
8.364 72.4357
8.362 55.2375
8.36 58.2572
8.358 58.7902
8.356 59.0622
8.354 62.3911
8.352 60.5106
8.35 59.7881
8.348 55.8877
8.346 48.4501
8.344 48.4954
8.342 54.2246
8.34 57.4228
8.338 59.3485
8.336 63.5239
8.334 51.131
8.332 61.8642
8.33 61.2303
8.328 53.955
8.326 65.3313
8.324 61.5641
8.322 65.3829
8.32 59.8541
8.318 57.5973
8.316 55.4748
8.314 65.9114
8.312 62.2583
8.31 70.1008
8.308 69.989
8.306 57.3453
8.304 48.6904
8.302 65.6756
8.3 74.4003
8.298 53.5993
8.296 58.7617
8.294 48.3815
8.292 60.4197
8.29 67.4271
8.288 57.8051
8.286 58.3856
8.284 42.8143
8.282 62.7282
8.28 70.633
8.278 64.3522
8.276 66.2435
8.274 54.7903
8.272 62.0424
8.27 61.5456
8.268 61.6974
8.266 51.605
8.264 64.3878
8.262 67.9557
8.26 61.7647
8.258 52.144
8.256 60.3767
8.254 66.939
8.252 65.4
8.25 57.2714
8.248 52.9677
8.246 73.4482
8.244 66.1017
8.242 76.8552
8.24 68.1866
8.238 67.5517
8.236 48.2176
8.234 53.4776
8.232 71.0041
8.23 62.3171
8.228 74.7095
8.226 43.0822
8.224 72.6824
8.222 50.4749
8.22 67.2037
8.218 42.8578
8.216 67.6312
8.214 59.6945
8.212 58.3371
8.21 63.4657
8.208 75.8964
8.206 61.3435
8.204 56.5345
8.202 58.0482
8.2 57.6118
8.198 67.5862
8.196 44.8164
8.194 62.0588
8.192 57.2931
8.19 55.808
8.188 66.871
8.186 45.7066
8.184 55.7108
8.182 66.2875
8.18 58.2343
8.178 62.2618
8.176 57.4958
8.174 66.9247
8.172 70.8407
8.17 59.8101
8.168 64.878
8.166 65.9653
8.164 51.7324
8.162 53.3565
8.16 74.6772
8.158 54.8354
8.156 53.1136
8.154 55.9771
8.152 55.4958
8.15 62.2753
8.148 58.0441
8.146 63.2713
8.144 51.368
8.142 71.561
8.14 56.5431
8.138 60.6335
8.136 65.4346
8.134 47.0665
8.132 55.2145
8.13 53.1552
8.128 52.141
8.126 54.5929
8.124 54.3769
8.122 59.5782
8.12 64.1534
8.118 69.3444
8.116 51.5439
8.114 68.683
8.112 60.6585
8.11 72.4468
8.108 58.4141
8.106 77.7095
8.104 59.6377
8.102 58.7771
8.1 70.4848
8.098 64.4337
8.096 73.5238
8.094 71.5834
8.092 66.3387
8.09 52.6333
8.088 68.1063
8.086 61.9133
8.084 68.3144
8.082 76.795
8.08 63.8912
8.078 52.1777
8.076 58.5785
8.074 65.4067
8.072 58.9132
8.07 64.3507
8.068 72.3667
8.066 60.9451
8.064 59.2009
8.062 48.6529
8.06 53.83
8.058 53.2226
8.056 74.6768
8.054 63.7583
8.052 55.765
8.05 46.6194
8.048 68.7109
8.046 57.0662
8.044 57.4411
8.042 70.3083
8.04 53.2865
8.038 74.0524
8.036 60.661
8.034 60.769
8.032 63.8577
8.03 63.2006
8.028 60.3476
8.026 54.635
8.024 53.6903
8.022 62.8099
8.02 58.0359
8.018 60.9355
8.016 49.4335
8.014 60.9138
8.012 54.9441
8.01 55.4918
8.008 68.2325
8.006 70.4636
8.004 67.2749
8.002 58.0824
8 62.3672
7.998 61.8231
7.996 72.9979
7.994 61.18
7.992 71.7373
7.99 68.2797
7.988 69.9688
7.986 68.7081
7.984 73.1772
7.982 69.5558
7.98 65.1906
7.978 60.0156
7.976 58.9197
7.974 63.2687
7.972 71.9323
7.97 65.0841
7.968 65.3255
7.966 48.6083
7.964 50.4742
7.962 72.3091
7.96 57.1782
7.958 62.675
7.956 61.2444
7.954 64.9092
7.952 75.2116
7.95 57.4815
7.948 53.6061
7.946 53.7249
7.944 53.3934
7.942 55.3641
7.94 75.8775
7.938 56.6796
7.936 64.4171
7.934 53.1799
7.932 69.9082
7.93 51.8706
7.928 59.8381
7.926 69.7156
7.924 54.9811
7.922 51.4286
7.92 45.7857
7.918 64.2233
7.916 68.2097
7.914 64.3613
7.912 74.8312
7.91 57.888
7.908 58.5385
7.906 65.1447
7.904 69.072
7.902 64.154
7.9 52.9486
7.898 67.3192
7.896 85.2375
7.894 53.8558
7.892 66.0506
7.89 56.3388
7.888 70.9496
7.886 65.8508
7.884 68.0123
7.882 54.0303
7.88 60.39
7.878 54.2678
7.876 52.1955
7.874 64.9546
7.872 50.3781
7.87 74.1675
7.868 69.2841
7.866 65.9558
7.864 63.2163
7.862 59.9937
7.86 51.5701
7.858 54.6486
7.856 62.346
7.854 58.3786
7.852 42.6472
7.85 81.2091
7.848 66.9449
7.846 64.8871
7.844 66.7429
7.842 62.0042
7.84 55.6635
7.838 76.4315
7.836 75.7051
7.834 61.9714
7.832 51.8021
7.83 62.0055
7.828 43.4718
7.826 63.3598
7.824 47.1555
7.822 66.7143
7.82 57.5584
7.818 64.0837
7.816 58.9423
7.814 65.4666
7.812 70.0247
7.81 55.2546
7.808 61.0828
7.806 66.4333
7.804 53.6804
7.802 69.1765
7.8 77.872
7.798 61.3727
7.796 65.5083
7.794 64.2032
7.792 58.4165
7.79 59.2252
7.788 51.0249
7.786 65.325
7.784 54.5666
7.782 49.8427
7.78 62.8686
7.778 62.489
7.776 66.1018
7.774 49.0199
7.772 58.775
7.77 74.1883
7.768 65.5918
7.766 57.7235
7.764 62.5479
7.762 57.8013
7.76 55.8877
7.758 64.5173
7.756 57.5587
7.754 61.8482
7.752 58.9018
7.75 74.0496
7.748 73.0436
7.746 65.1044
7.744 54.8056
7.742 66.9451
7.74 43.4155
7.738 56.5025
7.736 65.9145
7.734 68.5472
7.732 67.4271
7.73 65.6877
7.728 58.2297
7.726 36.507
7.724 62.1458
7.722 52.6709
7.72 62.8623
7.718 60.7025
7.716 59.3842
7.714 54.7411
7.712 51.1868
7.71 43.4684
7.708 62.6231
7.706 61.9829
7.704 57.009
7.702 54.3566
7.7 66.9178
7.698 60.3375
7.696 57.267
7.694 54.7057
7.692 59.8956
7.69 74.0597
7.688 46.9899
7.686 65.7151
7.684 63.7136
7.682 67.4599
7.68 69.1808
7.678 78.6803
7.676 59.03
7.674 66.0741
7.672 68.9722
7.67 74.6684
7.668 44.5157
7.666 48.5475
7.664 55.7265
7.662 54.5788
7.66 54.4688
7.658 59.1802
7.656 54.3852
7.654 47.3885
7.652 70.3573
7.65 67.4626
7.648 67.65
7.646 65.7973
7.644 63.4461
7.642 55.4627
7.64 53.271
7.638 58.6339
7.636 65.3609
7.634 59.2979
7.632 71.9373
7.63 52.2005
7.628 57.361
7.626 50.1674
7.624 58.8649
7.622 53.2517
7.62 64.8562
7.618 53.8994
7.616 55.1784
7.614 48.7289
7.612 77.7098
7.61 60.7719
7.608 57.3747
7.606 59.0578
7.604 67.7804
7.602 72.8172
7.6 58.9865
7.598 52.2552
7.596 62.24
7.594 52.265
7.592 62.2286
7.59 58.3052
7.588 61.7245
7.586 66.5862
7.584 70.5064
7.582 60.7695
7.58 71.0285
7.578 48.137
7.576 50.1796
7.574 66.3067
7.572 61.6401
7.57 59.887
7.568 60.8761
7.566 54.7672
7.564 64.3041
7.562 66.3576
7.56 56.4499
7.558 66.7167
7.556 56.2422
7.554 47.5254
7.552 49.5564
7.55 63.587
7.548 50.8803
7.546 67.3811
7.544 72.7569
7.542 49.2596
7.54 62.9796
7.538 70.773
7.536 60.1214
7.534 69.255
7.532 58.1044
7.53 62.2319
7.528 76.9614
7.526 66.8206
7.524 62.3775
7.522 61.819
7.52 62.4374
7.518 56.0444
7.516 67.5639
7.514 69.7351
7.512 44.117
7.51 66.7319
7.508 57.7644
7.506 54.0785
7.504 65.9406
7.502 72.0976
7.5 52.5114
7.498 62.2831
7.496 58.2995
7.494 68.5378
7.492 58.7754
7.49 60.1378
7.488 59.6373
7.486 54.8519
7.484 71.0134
7.482 75.306
7.48 59.715
7.478 60.6613
7.476 67.2574
7.474 51.4468
7.472 65.1778
7.47 61.0185
7.468 56.9331
7.466 55.565
7.464 57.0243
7.462 64.6906
7.46 53.5894
7.458 63.9305
7.456 67.3645
7.454 64.1048
7.452 51.1819
7.45 49.8678
7.448 67.7069
7.446 58.8661
7.444 54.0809
7.442 62.5691
7.44 49.8404
7.438 73.0591
7.436 54.9819
7.434 67.6878
7.432 47.9008
7.43 56.0923
7.428 62.7606
7.426 59.9101
7.424 65.4826
7.422 64.6986
7.42 78.6848
7.418 56.5928
7.416 43.8079
7.414 57.5367
7.412 71.4325
7.41 61.6248
7.408 71.4432
7.406 49.5753
7.404 41.1511
7.402 55.9157
7.4 55.3803
7.398 50.9748
7.396 47.6333
7.394 60.0008
7.392 46.0229
7.39 48.0589
7.388 48.0117
7.386 67.21
7.384 49.8552
7.382 75.8532
7.38 67.105
7.378 49.8573
7.376 56.333
7.374 53.2033
7.372 55.2379
7.37 65.9328
7.368 44.9954
7.366 44.9748
7.364 52.3618
7.362 57.9916
7.36 62.4456
7.358 64.9061
7.356 68.6053
7.354 52.9923
7.352 47.0863
7.35 63.0965
7.348 70.0881
7.346 64.2429
7.344 69.4227
7.342 66.7715
7.34 55.6436
7.338 57.9025
7.336 66.001
7.334 59.1538
7.332 67.3001
7.33 71.5179
7.328 57.4599
7.326 71.3081
7.324 52.7814
7.322 64.6274
7.32 72.1086
7.318 52.1399
7.316 62.731
7.314 65.7397
7.312 51.6797
7.31 66.1625
7.308 69.3519
7.306 54.273
7.304 60.0622
7.302 55.1809
7.3 64.8468
7.298 41.8769
7.296 45.1288
7.294 70.6731
7.292 45.9556
7.29 75.2729
7.288 63.4164
7.286 56.3356
7.284 56.9465
7.282 63.7057
7.28 67.8255
7.278 50.8742
7.276 60.4089
7.274 61.1403
7.272 55.3642
7.27 59.6489
7.268 69.5502
7.266 67.9663
7.264 57.0962
7.262 60.9722
7.26 56.4511
7.258 61.2821
7.256 83.6174
7.254 50.7484
7.252 47.73
7.25 51.9344
7.248 57.8388
7.246 52.7972
7.244 65.9644
7.242 47.6283
7.24 57.6826
7.238 62.1904
7.236 80.1953
7.234 57.0212
7.232 58.5796
7.23 57.8607
7.228 57.7292
7.226 66.3961
7.224 54.898
7.222 70.9615
7.22 64.6391
7.218 51.1229
7.216 63.5225
7.214 56.6006
7.212 68.0235
7.21 56.6215
7.208 63.1391
7.206 78.5884
7.204 63.4216
7.202 61.4924
7.2 51.4747
7.198 66.059
7.196 47.0407
7.194 55.0015
7.192 64.9319
7.19 54.755
7.188 45.654
7.186 57.8879
7.184 42.5018
7.182 64.208
7.18 59.7206
7.178 51.9606
7.176 73.939
7.174 44.2527
7.172 64.7851
7.17 70.4658
7.168 75.0156
7.166 58.9221
7.164 54.0552
7.162 47.8735
7.16 65.8724
7.158 71.4828
7.156 63.5816
7.154 76.1031
7.152 56.3424
7.15 51.3649
7.148 60.4522
7.146 60.3194
7.144 64.765
7.142 67.2406
7.14 48.548
7.138 49.4853
7.136 54.5499
7.134 59.2006
7.132 56.3306
7.13 61.3939
7.128 67.4708
7.126 65.2165
7.124 59.7569
7.122 55.7404
7.12 54.6101
7.118 67.6461
7.116 57.4599
7.114 50.4344
7.112 51.1262
7.11 71.8987
7.108 62.2419
7.106 54.0365
7.104 54.9962
7.102 44.2584
7.1 64.8977
7.098 47.4481
7.096 57.9627
7.094 48.8047
7.092 56.4471
7.09 50.5675
7.088 69.3891
7.086 62.4195
7.084 45.282
7.082 50.7473
7.08 56.4655
7.078 53.0987
7.076 77.0265
7.074 54.3769
7.072 51.5486
7.07 49.4289
7.068 62.8491
7.066 64.5773
7.064 41.3179
7.062 64.6662
7.06 65.5435
7.058 45.5225
7.056 62.1282
7.054 65.7781
7.052 60.3869
7.05 58.3058
7.048 68.1468
7.046 54.9979
7.044 49.4503
7.042 60.4
7.04 68.6356
7.038 63.7417
7.036 56.3735
7.034 66.9308
7.032 47.5069
7.03 54.4615
7.028 57.7418
7.026 64.0451
7.024 52.5135
7.022 74.3713
7.02 67.1237
7.018 49.4715
7.016 59.252
7.014 55.6227
7.012 63.5192
7.01 60.6617
7.008 55.8319
7.006 61.02
7.004 49.8742
7.002 47.7356
7 59.2694
6.998 51.5918
6.996 54.9461
6.994 53.7648
6.992 56.8107
6.99 67.7801
6.988 65.6081
6.986 60.6251
6.984 64.3597
6.982 61.6807
6.98 48.3383
6.978 54.2882
6.976 58.6379
6.974 67.1092
6.972 59.6371
6.97 67.7998
6.968 59.7488
6.966 64.8734
6.964 63.2162
6.962 50.9971
6.96 61.8384
6.958 58.8677
6.956 46.5603
6.954 63.1325
6.952 48.2004
6.95 80.4363
6.948 57.9683
6.946 60.5935
6.944 62.7289
6.942 56.058
6.94 49.9847
6.938 62.6545
6.936 55.3492
6.934 63.0601
6.932 55.6283
6.93 64.8417
6.928 45.7638
6.926 68.106
6.924 51.7231
6.922 61.3315
6.92 57.5428
6.918 45.7111
6.916 61.0685
6.914 62.2296
6.912 59.5545
6.91 54.0105
6.908 71.6129
6.906 72.1826
6.904 56.3602
6.902 53.4316
6.9 67.3498
6.898 64.0746
6.896 50.2763
6.894 73.7055
6.892 57.4076
6.89 73.9946
6.888 63.9274
6.886 52.3299
6.884 59.1223
6.882 72.1886
6.88 69.8359
6.878 60.6806
6.876 56.133
6.874 50.7764
6.872 73.7796
6.87 52.1607
6.868 60.1853
6.866 56.8654
6.864 53.9631
6.862 58.5213
6.86 57.7498
6.858 46.7354
6.856 55.5933
6.854 62.2359
6.852 54.2285
6.85 64.4504
6.848 54.5175
6.846 59.4176
6.844 68.9115
6.842 55.8551
6.84 58.951
6.838 59.8841
6.836 45.5002
6.834 54.307
6.832 71.0671
6.83 55.6365
6.828 61.4641
6.826 52.366
6.824 75.658
6.822 49.6559
6.82 55.2047
6.818 66.2821
6.816 62.9878
6.814 52.0236
6.812 51.6045
6.81 47.9816
6.808 62.6624
6.806 50.7955
6.804 54.2967
6.802 62.393
6.8 73.4555
6.798 60.3254
6.796 56.3422
6.794 48.7025
6.792 55.516
6.79 62.7358
6.788 65.7254
6.786 57.852
6.784 58.3422
6.782 50.9913
6.78 67.1394
6.778 48.8189
6.776 47.3978
6.774 69.7714
6.772 57.9738
6.77 65.6708
6.768 64.7274
6.766 59.5836
6.764 56.2984
6.762 58.7365
6.76 44.4292
6.758 59.4722
6.756 57.4866
6.754 57.9811
6.752 75.9986
6.75 62.3474
6.748 66.8524
6.746 57.5406
6.744 51.3435
6.742 53.794
6.74 59.4079
6.738 55.5672
6.736 70.188
6.734 58.9907
6.732 56.1454
6.73 63.0817
6.728 57.9954
6.726 59.1201
6.724 56.9413
6.722 62.6178
6.72 60.6098
6.718 53.3167
6.716 51.7298
6.714 60.3761
6.712 66.5589
6.71 65.1478
6.708 56.721
6.706 44.733
6.704 76.4354
6.702 52.2652
6.7 53.7739
6.698 73.9579
6.696 57.1045
6.694 52.7994
6.692 57.2445
6.69 58.3475
6.688 46.5919
6.686 55.0394
6.684 51.4649
6.682 60.8076
6.68 61.0402
6.678 70.0927
6.676 56.4972
6.674 47.0569
6.672 64.8494
6.67 55.5485
6.668 43.5396
6.666 56.1831
6.664 46.4419
6.662 56.8437
6.66 59.0748
6.658 43.3067
6.656 64.37
6.654 57.8126
6.652 58.8925
6.65 73.1374
6.648 62.0025
6.646 54.2291
6.644 65.3702
6.642 43.535
6.64 64.9187
6.638 61.3483
6.636 60.0638
6.634 46.1873
6.632 55.9055
6.63 53.6056
6.628 66.2793
6.626 64.178
6.624 60.8013
6.622 56.2789
6.62 45.9844
6.618 54.3673
6.616 59.8503
6.614 64.6704
6.612 75.31
6.61 52.4625
6.608 59.9481
6.606 67.1795
6.604 54.1979
6.602 55.1867
6.6 55.9889
6.598 66.4249
6.596 62.2632
6.594 43.0847
6.592 58.5586
6.59 50.3142
6.588 54.2111
6.586 59.2951
6.584 71.8927
6.582 62.3628
6.58 67.6102
6.578 58.4866
6.576 46.6018
6.574 67.2605
6.572 61.5904
6.57 56.2292
6.568 59.9616
6.566 63.0945
6.564 48.9005
6.562 63.4049
6.56 59.9671
6.558 50.4057
6.556 57.8431
6.554 60.596
6.552 43.7916
6.55 61.3427
6.548 60.7996
6.546 71.6232
6.544 55.0043
6.542 55.1151
6.54 59.1006
6.538 54.9471
6.536 67.1063
6.534 68.8547
6.532 74.0793
6.53 62.1403
6.528 60.979
6.526 45.3979
6.524 55.725
6.522 57.2128
6.52 60.9369
6.518 53.2493
6.516 60.1164
6.514 47.4312
6.512 57.4416
6.51 56.2721
6.508 49.3853
6.506 59.6355
6.504 64.0618
6.502 66.5865
6.5 68.5677
6.498 52.308
6.496 40.0974
6.494 70.4763
6.492 70.8592
6.49 61.5015
6.488 46.5959
6.486 50.8392
6.484 55.4942
6.482 57.9216
6.48 39.6578
6.478 75.2258
6.476 55.3387
6.474 62.0112
6.472 61.5763
6.47 52.9732
6.468 69.18
6.466 63.573
6.464 71.8212
6.462 66.3431
6.46 54.8628
6.458 62.5499
6.456 50.8062
6.454 55.8396
6.452 60.8221
6.45 47.2908
6.448 62.0536
6.446 64.5005
6.444 61.5126
6.442 53.9451
6.44 58.6634
6.438 60.0321
6.436 47.2002
6.434 64.1516
6.432 41.0582
6.43 57.6786
6.428 67.261
6.426 62.9924
6.424 61.8179
6.422 67.1271
6.42 55.3141
6.418 57.3669
6.416 46.4568
6.414 49.4782
6.412 62.4093
6.41 61.6912
6.408 66.1375
6.406 60.0269
6.404 56.2329
6.402 79.3022
6.4 61.0009
6.398 51.0884
6.396 71.7632
6.394 58.9647
6.392 57.3897
6.39 56.4745
6.388 61.7905
6.386 61.5866
6.384 51.3788
6.382 50.2355
6.38 58.5329
6.378 53.9593
6.376 73.8709
6.374 60.1387
6.372 46.5477
6.37 61.3556
6.368 58.9994
6.366 62.1101
6.364 71.0036
6.362 46.7092
6.36 57.7561
6.358 40.3836
6.356 63.504
6.354 68.2275
6.352 49.6805
6.35 60.65
6.348 64.5804
6.346 62.5068
6.344 39.9851
6.342 54.4653
6.34 59.6618
6.338 56.1852
6.336 57.2916
6.334 58.4876
6.332 60.283
6.33 41.9218
6.328 55.2401
6.326 68.2948
6.324 68.1133
6.322 53.5496
6.32 60.3426
6.318 64.8034
6.316 43.2789
6.314 55.3204
6.312 64.5767
6.31 69.3437
6.308 69.8238
6.306 62.9358
6.304 41.2396
6.302 69.1988
6.3 50.1901
6.298 64.0656
6.296 52.129
6.294 52.7487
6.292 58.6108
6.29 58.3708
6.288 58.7416
6.286 52.1178
6.284 43.5288
6.282 49.1137
6.28 54.7407
6.278 59.5247
6.276 61.079
6.274 80.0724
6.272 65.0455
6.27 56.8135
6.268 62.2341
6.266 75.3519
6.264 60.6258
6.262 59.0192
6.26 56.9399
6.258 47.8851
6.256 61.9957
6.254 74.3554
6.252 53.0333
6.25 56.3493
6.248 73.0619
6.246 51.8421
6.244 59.147
6.242 68.6085
6.24 61.5396
6.238 51.5702
6.236 65.1117
6.234 55.576
6.232 58.7459
6.23 70.641
6.228 49.6913
6.226 55.8076
6.224 59.4079
6.222 61.2976
6.22 50.0554
6.218 59.0062
6.216 59.87
6.214 59.775
6.212 53.194
6.21 67.0221
6.208 55.2452
6.206 66.2297
6.204 61.2964
6.202 60.0819
6.2 61.4786
6.198 48.1579
6.196 60.379
6.194 74.4407
6.192 63.4326
6.19 52.0052
6.188 60.557
6.186 51.4851
6.184 61.3387
6.182 58.5316
6.18 53.5737
6.178 55.8292
6.176 51.7074
6.174 62.288
6.172 54.804
6.17 66.2718
6.168 56.6429
6.166 72.6521
6.164 55.7806
6.162 53.2246
6.16 65.466
6.158 66.3907
6.156 56.5203
6.154 56.5536
6.152 63.0385
6.15 67.5683
6.148 61.7568
6.146 56.0968
6.144 68.5972
6.142 66.5852
6.14 48.0665
6.138 69.0495
6.136 49.4256
6.134 70.0324
6.132 51.5243
6.13 54.9518
6.128 66.8426
6.126 70.749
6.124 48.4898
6.122 55.7535
6.12 70.234
6.118 52.3199
6.116 65.8844
6.114 54.5072
6.112 54.4949
6.11 56.2176
6.108 61.2654
6.106 41.7134
6.104 77.4721
6.102 63.3092
6.1 60.8466
6.098 67.8048
6.096 56.0404
6.094 57.3759
6.092 63.8793
6.09 64.3105
6.088 44.487
6.086 55.2945
6.084 51.6338
6.082 50.8737
6.08 49.9364
6.078 49.6533
6.076 67.1604
6.074 61.5589
6.072 50.747
6.07 52.4548
6.068 63.4386
6.066 53.5868
6.064 71.7058
6.062 62.352
6.06 59.1862
6.058 66.9176
6.056 62.3312
6.054 48.562
6.052 54.7503
6.05 57.7552
6.048 57.4351
6.046 39.6521
6.044 78.1785
6.042 55.5642
6.04 68.0601
6.038 74.6778
6.036 58.8914
6.034 61.6338
6.032 54.9355
6.03 64.7238
6.028 67.047
6.026 57.6411
6.024 43.9325
6.022 58.218
6.02 77.0743
6.018 62.926
6.016 59.5255
6.014 57.9862
6.012 49.2504
6.01 58.8849
6.008 48.5968
6.006 55.5448
6.004 55.1415
6.002 74.3056
6 88.5888
5.998 49.613
5.996 61.0868
5.994 54.98
5.992 67.5923
5.99 66.5628
5.988 60.745
5.986 59.5264
5.984 62.149
5.982 55.5715
5.98 60.0369
5.978 75.7803
5.976 56.4297
5.974 49.5766
5.972 52.1319
5.97 54.3197
5.968 42.2647
5.966 68.7825
5.964 49.0491
5.962 59.7399
5.96 62.6016
5.958 38.2407
5.956 67.0248
5.954 57.0928
5.952 53.6344
5.95 62.017
5.948 48.1766
5.946 80.7911
5.944 61.6456
5.942 53.0697
5.94 66.0317
5.938 59.481
5.936 63.8081
5.934 61.0358
5.932 67.1025
5.93 67.5125
5.928 51.1492
5.926 54.3057
5.924 55.7984
5.922 48.3991
5.92 56.9059
5.918 63.3181
5.916 61.0633
5.914 56.6388
5.912 47.9035
5.91 57.2699
5.908 56.2006
5.906 53.3949
5.904 70.2595
5.902 59.2682
5.9 61.981
5.898 47.177
5.896 62.701
5.894 53.9139
5.892 64.3132
5.89 53.243
5.888 51.0185
5.886 66.6137
5.884 64.6337
5.882 63.0519
5.88 63.6052
5.878 58.6765
5.876 59.5626
5.874 65.2872
5.872 67.8197
5.87 64.6444
5.868 55.5158
5.866 51.7938
5.864 46.1662
5.862 63.3766
5.86 56.1915
5.858 56.2873
5.856 54.7514
5.854 61.9907
5.852 60.7248
5.85 51.6053
5.848 63.2075
5.846 68.3569
5.844 69.5054
5.842 48.952
5.84 64.8944
5.838 83.8658
5.836 60.3614
5.834 56.982
5.832 65.9024
5.83 67.7049
5.828 64.7251
5.826 64.4982
5.824 56.4837
5.822 64.1347
5.82 61.4563
5.818 57.2865
5.816 54.3207
5.814 61.1413
5.812 73.0493
5.81 70.9546
5.808 75.0402
5.806 76.796
5.804 67.8253
5.802 65.5726
5.8 64.6044
5.798 34.7263
5.796 65.8364
5.794 55.4017
5.792 63.3875
5.79 70.682
5.788 53.1294
5.786 48.2434
5.784 53.6943
5.782 57.7116
5.78 57.0923
5.778 63.3136
5.776 51.9721
5.774 51.7786
5.772 58.7849
5.77 56.3399
5.768 44.783
5.766 47.9344
5.764 66.3774
5.762 71.0155
5.76 60.0214
5.758 64.5224
5.756 54.5736
5.754 55.419
5.752 67.4748
5.75 61.8117
5.748 61.8631
5.746 54.1445
5.744 47.2889
5.742 65.5048
5.74 53.1106
5.738 63.856
5.736 50.0637
5.734 51.6909
5.732 56.5209
5.73 60.0918
5.728 63.8798
5.726 63.1844
5.724 66.8993
5.722 56.8244
5.72 57.3571
5.718 61.1337
5.716 57.0759
5.714 62.2587
5.712 62.6976
5.71 67.2784
5.708 64.439
5.706 66.2137
5.704 60.2933
5.702 58.7714
5.7 45.0336
5.698 67.5296
5.696 64.8237
5.694 51.3266
5.692 58.4167
5.69 69.8343
5.688 64.2968
5.686 60.3509
5.684 50.6428
5.682 44.4769
5.68 58.5021
5.678 46.0896
5.676 58.3263
5.674 67.1528
5.672 59.5277
5.67 62.422
5.668 56.3929
5.666 62.7118
5.664 63.69
5.662 53.7937
5.66 54.0888
5.658 46.1316
5.656 58.8838
5.654 51.9082
5.652 56.9412
5.65 62.3302
5.648 59.962
5.646 57.3611
5.644 63.624
5.642 48.0862
5.64 66.0623
5.638 53.7207
5.636 68.7625
5.634 53.9171
5.632 57.0985
5.63 65.8737
5.628 51.6813
5.626 55.21
5.624 55.7916
5.622 62.2876
5.62 52.3365
5.618 60.962
5.616 67.3026
5.614 58.5889
5.612 61.0177
5.61 59.216
5.608 54.0464
5.606 66.6628
5.604 55.7219
5.602 50.5866
5.6 56.1096
5.598 67.6952
5.596 44.9672
5.594 42.9355
5.592 64.1102
5.59 56.5454
5.588 46.6103
5.586 51.3692
5.584 64.7881
5.582 71.5266
5.58 55.9186
5.578 52.2479
5.576 53.097
5.574 59.7365
5.572 66.0615
5.57 49.9641
5.568 53.4721
5.566 54.2889
5.564 64.0854
5.562 68.6747
5.56 45.8202
5.558 62.0338
5.556 56.1842
5.554 48.785
5.552 63.3892
5.55 72.7674
5.548 64.5217
5.546 61.7374
5.544 66.466
5.542 50.8204
5.54 49.6493
5.538 60.4587
5.536 62.3068
5.534 53.2957
5.532 50.1666
5.53 52.8697
5.528 54.9742
5.526 65.1818
5.524 56.1489
5.522 44.0462
5.52 65.0081
5.518 47.7276
5.516 46.6319
5.514 60.8355
5.512 55.7809
5.51 58.9269
5.508 50.7325
5.506 65.9076
5.504 66.0848
5.502 58.5718
5.5 64.8168
5.498 71.375
5.496 53.9326
5.494 53.4375
5.492 49.2782
5.49 61.7058
5.488 54.0564
5.486 60.3955
5.484 75.3446
5.482 69.8851
5.48 61.4848
5.478 64.7327
5.476 61.0113
5.474 57.2614
5.472 51.1301
5.47 48.1495
5.468 41.6233
5.466 69.9307
5.464 55.7573
5.462 59.2926
5.46 50.3368
5.458 40.957
5.456 52.2888
5.454 55.1122
5.452 64.8692
5.45 51.471
5.448 65.5561
5.446 53.1501
5.444 50.6657
5.442 54.2238
5.44 64.2783
5.438 55.3573
5.436 67.3318
5.434 56.0844
5.432 46.0286
5.43 57.4833
5.428 71.2318
5.426 48.3986
5.424 63.1765
5.422 53.6293
5.42 51.3605
5.418 58.0676
5.416 70.6491
5.414 73.8235
5.412 57.8964
5.41 73.525
5.408 48.1759
5.406 57.6966
5.404 53.3127
5.402 67.0326
5.4 71.7998
5.398 50.7664
5.396 59.0349
5.394 68.4362
5.392 47.8357
5.39 53.4121
5.388 41.9209
5.386 51.2554
5.384 65.1513
5.382 61.5149
5.38 60.6533
5.378 75.5234
5.376 53.6946
5.374 62.9906
5.372 63.8107
5.37 55.9114
5.368 54.5902
5.366 61.9606
5.364 42.2579
5.362 65.3959
5.36 55.5697
5.358 42.8207
5.356 60.6134
5.354 61.218
5.352 49.6389
5.35 58.2027
5.348 59.3849
5.346 61.6318
5.344 67.6177
5.342 58.2291
5.34 60.5209
5.338 55.7524
5.336 59.9098
5.334 59.2266
5.332 62.9316
5.33 65.352
5.328 59.0034
5.326 51.3706
5.324 51.1951
5.322 52.7708
5.32 55.7555
5.318 58.3614
5.316 60.0659
5.314 42.8818
5.312 57.8703
5.31 69.1379
5.308 54.8932
5.306 64.7724
5.304 35.8449
5.302 46.4544
5.3 62.453
5.298 60.0666
5.296 55.5261
5.294 63.9683
5.292 61.4717
5.29 43.816
5.288 61.4845
5.286 72.76
5.284 50.4949
5.282 60.0577
5.28 61.4463
5.278 63.9115
5.276 63.1737
5.274 51.332
5.272 47.8536
5.27 47.0602
5.268 65.9005
5.266 63.0463
5.264 58.9256
5.262 51.2598
5.26 57.4437
5.258 61.5708
5.256 56.1883
5.254 59.4285
5.252 47.8873
5.25 57.9267
5.248 60.9709
5.246 57.853
5.244 52.6056
5.242 48.1428
5.24 52.1885
5.238 49.1375
5.236 57.3482
5.234 61.9716
5.232 64.1134
5.23 48.5393
5.228 56.2297
5.226 52.7031
5.224 85.3088
5.222 61.2391
5.22 53.811
5.218 53.6991
5.216 64.9522
5.214 52.8709
5.212 50.9331
5.21 36.5465
5.208 51.081
5.206 59.7788
5.204 60.7222
5.202 58.6041
5.2 57.4304
5.198 62.9594
5.196 52.8232
5.194 60.7815
5.192 78.1176
5.19 71.5167
5.188 65.6325
5.186 60.8168
5.184 55.6881
5.182 64.2222
5.18 45.373
5.178 62.2497
5.176 67.6886
5.174 63.8187
5.172 65.0484
5.17 55.2722
5.168 54.9615
5.166 50.3702
5.164 60.3752
5.162 67.6948
5.16 64.2818
5.158 57.085
5.156 53.5535
5.154 51.3781
5.152 32.9431
5.15 57.4134
5.148 49.7462
5.146 68.5167
5.144 47.0847
5.142 70.451
5.14 50.0657
5.138 63.3486
5.136 58.7796
5.134 46.9057
5.132 52.4576
5.13 41.5736
5.128 45.9327
5.126 59.9646
5.124 68.3704
5.122 66.8125
5.12 41.2443
5.118 58.0681
5.116 49.8496
5.114 65.2163
5.112 63.1226
5.11 64.5995
5.108 62.728
5.106 36.882
5.104 48.9387
5.102 58.9166
5.1 60.5945
5.098 53.9417
5.096 56.096
5.094 66.1233
5.092 48.8868
5.09 40.4865
5.088 51.2787
5.086 64.4162
5.084 65.4319
5.082 59.3663
5.08 53.5109
5.078 49.7526
5.076 60.4568
5.074 59.9747
5.072 67.2829
5.07 36.3263
5.068 58.8909
5.066 55.5784
5.064 64.6413
5.062 59.3219
5.06 45.0132
5.058 59.8498
5.056 51.3374
5.054 51.0536
5.052 58.9765
5.05 59.6769
5.048 48.5121
5.046 63.4766
5.044 55.8862
5.042 69.5094
5.04 58.2327
5.038 50.4541
5.036 74.0744
5.034 66.7316
5.032 71.4041
5.03 53.5109
5.028 46.1915
5.026 45.0321
5.024 61.2654
5.022 50.6727
5.02 51.6902
5.018 48.8034
5.016 47.9866
5.014 73.8435
5.012 55.7296
5.01 46.5329
5.008 73.8273
5.006 45.6033
5.004 59.6901
5.002 54.6834
5 48.513
4.998 56.3906
4.996 65.6499
4.994 48.9439
4.992 52.0087
4.99 54.1007
4.988 43.1424
4.986 67.4397
4.984 55.4915
4.982 67.0324
4.98 72.663
4.978 50.157
4.976 50.5739
4.974 47.5024
4.972 52.1681
4.97 51.6484
4.968 64.3407
4.966 50.4658
4.964 43.5492
4.962 62.1427
4.96 52.833
4.958 62.6424
4.956 53.8416
4.954 56.9177
4.952 58.5618
4.95 55.3111
4.948 64.4867
4.946 42.8192
4.944 59.031
4.942 60.0791
4.94 48.5697
4.938 53.268
4.936 59.6743
4.934 57.8554
4.932 50.3075
4.93 65.645
4.928 54.6819
4.926 48.7562
4.924 55.1491
4.922 62.4911
4.92 61.0183
4.918 58.7388
4.916 57.9993
4.914 66.6628
4.912 62.0101
4.91 55.4841
4.908 56.1833
4.906 54.736
4.904 50.6658
4.902 44.3657
4.9 70.435
4.898 45.4511
4.896 54.0744
4.894 51.4653
4.892 56.1174
4.89 67.7875
4.888 56.9727
4.886 57.6604
4.884 44.6243
4.882 56.4824
4.88 55.0923
4.878 46.3221
4.876 25.2178
4.874 59.3335
4.872 44.448
4.87 57.9546
4.868 47.3665
4.866 32.7074
4.864 61.9777
4.862 44.2186
4.86 36.9898
4.858 55.559
4.856 67.907
4.854 51.7954
4.852 50.2459
4.85 30.3993
4.848 49.277
4.846 56.4201
4.844 56.611
4.842 67.7985
4.84 59.187
4.838 54.8416
4.836 48.8919
4.834 40.9295
4.832 58.5749
4.83 57.9758
4.828 39.3146
4.826 66.7205
4.824 60.9553
4.822 46.9775
4.82 46.1531
4.818 53.9998
4.816 47.737
4.814 42.0912
4.812 55.0382
4.81 59.0815
4.808 69.0623
4.806 49.6893
4.804 68.573
4.802 64.7995
4.8 47.1212
4.798 69.617
4.796 54.5392
4.794 47.874
4.792 46.1575
4.79 66.0259
4.788 49.7027
4.786 44.1079
4.784 53.8539
4.782 53.7835
4.78 52.6721
4.778 58.3381
4.776 50.7495
4.774 56.6599
4.772 63.0866
4.77 48.8818
4.768 66.6368
4.766 46.5861
4.764 46.5938
4.762 65.7957
4.76 49.9304
4.758 59.933
4.756 44.8175
4.754 56.1045
4.752 63.7021
4.75 50.742
4.748 50.9534
4.746 53.5986
4.744 51.423
4.742 50.2
4.74 54.4221
4.738 55.2942
4.736 45.0878
4.734 54.8301
4.732 65.9279
4.73 47.9064
4.728 40.2038
4.726 55.6787
4.724 67.112
4.722 57.9289
4.72 61.8192
4.718 89.5493
4.716 61.1654
4.714 48.9826
4.712 56.6744
4.71 51.7603
4.708 65.8661
4.706 62.7242
4.704 46.4338
4.702 54.5694
4.7 62.3708
4.698 55.3569
4.696 52.8801
4.694 63.7954
4.692 41.7401
4.69 68.9637
4.688 52.7756
4.686 57.7806
4.684 55.6487
4.682 55.608
4.68 71.9455
4.678 67.5941
4.676 44.9073
4.674 56.2809
4.672 46.3941
4.67 53.9925
4.668 53.8696
4.666 49.1687
4.664 66.9198
4.662 55.6359
4.66 43.0229
4.658 68.7237
4.656 51.6426
4.654 60.7161
4.652 52.6042
4.65 58.9441
4.648 58.2724
4.646 63.8664
4.644 46.159
4.642 46.4837
4.64 62.0822
4.638 57.7397
4.636 38.119
4.634 54.6125
4.632 44.8164
4.63 58.4495
4.628 64.6724
4.626 63.2761
4.624 54.6188
4.622 63.0991
4.62 50.5131
4.618 58.1052
4.616 50.2674
4.614 55.3904
4.612 62.999
4.61 56.2533
4.608 48.1515
4.606 47.6021
4.604 57.8176
4.602 42.8492
4.6 66.3942
4.598 63.5711
4.596 56.6148
4.594 58.1302
4.592 54.286
4.59 50.3294
4.588 53.6137
4.586 56.9928
4.584 33.6161
4.582 62.5031
4.58 73.1043
4.578 48.5515
4.576 56.7596
4.574 65.456
4.572 59.3869
4.57 54.4895
4.568 50.647
4.566 53.5918
4.564 64.9708
4.562 60.8709
4.56 55.0746
4.558 40.9503
4.556 53.7164
4.554 61.1649
4.552 57.9618
4.55 60.6459
4.548 52.517
4.546 72.4859
4.544 47.0722
4.542 64.3928
4.54 68.8141
4.538 38.5181
4.536 49.7339
4.534 54.0782
4.532 58.2778
4.53 47.9165
4.528 54.1803
4.526 72.0054
4.524 48.8278
4.522 63.1008
4.52 52.8992
4.518 39.4064
4.516 66.6554
4.514 42.6695
4.512 58.8706
4.51 58.9465
4.508 65.7792
4.506 54.719
4.504 66.0442
4.502 70.0013
4.5 57.0828
4.498 65.9521
4.496 55.1376
4.494 57.4289
4.492 57.692
4.49 56.6247
4.488 57.4158
4.486 46.851
4.484 56.3507
4.482 47.1904
4.48 69.7053
4.478 65.7777
4.476 54.6902
4.474 47.9432
4.472 56.4455
4.47 58.678
4.468 68.5494
4.466 59.9483
4.464 67.0929
4.462 61.1209
4.46 54.9728
4.458 57.4408
4.456 71.6684
4.454 65.9832
4.452 62.8087
4.45 47.1229
4.448 50.3885
4.446 69.3712
4.444 54.7242
4.442 52.027
4.44 58.6742
4.438 57.4208
4.436 57.761
4.434 62.3124
4.432 49.9536
4.43 52.8377
4.428 58.1146
4.426 51.3006
4.424 63.4799
4.422 57.1048
4.42 49.4639
4.418 43.8894
4.416 46.1398
4.414 60.6049
4.412 46.1075
4.41 60.3414
4.408 60.5623
4.406 57.4212
4.404 52.1966
4.402 59.4138
4.4 63.7162
4.398 51.8163
4.396 54.7186
4.394 54.5929
4.392 49.1602
4.39 52.8972
4.388 55.0925
4.386 76.3582
4.384 56.4094
4.382 66.5659
4.38 51.1397
4.378 50.1125
4.376 56.0367
4.374 66.6391
4.372 56.1752
4.37 52.8026
4.368 38.7669
4.366 46.2288
4.364 55.6076
4.362 41.5953
4.36 52.8474
4.358 55.963
4.356 46.1871
4.354 53.4962
4.352 61.1178
4.35 50.0852
4.348 56.9552
4.346 51.9761
4.344 53.255
4.342 52.0644
4.34 64.4742
4.338 58.1696
4.336 62.6004
4.334 46.4343
4.332 48.0092
4.33 52.8101
4.328 54.3927
4.326 60.5324
4.324 51.7272
4.322 56.4524
4.32 57.3153
4.318 60.1299
4.316 61.0518
4.314 51.9937
4.312 54.6604
4.31 56.6252
4.308 69.6407
4.306 65.357
4.304 42.4039
4.302 52.5335
4.3 63.2653
4.298 53.6923
4.296 59.7465
4.294 52.337
4.292 51.2604
4.29 45.8614
4.288 54.6798
4.286 61.3849
4.284 64.0808
4.282 55.106
4.28 55.3847
4.278 54.489
4.276 56.0976
4.274 56.2755
4.272 60.8981
4.27 52.0653
4.268 70.1129
4.266 72.5465
4.264 60.0628
4.262 53.9903
4.26 50.6759
4.258 54.0303
4.256 51.0245
4.254 54.9365
4.252 52.5445
4.25 62.2059
4.248 47.3465
4.246 64.1051
4.244 53.5798
4.242 32.4763
4.24 49.1316
4.238 57.3684
4.236 48.7973
4.234 49.9377
4.232 56.8728
4.23 41.5126
4.228 51.8694
4.226 61.2979
4.224 43.2066
4.222 43.6814
4.22 60.8028
4.218 39.7828
4.216 55.2838
4.214 55.8444
4.212 63.7856
4.21 57.8114
4.208 49.6637
4.206 57.3372
4.204 66.3925
4.202 63.3746
4.2 62.4663
4.198 60.4689
4.196 49.8084
4.194 51.3939
4.192 39.5095
4.19 48.4634
4.188 52.4427
4.186 65.9889
4.184 52.6921
4.182 47.0968
4.18 50.2058
4.178 52.258
4.176 49.1827
4.174 38.5755
4.172 64.8585
4.17 51.7201
4.168 46.3892
4.166 47.7455
4.164 58.0022
4.162 73.0133
4.16 67.1325
4.158 63.4297
4.156 57.3857
4.154 45.4307
4.152 49.3516
4.15 55.8994
4.148 47.2969
4.146 47.8215
4.144 42.1776
4.142 62.4748
4.14 56.5225
4.138 58.2192
4.136 58.0633
4.134 58.2492
4.132 51.5302
4.13 54.5267
4.128 43.0241
4.126 40.5594
4.124 44.8267
4.122 50.7914
4.12 60.4043
4.118 57.3176
4.116 41.6339
4.114 44.7381
4.112 59.6877
4.11 47.2912
4.108 53.1399
4.106 42.7083
4.104 58.1872
4.102 47.7279
4.1 59.7789
4.098 61.9561
4.096 56.4799
4.094 51.8184
4.092 53.1737
4.09 53.3404
4.088 53.6226
4.086 49.3049
4.084 40.7477
4.082 53.5625
4.08 55.7048
4.078 56.9813
4.076 48.2888
4.074 44.0813
4.072 52.7036
4.07 44.987
4.068 51.1022
4.066 58.9565
4.064 51.8223
4.062 40.0061
4.06 50.3958
4.058 41.8778
4.056 67.4044
4.054 51.6739
4.052 76.6432
4.05 47.5486
4.048 48.2756
4.046 61.37
4.044 38.7825
4.042 44.9762
4.04 50.0092
4.038 54.2891
4.036 56.1284
4.034 65.0533
4.032 59.7059
4.03 63.1477
4.028 59.2399
4.026 38.5745
4.024 53.8806
4.022 54.5564
4.02 66.0861
4.018 63.9353
4.016 51.604
4.014 60.3048
4.012 53.6198
4.01 51.1132
4.008 58.7167
4.006 61.7007
4.004 39.3112
4.002 49.5122
4 49.1027
3.998 37.6003
3.996 50.321
3.994 55.0052
3.992 54.5932
3.99 36.6957
3.988 51.999
3.986 51.3875
3.984 47.1465
3.982 69.7947
3.98 55.2179
3.978 62.3886
3.976 58.9502
3.974 48.19
3.972 61.3062
3.97 55.1009
3.968 47.4148
3.966 69.1582
3.964 56.5596
3.962 52.9718
3.96 63.6168
3.958 67.6369
3.956 45.2887
3.954 55.7376
3.952 61.8245
3.95 54.51
3.948 69.4054
3.946 47.2012
3.944 55.5509
3.942 50.7214
3.94 53.4532
3.938 53.9078
3.936 50.4583
3.934 46.6543
3.932 51.8709
3.93 56.8336
3.928 51.6966
3.926 57.7602
3.924 52.6285
3.922 64.4454
3.92 49.3181
3.918 52.2964
3.916 66.059
3.914 62.0289
3.912 52.2433
3.91 56.7019
3.908 50.5128
3.906 58.965
3.904 66.7181
3.902 55.8665
3.9 52.4472
3.898 54.6972
3.896 52.7938
3.894 50.3478
3.892 56.4753
3.89 50.6383
3.888 54.9999
3.886 64.3427
3.884 63.458
3.882 47.3989
3.88 62.6148
3.878 62.4328
3.876 69.9028
3.874 71.5534
3.872 52.8766
3.87 58.4965
3.868 74.4697
3.866 42.928
3.864 63.077
3.862 57.5491
3.86 55.0084
3.858 49.7894
3.856 56.0329
3.854 51.6325
3.852 51.8408
3.85 48.1306
3.848 44.7331
3.846 42.8754
3.844 36.1558
3.842 48.4567
3.84 55.9294
3.838 53.822
3.836 58.2717
3.834 50.6921
3.832 57.4433
3.83 63.222
3.828 46.2309
3.826 47.2146
3.824 47.9938
3.822 49.8374
3.82 63.5559
3.818 58.4409
3.816 54.8648
3.814 45.3784
3.812 35.1747
3.81 51.0364
3.808 54.1139
3.806 59.2067
3.804 52.8958
3.802 47.019
3.8 46.4956
3.798 62.2691
3.796 66.6788
3.794 50.9451
3.792 62.4094
3.79 59.37
3.788 55.3917
3.786 53.2286
3.784 51.4679
3.782 48.8991
3.78 37.3375
3.778 66.9922
3.776 43.3042
3.774 44.2412
3.772 52.8742
3.77 57.3235
3.768 54.5654
3.766 55.5307
3.764 48.2365
3.762 47.9466
3.76 44.3531
3.758 57.8846
3.756 52.2906
3.754 39.414
3.752 48.3087
3.75 51.7821
3.748 54.1212
3.746 48.2245
3.744 44.2073
3.742 56.1795
3.74 54.7425
3.738 55.4999
3.736 49.9243
3.734 39.6388
3.732 52.4457
3.73 56.1995
3.728 51.2001
3.726 54.9422
3.724 48.4117
3.722 55.6988
3.72 42.6215
3.718 54.4163
3.716 48.7931
3.714 47.9445
3.712 44.6834
3.71 69.0999
3.708 54.4662
3.706 50.091
3.704 36.2581
3.702 48.8126
3.7 57.6568
3.698 45.7906
3.696 47.8141
3.694 53.723
3.692 52.2556
3.69 57.7255
3.688 39.0119
3.686 46.6744
3.684 58.7116
3.682 49.022
3.68 61.4492
3.678 48.7328
3.676 37.3688
3.674 51.8815
3.672 44.2258
3.67 62.2169
3.668 48.5542
3.666 53.1811
3.664 43.1675
3.662 37.1602
3.66 55.1358
3.658 55.2602
3.656 50.4958
3.654 63.5164
3.652 45.8411
3.65 40.8161
3.648 66.6832
3.646 57.143
3.644 44.477
3.642 41.6751
3.64 43.6282
3.638 51.1745
3.636 44.8332
3.634 49.7422
3.632 50.7665
3.63 65.8977
3.628 56.0504
3.626 51.0175
3.624 51.2973
3.622 42.1526
3.62 51.6405
3.618 61.2992
3.616 50.609
3.614 51.4813
3.612 61.2331
3.61 55.3183
3.608 48.9283
3.606 46.4721
3.604 58.1513
3.602 58.6407
3.6 47.3693
3.598 43.8542
3.596 47.3851
3.594 42.8208
3.592 55.2392
3.59 39.6413
3.588 55.1279
3.586 55.4449
3.584 55.9904
3.582 50.9591
3.58 49.7313
3.578 41.1114
3.576 55.1923
3.574 47.529
3.572 42.6455
3.57 62.5504
3.568 41.6778
3.566 61.7714
3.564 56.487
3.562 66.3819
3.56 54.5777
3.558 47.126
3.556 43.4875
3.554 36.0437
3.552 42.6594
3.55 46.6914
3.548 49.49
3.546 31.9634
3.544 52.6747
3.542 45.8223
3.54 48.2708
3.538 55.9642
3.536 56.7045
3.534 47.3785
3.532 65.294
3.53 60.5091
3.528 54.4266
3.526 53.3484
3.524 59.9936
3.522 61.5053
3.52 66.0012
3.518 65.8217
3.516 56.9904
3.514 55.3805
3.512 43.6297
3.51 48.5969
3.508 45.7793
3.506 46.0016
3.504 63.1887
3.502 50.1827
3.5 49.183
3.498 43.1502
3.496 53.7254
3.494 45.4211
3.492 48.2124
3.49 47.3777
3.488 56.2262
3.486 39.2797
3.484 52.8551
3.482 47.544
3.48 50.3307
3.478 59.5797
3.476 54.8514
3.474 58.584
3.472 50.1627
3.47 44.6119
3.468 63.6787
3.466 44.8188
3.464 45.9541
3.462 56.1832
3.46 45.8214
3.458 69.7404
3.456 49.4792
3.454 30.8971
3.452 59.6258
3.45 49.598
3.448 48.4847
3.446 44.5765
3.444 48.1683
3.442 59.0796
3.44 40.2351
3.438 62.573
3.436 52.937
3.434 44.2852
3.432 51.3686
3.43 60.633
3.428 48.2215
3.426 57.5247
3.424 48.6649
3.422 63.327
3.42 35.2058
3.418 52.79
3.416 52.8692
3.414 50.7602
3.412 50.0389
3.41 61.904
3.408 50.0238
3.406 65.9236
3.404 49.8446
3.402 63.9371
3.4 49.0304
3.398 48.8832
3.396 44.4782
3.394 60.5312
3.392 64.175
3.39 56.4826
3.388 58.5775
3.386 53.4083
3.384 41.2261
3.382 39.6028
3.38 50.7279
3.378 36.1654
3.376 43.1594
3.374 56.9463
3.372 58.34
3.37 49.5978
3.368 62.4437
3.366 51.3898
3.364 42.4057
3.362 44.6405
3.36 48.1246
3.358 55.5445
3.356 55.4339
3.354 65.761
3.352 63.5501
3.35 57.4289
3.348 62.5429
3.346 48.1699
3.344 56.7453
3.342 54.1552
3.34 49.3824
3.338 43.3893
3.336 54.9898
3.334 58.7624
3.332 46.0706
3.33 56.4381
3.328 38.6017
3.326 58.9468
3.324 53.8786
3.322 58.3718
3.32 49.1352
3.318 50.1683
3.316 50.7972
3.314 49.4921
3.312 46.0196
3.31 61.8382
3.308 49.982
3.306 44.7865
3.304 42.1035
3.302 53.6678
3.3 57.56
3.298 54.5101
3.296 50.5617
3.294 66.9676
3.292 52.553
3.29 50.8505
3.288 50.2168
3.286 61.3888
3.284 55.4058
3.282 53.337
3.28 49.5007
3.278 43.7253
3.276 52.66
3.274 54.5921
3.272 56.2628
3.27 65.2333
3.268 47.1493
3.266 48.6304
3.264 61.0881
3.262 45.5104
3.26 38.4203
3.258 63.2265
3.256 46.38
3.254 36.4549
3.252 55.1747
3.25 42.7899
3.248 48.4254
3.246 40.6888
3.244 52.9241
3.242 49.3748
3.24 50.7531
3.238 44.4386
3.236 41.1796
3.234 31.7269
3.232 54.501
3.23 50.7977
3.228 40.31
3.226 52.0404
3.224 34.3917
3.222 57.2828
3.22 60.6103
3.218 44.399
3.216 42.6067
3.214 45.7222
3.212 47.1815
3.21 38.3329
3.208 56.6466
3.206 61.4723
3.204 47.4245
3.202 55.0518
3.2 46.7219
3.198 45.0504
3.196 59.2558
3.194 47.9108
3.192 61.7529
3.19 45.6855
3.188 54.6864
3.186 56.4761
3.184 40.8234
3.182 50.2355
3.18 40.7534
3.178 38.1783
3.176 52.0248
3.174 63.2336
3.172 56.9537
3.17 55.219
3.168 45.2255
3.166 49.6756
3.164 52.5444
3.162 33.3508
3.16 62.4516
3.158 48.7043
3.156 45.3935
3.154 53.7403
3.152 43.752
3.15 55.4323
3.148 52.6874
3.146 52.4578
3.144 60.6075
3.142 45.737
3.14 53.847
3.138 45.672
3.136 52.0731
3.134 42.2959
3.132 50.6935
3.13 58.0253
3.128 43.3955
3.126 59.5672
3.124 49.6219
3.122 53.0372
3.12 32.7673
3.118 57.2805
3.116 55.2919
3.114 54.5532
3.112 46.7253
3.11 60.1705
3.108 58.4046
3.106 53.0331
3.104 53.4312
3.102 44.1996
3.1 59.923
3.098 70.9177
3.096 70.4442
3.094 60.7486
3.092 53.9224
3.09 51.2399
3.088 48.9141
3.086 56.9548
3.084 39.1142
3.082 43.8481
3.08 57.276
3.078 55.3728
3.076 43.9568
3.074 58.829
3.072 46.4745
3.07 57.4874
3.068 44.9501
3.066 50.9984
3.064 54.5567
3.062 67.545
3.06 51.2969
3.058 48.0161
3.056 49.8029
3.054 62.4563
3.052 51.1691
3.05 57.1141
3.048 76.8031
3.046 29.688
3.044 54.5021
3.042 57.0246
3.04 54.9197
3.038 56.7593
3.036 53.9626
3.034 53.4052
3.032 53.8921
3.03 46.9211
3.028 58.198
3.026 61.9555
3.024 49.3699
3.022 38.9987
3.02 55.2871
3.018 51.1924
3.016 57.6578
3.014 46.6848
3.012 37.6289
3.01 55.1466
3.008 62.3449
3.006 52.8539
3.004 49.4073
3.002 40.1306
3 39.9552
2.998 48.387
2.996 55.6121
2.994 63.1536
2.992 48.8664
2.99 45.6799
2.988 38.4428
2.986 44.4845
2.984 44.83
2.982 44.6145
2.98 52.9508
2.978 48.5998
2.976 48.3219
2.974 46.0724
2.972 42.0426
2.97 48.5645
2.968 51.578
2.966 49.1431
2.964 43.595
2.962 52.7324
2.96 61.6148
2.958 44.3284
2.956 46.7422
2.954 47.531
2.952 43.1377
2.95 46.5841
2.948 54.7758
2.946 42.475
2.944 51.4824
2.942 55.1293
2.94 49.8281
2.938 46.9744
2.936 43.9822
2.934 56.1263
2.932 47.7703
2.93 47.6682
2.928 54.4183
2.926 50.4534
2.924 55.0246
2.922 55.9564
2.92 46.6464
2.918 55.2029
2.916 43.151
2.914 57.3224
2.912 68.1977
2.91 64.0428
2.908 43.5503
2.906 47.1802
2.904 50.6589
2.902 49.051
2.9 48.1802
2.898 36.5975
2.896 47.7021
2.894 29.2266
2.892 45.6263
2.89 47.6254
2.888 42.4975
2.886 38.6153
2.884 45.6695
2.882 38.8554
2.88 41.6913
2.878 36.3157
2.876 44.1945
2.874 43.644
2.872 47.0248
2.87 53.4147
2.868 51.0006
2.866 49.2834
2.864 43.9103
2.862 60.423
2.86 53.8785
2.858 32.8216
2.856 59.3639
2.854 49.8815
2.852 67.8203
2.85 58.688
2.848 44.998
2.846 42.2711
2.844 56.8315
2.842 47.303
2.84 39.9144
2.838 57.9942
2.836 34.2822
2.834 43.7608
2.832 50.4807
2.83 46.4625
2.828 41.2975
2.826 57.9176
2.824 42.5913
2.822 58.1861
2.82 43.8726
2.818 63.4332
2.816 58.8661
2.814 46.5165
2.812 63.0743
2.81 39.0837
2.808 38.089
2.806 53.0875
2.804 59.5459
2.802 50.3637
2.8 54.3235
2.798 55.1984
2.796 43.5208
2.794 47.8568
2.792 55.7121
2.79 35.0661
2.788 49.8526
2.786 44.698
2.784 42.4701
2.782 44.1663
2.78 58.5288
2.778 53.649
2.776 55.8879
2.774 43.0603
2.772 45.2878
2.77 38.5447
2.768 56.0545
2.766 48.9612
2.764 53.9093
2.762 55.0281
2.76 47.908
2.758 41.7455
2.756 53.816
2.754 58.322
2.752 57.0567
2.75 47.4132
2.748 81.2138
2.746 38.2596
2.744 48.486
2.742 42.6582
2.74 30.9404
2.738 45.3659
2.736 45.4896
2.734 55.7509
2.732 55.0043
2.73 32.7231
2.728 63.1836
2.726 57.3067
2.724 46.659
2.722 40.7318
2.72 54.3707
2.718 40.2642
2.716 56.2263
2.714 48.0286
2.712 60.2606
2.71 59
2.708 48.7309
2.706 59.6202
2.704 45.6727
2.702 40.5558
2.7 53.6843
2.698 42.0041
2.696 68.6227
2.694 58.7706
2.692 38.2974
2.69 36.0989
2.688 42.6096
2.686 56.4944
2.684 53.0221
2.682 47.8769
2.68 48.7909
2.678 43.7615
2.676 52.6214
2.674 50.2733
2.672 36.31
2.67 43.7439
2.668 43.1832
2.666 48.9732
2.664 47.3567
2.662 51.0153
2.66 42.9668
2.658 43.8958
2.656 51.6134
2.654 45.6204
2.652 59.6192
2.65 44.068
2.648 49.0012
2.646 44.5284
2.644 53.898
2.642 41.4118
2.64 42.4514
2.638 43.6062
2.636 50.7461
2.634 50.8738
2.632 46.4556
2.63 44.3659
2.628 43.5769
2.626 49.5986
2.624 50.7313
2.622 44.7254
2.62 32.5261
2.618 56.0307
2.616 41.3062
2.614 32.2388
2.612 57.2532
2.61 43.9012
2.608 64.3127
2.606 49.6648
2.604 43.6802
2.602 49.3732
2.6 43.6663
2.598 42.9222
2.596 46.0882
2.594 43.6866
2.592 36.3001
2.59 34.6715
2.588 36.4925
2.586 45.2913
2.584 50.7322
2.582 54.5176
2.58 28.9477
2.578 56.1178
2.576 51.6331
2.574 42.382
2.572 38.47
2.57 50.7214
2.568 51.1042
2.566 51.7032
2.564 52.8685
2.562 51.4431
2.56 43.824
2.558 41.1357
2.556 48.7903
2.554 45.0554
2.552 46.2356
2.55 47.286
2.548 42.4962
2.546 48.7578
2.544 42.4079
2.542 39.357
2.54 35.2747
2.538 46.8461
2.536 50.7638
2.534 47.3656
2.532 43.1323
2.53 42.4586
2.528 48.7769
2.526 44.2834
2.524 52.8183
2.522 56.6033
2.52 37.5256
2.518 42.2734
2.516 48.3996
2.514 40.4644
2.512 48.1973
2.51 48.3588
2.508 47.9322
2.506 46.3388
2.504 36.797
2.502 55.7018
2.5 38.3987
2.498 46.8982
2.496 41.4593
2.494 48.1989
2.492 40.2162
2.49 42.7251
2.488 48.5215
2.486 42.9299
2.484 55.2478
2.482 41.5596
2.48 45.4167
2.478 50.7755
2.476 45.0376
2.474 51.4724
2.472 45.3075
2.47 35.3945
2.468 48.4504
2.466 54.2852
2.464 56.3935
2.462 46.957
2.46 51.3187
2.458 41.5953
2.456 37.7827
2.454 47.9117
2.452 38.4703
2.45 48.5508
2.448 53.551
2.446 34.4606
2.444 38.7912
2.442 57.6893
2.44 34.0525
2.438 61.6652
2.436 38.1296
2.434 46.4082
2.432 48.3957
2.43 44.9304
2.428 48.8193
2.426 47.8922
2.424 41.9664
2.422 48.4311
2.42 50.0065
2.418 43.7247
2.416 42.6495
2.414 48.9918
2.412 42.6721
2.41 50.2121
2.408 47.6704
2.406 48.5564
2.404 35.4168
2.402 54.6889
2.4 44.6351
2.398 37.2223
2.396 52.495
2.394 50.2428
2.392 50.8843
2.39 46.4817
2.388 42.645
2.386 37.0444
2.384 53.7467
2.382 53.8335
2.38 50.5575
2.378 35.5453
2.376 47.5241
2.374 56.141
2.372 43.153
2.37 42.8109
2.368 39.8571
2.366 44.2134
2.364 45.6929
2.362 34.9549
2.36 36.2699
2.358 55.8296
2.356 51.601
2.354 36.7324
2.352 40.3594
2.35 48.1085
2.348 51.9733
2.346 27.2921
2.344 58.7749
2.342 28.7605
2.34 54.5451
2.338 38.8162
2.336 44.1064
2.334 47.682
2.332 33.9436
2.33 40.0558
2.328 40.9278
2.326 41.6301
2.324 59.8183
2.322 37.8078
2.32 49.8308
2.318 37.38
2.316 43.8031
2.314 41.0123
2.312 41.0561
2.31 38.6794
2.308 48.5605
2.306 47.3876
2.304 50.2742
2.302 49.5104
2.3 33.3388
2.298 32.4294
2.296 31.9555
2.294 37.9485
2.292 34.2806
2.29 48.6654
2.288 34.9557
2.286 53.7091
2.284 50.9275
2.282 56.2719
2.28 37.425
2.278 48.4969
2.276 39.1448
2.274 52.8496
2.272 39.9805
2.27 32.8391
2.268 44.9135
2.266 48.0963
2.264 38.386
2.262 45.1115
2.26 48.4427
2.258 51.5837
2.256 52.8315
2.254 52.1776
2.252 43.5459
2.25 32.8361
2.248 40.459
2.246 44.8844
2.244 46.3377
2.242 34.9776
2.24 30.9027
2.238 38.8994
2.236 46.9805
2.234 49.7746
2.232 40.4442
2.23 46.4558
2.228 53.4331
2.226 37.3757
2.224 41.1044
2.222 45.6501
2.22 53.4621
2.218 41.0126
2.216 31.3802
2.214 47.6195
2.212 43.2249
2.21 33.8862
2.208 32.9226
2.206 50.9573
2.204 36.1331
2.202 35.2688
2.2 44.1925
2.198 36.4414
2.196 45.8339
2.194 43.4686
2.192 45.8118
2.19 37.4028
2.188 31.6761
2.186 47.4003
2.184 39.3303
2.182 36.6859
2.18 39.0012
2.178 43.6106
2.176 41.331
2.174 48.8517
2.172 55.297
2.17 46.9243
2.168 37.5633
2.166 37.4111
2.164 48.4896
2.162 53.0669
2.16 48.4802
2.158 46.2506
2.156 30.3262
2.154 37.3761
2.152 49.1672
2.15 31.889
2.148 32.9536
2.146 34.4284
2.144 51.7259
2.142 37.512
2.14 46.0313
2.138 46.1913
2.136 54.8833
2.134 60.4796
2.132 39.652
2.13 39.4943
2.128 35.4229
2.126 42.6742
2.124 38.3205
2.122 47.5948
2.12 33.7507
2.118 42.0952
2.116 52.5688
2.114 38.5527
2.112 35.4343
2.11 37.0006
2.108 52.1359
2.106 43.1192
2.104 41.3211
2.102 51.7371
2.1 58.7679
2.098 35.3333
2.096 44.4079
2.094 34.282
2.092 52.217
2.09 47.6958
2.088 36.4143
2.086 37.0972
2.084 39.424
2.082 50.629
2.08 44.5416
2.078 36.6388
2.076 41.7639
2.074 39.8137
2.072 49.1398
2.07 50.3796
2.068 36.3444
2.066 36.2383
2.064 61.2222
2.062 40.136
2.06 43.4943
2.058 39.9029
2.056 37.9298
2.054 52.5765
2.052 30.1688
2.05 49.5606
2.048 34.492
2.046 27.5198
2.044 39.319
2.042 42.3339
2.04 45.7164
2.038 38.3654
2.036 33.6997
2.034 33.77
2.032 39.185
2.03 38.6501
2.028 44.0733
2.026 35.1246
2.024 35.3169
2.022 36.3201
2.02 30.0716
2.018 37.5345
2.016 39.9971
2.014 44.2173
2.012 44.8192
2.01 52.4342
2.008 51.2073
2.006 42.8782
2.004 42.6974
2.002 45.8603
2 42.6404
1.998 50.2625
1.996 42.7379
1.994 45.6084
1.992 42.072
1.99 29.6823
1.988 37.7569
1.986 39.449
1.984 36.3699
1.982 31.334
1.98 29.8069
1.978 50.7861
1.976 41.3728
1.974 39.7521
1.972 44.163
1.97 41.1461
1.968 41.1566
1.966 38.0234
1.964 36.5411
1.962 39.1746
1.96 41.5601
1.958 38.0258
1.956 38.4056
1.954 48.9254
1.952 42.58
1.95 30.1848
1.948 39.4861
1.946 47.6596
1.944 33.3749
1.942 39.9019
1.94 42.8913
1.938 42.0726
1.936 47.9535
1.934 40.6369
1.932 42.2846
1.93 41.6406
1.928 33.1387
1.926 34.9152
1.924 38.711
1.922 42.2739
1.92 55.0327
1.918 34.4538
1.916 39.1965
1.914 51.8244
1.912 35.7469
1.91 41.2308
1.908 27.5348
1.906 34.5104
1.904 46.7999
1.902 37.1231
1.9 54.1434
1.898 50.5041
1.896 36.1781
1.894 29.2331
1.892 44.8354
1.89 49.901
1.888 40.8403
1.886 39.7799
1.884 47.0391
1.882 24.7919
1.88 34.3464
1.878 28.927
1.876 24.8209
1.874 34.5488
1.872 31.2397
1.87 44.9505
1.868 24.9173
1.866 35.4933
1.864 32.4566
1.862 45.0082
1.86 27.4492
1.858 42.6114
1.856 36.0624
1.854 39.4095
1.852 48.1581
1.85 37.2035
1.848 47.5408
1.846 27.8245
1.844 49.1109
1.842 33.353
1.84 36.3549
1.838 26.6552
1.836 46.8119
1.834 35.5791
1.832 39.3471
1.83 36.3734
1.828 38.1797
1.826 36.5616
1.824 28.55
1.822 49.6715
1.82 29.3149
1.818 50.5561
1.816 34.7385
1.814 37.8169
1.812 35.3137
1.81 49.0976
1.808 30.0037
1.806 38.3578
1.804 32.4075
1.802 37.273
1.8 36.6603
1.798 39.0213
1.796 44.072
1.794 32.4615
1.792 29.9039
1.79 29.1599
1.788 35.3271
1.786 32.6556
1.784 48.4682
1.782 36.6284
1.78 40.4697
1.778 43.9002
1.776 44.8454
1.774 35.1252
1.772 36.1066
1.77 38.2869
1.768 34.6843
1.766 50.6943
1.764 39.0457
1.762 36.6262
1.76 39.8976
1.758 34.9112
1.756 37.1807
1.754 28.6785
1.752 43.8865
1.75 27.4348
1.748 33.5528
1.746 32.9264
1.744 55.1592
1.742 37.9069
1.74 48.6909
1.738 48.6243
1.736 35.6796
1.734 46.5437
1.732 44.7104
1.73 41.1125
1.728 43.7495
1.726 33.5642
1.724 37.7302
1.722 22.7608
1.72 28.7906
1.718 30.5087
1.716 31.6102
1.714 44.497
1.712 38.9467
1.71 36.4549
1.708 37.4129
1.706 41.3762
1.704 36.6513
1.702 53.6486
1.7 41.7662
1.698 37.4942
1.696 28.653
1.694 45.1623
1.692 43.4695
1.69 35.8779
1.688 31.1265
1.686 35.2526
1.684 32.8671
1.682 45.174
1.68 32.8038
1.678 42.2946
1.676 23.584
1.674 38.485
1.672 33.4679
1.67 30.0968
1.668 36.753
1.666 41.4737
1.664 34.1904
1.662 29.5229
1.66 34.0363
1.658 41.6391
1.656 29.6233
1.654 29.2585
1.652 35.1959
1.65 28.3711
1.648 34.7243
1.646 41.4654
1.644 36.8489
1.642 32.4261
1.64 32.2627
1.638 38.7462
1.636 41.4747
1.634 24.9326
1.632 26.165
1.63 36.3092
1.628 29.2453
1.626 36.7151
1.624 42.8658
1.622 34.7872
1.62 27.936
1.618 47.6077
1.616 37.6146
1.614 33.8558
1.612 24.2313
1.61 18.6829
1.608 42.5598
1.606 28.1018
1.604 37.1497
1.602 35.6053
1.6 38.9918
1.598 27.1535
1.596 38.1971
1.594 38.5623
1.592 31.4104
1.59 30.4912
1.588 35.9424
1.586 28.4685
1.584 30.6846
1.582 39.5468
1.58 36.9403
1.578 33.3715
1.576 31.7319
1.574 22.636
1.572 25.2124
1.57 38.315
1.568 24.8783
1.566 38.8286
1.564 41.3657
1.562 32.4339
1.56 29.271
1.558 44.4265
1.556 38.311
1.554 32.9849
1.552 36.7611
1.55 27.0125
1.548 30.4288
1.546 29.2712
1.544 32.5504
1.542 31.1758
1.54 39.1999
1.538 48.3586
1.536 32.5754
1.534 22.8513
1.532 36.2237
1.53 38.5235
1.528 49.2251
1.526 27.8396
1.524 33.0158
1.522 43.4943
1.52 40.4889
1.518 46.1545
1.516 38.7078
1.514 26.5746
1.512 43.3889
1.51 34.8702
1.508 25.6777
1.506 36.5947
1.504 29.1985
1.502 28.9925
1.5 33.2554
1.498 28.1684
1.496 36.536
1.494 34.0236
1.492 36.3847
1.49 20.3541
1.488 39.874
1.486 28.27
1.484 30.3316
1.482 45.0844
1.48 27.7364
1.478 29.3662
1.476 29.9914
1.474 30.2352
1.472 22.4135
1.47 43.0092
1.468 28.4272
1.466 27.0782
1.464 25.186
1.462 34.9678
1.46 32.6113
1.458 34.849
1.456 34.6294
1.454 36.9199
1.452 26.1199
1.45 29.7274
1.448 24.3651
1.446 30.1752
1.444 21.5364
1.442 38.9206
1.44 31.8702
1.438 26.4114
1.436 19.31
1.434 24.902
1.432 34.9557
1.43 28.3519
1.428 41.4914
1.426 27.685
1.424 29.3849
1.422 24.5746
1.42 34.0202
1.418 38.0363
1.416 28.5871
1.414 28.8588
1.412 25.8059
1.41 30.0561
1.408 21.7002
1.406 23.3897
1.404 24.4395
1.402 29.8849
1.4 22.9028
1.398 27.2615
1.396 32.8602
1.394 24.7567
1.392 20.248
1.39 29.2518
1.388 37.7194
1.386 42.7687
1.384 40.1935
1.382 43.6036
1.38 33.9195
1.378 26.9465
1.376 24.8109
1.374 32.4542
1.372 41.1887
1.37 38.0103
1.368 39.4453
1.366 37.2522
1.364 28.6255
1.362 35.7223
1.36 32.9336
1.358 26.3005
1.356 38.4871
1.354 32.1118
1.352 41.8712
1.35 21.3612
1.348 28.2616
1.346 21.4799
1.344 37.8112
1.342 23.1913
1.34 36.9349
1.338 25.7737
1.336 19.4881
1.334 35.5564
1.332 22.4998
1.33 34.6565
1.328 36.0491
1.326 22.1634
1.324 28.2991
1.322 26.3738
1.32 39.0801
1.318 44.0599
1.316 25.6122
1.314 30.7953
1.312 25.1354
1.31 29.1731
1.308 26.5104
1.306 29.8664
1.304 33.0693
1.302 33.2235
1.3 27.6499
1.298 26.6123
1.296 27.5279
1.294 30.571
1.292 44.0768
1.29 21.7643
1.288 34.789
1.286 36.0191
1.284 27.3531
1.282 25.4843
1.28 23.6452
1.278 28.3819
1.276 21.6349
1.274 20.066
1.272 22.2595
1.27 30.4103
1.268 30.2185
1.266 29.2887
1.264 30.9368
1.262 22.8292
1.26 23.5121
1.258 25.8188
1.256 45.5257
1.254 36.9849
1.252 27.9842
1.25 31.3073
1.248 28.8084
1.246 23.9937
1.244 23.9634
1.242 28.0188
1.24 34.0456
1.238 31.1728
1.236 24.8985
1.234 37.6238
1.232 31.5348
1.23 29.1
1.228 30.0854
1.226 31.6788
1.224 33.2766
1.222 27.0137
1.22 34.2688
1.218 29.6645
1.216 24.1366
1.214 19.3967
1.212 39.2822
1.21 36.1065
1.208 31.6522
1.206 19.62
1.204 31.4726
1.202 32.113
1.2 28.9839
1.198 31.4082
1.196 29.9055
1.194 30.1906
1.192 27.5173
1.19 22.5487
1.188 25.3722
1.186 30.5639
1.184 21.9538
1.182 28.4405
1.18 31.1775
1.178 21.7801
1.176 16.0364
1.174 29.9653
1.172 25.5092
1.17 28.1113
1.168 32.659
1.166 31.1427
1.164 24.142
1.162 20.2933
1.16 25.9267
1.158 23.7719
1.156 26.5892
1.154 33.1889
1.152 29.9375
1.15 26.7622
1.148 27.5436
1.146 26.6852
1.144 23.9717
1.142 27.3266
1.14 19.0626
1.138 30.2472
1.136 26.823
1.134 26.8501
1.132 36.9458
1.13 26.0511
1.128 28.1204
1.126 19.6534
1.124 34.1972
1.122 41.5258
1.12 27.611
1.118 21.51
1.116 24.3971
1.114 24.7296
1.112 20.7694
1.11 27.6072
1.108 37.4879
1.106 26.6459
1.104 24.7772
1.102 27.2921
1.1 28.5978
1.098 18.9763
1.096 17.7199
1.094 22.1432
1.092 16.0647
1.09 24.8957
1.088 27.3293
1.086 21.8346
1.084 25.8013
1.082 20.7309
1.08 22.962
1.078 29.7098
1.076 22.9529
1.074 34.4529
1.072 33.6847
1.07 28.2136
1.068 25.4155
1.066 21.9661
1.064 30.4026
1.062 31.4555
1.06 24.7951
1.058 22.5992
1.056 24.3391
1.054 26.5998
1.052 26.6705
1.05 17.3074
1.048 17.0564
1.046 17.4801
1.044 16.4219
1.042 18.6193
1.04 23.4681
1.038 26.1623
1.036 22.3158
1.034 32.8888
1.032 26.0917
1.03 24.28
1.028 24.8583
1.026 27.0391
1.024 21.4862
1.022 18.5018
1.02 18.9491
1.018 20.0906
1.016 26.8432
1.014 28.2763
1.012 14.2678
1.01 22.6043
1.008 25.0181
1.006 18.6815
1.004 28.2423
1.002 15.6923
1 18.9387
0.998 20.3015
0.996 23.7367
0.994 19.1009
0.992 22.2542
0.99 18.4669
0.988 19.7305
0.986 20.9348
0.984 33.2388
0.982 36.3614
0.98 20.8117
0.978 27.2487
0.976 23.7525
0.974 21.7818
0.972 27.0979
0.97 31.0489
0.968 26.5944
0.966 33.8935
0.964 26.5343
0.962 22.7762
0.96 16.3053
0.958 17.7382
0.956 20.8421
0.954 27.5221
0.952 32.4242
0.95 19.1695
0.948 20.21
0.946 28.9961
0.944 20.161
0.942 19.2234
0.94 25.5923
0.938 26.3117
0.936 26.9468
0.934 27.9689
0.932 31.9413
0.93 22.4779
0.928 18.3302
0.926 18.8934
0.924 16.8322
0.922 13.2072
0.92 23.252
0.918 28.2738
0.916 24.4647
0.914 27.9527
0.912 20.9968
0.91 23.9257
0.908 21.5141
0.906 19.0091
0.904 21.8313
0.902 16.162
0.9 19.6145
0.898 22.6566
0.896 20.854
0.894 21.2385
0.892 25.0324
0.89 25.5248
0.888 15.8558
0.886 16.2759
0.884 19.4549
0.882 23.0921
0.88 22.3341
0.878 27.9246
0.876 15.0648
0.874 17.3243
0.872 18.2992
0.87 23.5273
0.868 14.991
0.866 17.468
0.864 14.9951
0.862 22.4991
0.86 11.7567
0.858 18.5368
0.856 20.0475
0.854 12.5967
0.852 12.3663
0.85 18.0347
0.848 18.8953
0.846 25.4244
0.844 24.144
0.842 17.3151
0.84 14.3001
0.838 29.3964
0.836 18.3448
0.834 17.575
0.832 22.0532
0.83 21.6061
0.828 21.1674
0.826 14.9639
0.824 26.4726
0.822 16.9092
0.82 18.9546
0.818 22.5719
0.816 16.861
0.814 16.5812
0.812 13.1486
0.81 16.0081
0.808 18.2982
0.806 15.8432
0.804 19.3574
0.802 19.1216
0.8 25.8643
0.798 19.7629
0.796 19.6236
0.794 24.188
0.792 25.4463
0.79 24.2411
0.788 18.6136
0.786 18.1012
0.784 13.8688
0.782 15.4552
0.78 20.8813
0.778 16.75
0.776 15.2741
0.774 17.7269
0.772 14.6756
0.77 16.7286
0.768 15.8355
0.766 16.4005
0.764 12.8375
0.762 14.4686
0.76 10.9901
0.758 11.0586
0.756 12.6706
0.754 13.2594
0.752 11.4558
0.75 14.2924
0.748 16.3657
0.746 19.4052
0.744 14.3523
0.742 21.3005
0.74 19.7921
0.738 25.7989
0.736 15.6487
0.734 20.9358
0.732 14.5886
0.73 13.9623
0.728 14.8585
0.726 15.2672
0.724 19.6931
0.722 17.2448
0.72 23.3621
0.718 13.295
0.716 14.1426
0.714 16.9397
0.712 13.613
0.71 14.1667
0.708 14.7635
0.706 15.7749
0.704 14.6902
0.702 11.7666
0.7 10.0181
0.698 8.74827
0.696 7.62765
0.694 12.4759
0.692 9.95598
0.69 10.4948
0.688 10.2975
0.686 14.0572
0.684 14.5947
0.682 16.9692
0.68 16.9056
0.678 14.0061
0.676 12.9621
0.674 11.0096
0.672 7.85778
0.67 14.3849
0.668 14.416
0.666 13.4746
0.664 13.941
0.662 8.9445
0.66 10.1602
0.658 12.6181
0.656 9.03135
0.654 11.5463
0.652 10.6145
0.65 10.9214
0.648 10.7142
0.646 8.60794
0.644 8.158
0.642 12.9319
0.64 12.9239
0.638 10.9904
0.636 17.2507
0.634 14.1162
0.632 12.2909
0.63 15.6273
0.628 13.1196
0.626 13.429
0.624 15.3451
0.622 13.3359
0.62 13.3939
0.618 11.5171
0.616 9.42166
0.614 8.31265
0.612 8.52995
0.61 10.2109
0.608 9.5297
0.606 12.3392
0.604 13.6457
0.602 15.4515
0.6 9.60048
0.598 9.36526
0.596 11.223
0.594 10.5957
0.592 10.7215
0.59 12.1042
0.588 12.7933
0.586 10.3371
0.584 8.46317
0.582 8.44404
0.58 11.4633
0.578 14.741
0.576 11.472
0.574 8.31814
0.572 9.17838
0.57 11.426
0.568 9.65947
0.566 10.5452
0.564 12.5743
0.562 12.9936
0.56 10.4592
0.558 11.4713
0.556 11.665
0.554 10.8246
0.552 9.28273
0.55 8.42549
0.548 11.4913
0.546 11.7358
0.544 14.0066
0.542 14.5813
0.54 12.1422
0.538 16.5603
0.536 20.6159
0.534 15.9978
0.532 15.0509
0.53 15.85
0.528 14.5559
0.526 10.6154
0.524 11.8014
0.522 13.0281
0.52 6.95279
0.518 8.59044
0.516 5.71473
0.514 8.20246
0.512 9.64625
0.51 9.58166
0.508 9.22594
0.506 8.49218
0.504 10.2843
0.502 11.951
0.5 10.3594
0.498 11.356
0.496 14.8415
0.494 7.64782
0.492 8.03804
0.49 9.0726
0.488 7.40281
0.486 8.51935
0.484 8.10355
0.482 7.74138
0.48 6.92828
0.478 5.55945
0.476 6.26445
0.474 8.60511
0.472 11.3674
0.47 9.93587
0.468 8.72618
0.466 8.07498
0.464 7.90956
0.462 9.6239
0.46 13.2445
0.458 8.52478
0.456 10.1016
0.454 10.8775
0.452 10.0194
0.45 7.96689
0.448 10.8157
0.446 12.0194
0.444 13.406
0.442 15.8155
0.44 14.7214
0.438 13.4393
0.436 11.8016
0.434 9.36399
0.432 10.2903
0.43 9.03654
0.428 11.8999
0.426 13.4989
0.424 14.626
0.422 9.91457
0.42 9.97298
0.418 9.1773
0.416 9.83212
0.414 10.3335
0.412 12.2206
0.41 12.5175
0.408 9.09864
0.406 8.45967
0.404 8.34664
0.402 8.62224
0.4 8.98358
0.398 9.38625
0.396 11.9974
0.394 11.3336
0.392 8.79917
0.39 6.18274
0.388 6.90226
0.386 7.94538
0.384 7.6904
0.382 9.02819
0.38 7.78036
0.378 9.07418
0.376 7.37925
0.374 8.2216
0.372 8.81459
0.37 7.43551
0.368 7.76679
0.366 8.73721
0.364 9.12467
0.362 7.75658
0.36 5.34344
0.358 5.79145
0.356 6.49245
0.354 6.13411
0.352 4.92429
0.35 4.75943
0.348 5.45952
0.346 5.56856
0.344 6.12911
0.342 5.04235
0.34 6.11502
0.338 5.06429
0.336 4.55406
0.334 5.56218
0.332 5.03019
0.33 4.93608
0.328 4.97204
0.326 5.21823
0.324 5.20667
0.322 6.02628
0.32 5.91954
0.318 5.25834
0.316 3.90877
0.314 5.37018
0.312 5.21079
0.31 5.00907
0.308 3.98791
0.306 3.89494
0.304 3.85591
0.302 4.45599
0.3 5.67537
0.298 5.38774
0.296 4.63695
0.294 7.16799
0.292 7.19249
0.29 7.43196
0.288 6.01348
0.286 5.29359
0.284 5.41108
0.282 4.98669
0.28 5.94197
0.278 5.64243
0.276 6.22435
0.274 6.49137
0.272 5.36501
0.27 4.55635
0.268 4.97112
0.266 4.64017
0.264 5.69705
0.262 6.12458
0.26 5.90734
0.258 7.26475
0.256 6.49353
0.254 5.85133
0.252 6.13092
0.25 6.37232
0.248 7.70564
0.246 6.38955
0.244 6.76251
0.242 6.68969
0.24 6.47642
0.238 6.27661
0.236 5.83841
0.234 6.23462
0.232 6.9081
0.23 5.94619
0.228 5.67874
0.226 5.48527
0.224 5.30326
0.222 4.96173
0.22 3.98905
0.218 5.08947
0.216 6.07649
0.214 6.11027
0.212 6.49802
0.21 5.96239
0.208 6.13182
0.206 5.07277
0.204 5.48878
0.202 5.68955
0.2 4.87074
0.198 4.92164
0.196 5.07753
0.194 5.85633
0.192 5.51248
0.19 4.85183
0.188 5.10446
0.186 4.44436
0.184 4.5261
0.182 4.46069
0.18 4.35001
0.178 3.63652
0.176 3.58713
0.174 3.58713
0.172 3.07247
0.17 2.88366
0.168 2.93552
0.166 2.76141
0.164 2.75004
0.162 3.01126
0.16 2.82562
0.158 3.62697
0.156 3.46607
0.154 3.32356
0.152 3.18488
0.15 3.25911
0.148 3.99884
0.146 3.57305
0.144 3.69713
0.142 4.01284
0.14 3.89014
0.138 3.97486
0.136 4.05627
0.134 3.76998
0.132 3.95626
0.13 4.06061
0.128 3.75607
0.126 3.50212
0.124 4.03836
0.122 4.12056
0.12 4.72949
0.118 5.00635
0.116 4.86232
0.114 3.69393
0.112 3.21627
0.11 3.21627
0.108 3.35283
0.106 3.1691
0.104 2.81307
0.102 2.81307
0.1 2.81665
0.098 2.61111
0.096 2.61111
0.094 2.89804
0.092 2.62209
0.09 2.6903
0.088 2.6903
0.086 2.62156
0.084 2.62156
0.082 2.68329
0.08 2.50904
0.078 2.50904
0.076 2.50904
0.074 2.50311
0.072 2.56139
0.07 2.67844
0.068 2.3939
0.066 2.38881
0.064 2.32002
0.062 2.32002
0.06 2.53475
0.058 2.51323
0.056 2.5977
0.054 2.47635
0.052 2.47812
0.05 2.53396
0.048 2.39978
0.046 2.38679
0.044 2.38679
0.042 2.45151
0.04 2.46905
0.038 2.38416
0.036 2.33285
0.034 2.33285
0.032 2.29104
0.03 2.29104
0.028 2.29121
0.026 2.29121
0.024 2.24605
0.022 2.24588
0.02 2.24008
0.018 2.24605
0.016 2.24605
0.014 2.2287
0.012 2.20375
0.01 2.20375
0.008 2.20375
0.006 2.20375
0.004 2.20375
0.002 2.20375
