0 0 0
0.064633 0 0
0.129266 0 0
0.193899 0 0
0.258532 0 0
0.323165 0 0
0.387798 0 0
0.452431 0 0
0.517064 0 0
0.581697 0 0
0.64633 0 0
0.710963 0 0
0.775596 0 0
0.84023 0.000934912 3.85055e-05
0.904863 0.148381 0.000453742
0.969496 1.06262 0.00141005
1.03413 2.03815 0.00226252
1.09876 2.26903 0.00282021
1.16339 2.08516 0.0021725
1.22803 1.83203 0.0018171
1.29266 1.61683 0.00162997
1.35729 1.45329 0.00144019
1.42193 1.33596 0.00137557
1.48656 1.25031 0.00100459
1.55119 1.18873 0.000983133
1.61583 1.14513 0.00100893
1.68046 1.11305 0.000874552
1.74509 1.09084 0.000897507
1.80973 1.0754 0.000876277
1.87436 1.06483 0.000745576
1.93899 1.06144 0.00080129
2.00362 1.05733 0.000636191
2.06826 1.05415 0.000737915
2.13289 1.0517 0.000660113
2.19752 1.04961 0.0006291
2.26216 1.04265 0.000578922
2.32679 1.03812 0.000703896
2.39142 1.03203 0.000602976
2.45606 1.02633 0.000468277
2.52069 1.02112 0.000585128
2.58532 1.01751 0.000532989
2.64995 1.01324 0.00045238
2.71459 1.01083 0.000526084
2.77922 1.0078 0.000492664
2.84385 1.00466 0.000467658
2.90849 1.00285 0.000478135
2.97312 1.00196 0.000551642
3.03775 1.00096 0.000448369
3.10239 0.99818 0.000482083
3.16702 0.997737 0.000485936
3.23165 0.996751 0.000434042
3.29629 0.996114 0.000389211
3.36092 0.994798 0.000420794
3.42555 0.993588 0.0004026
3.49018 0.992923 0.000387837
3.55482 0.992688 0.00039372
3.61945 0.992177 0.000346808
3.68408 0.991349 0.000362347
3.74872 0.990775 0.000331374
3.81335 0.990078 0.000292642
3.87798 0.990072 0.000355129
3.94262 0.989863 0.000377344
4.00725 0.98894 0.000289718
4.07188 0.989196 0.000303965
4.13651 0.988516 0.000329359
4.20115 0.988366 0.000318103
4.26578 0.987925 0.000339524
4.33041 0.98821 0.000289984
4.39505 0.987716 0.000318342
4.45968 0.987551 0.000281696
4.52431 0.987185 0.000333693
4.58895 0.987411 0.000285168
4.65358 0.987209 0.000223484
4.71821 0.987288 0.000293728
4.78285 0.987094 0.000277161
4.84748 0.986631 0.000279882
4.91211 0.986877 0.000240735
4.97674 0.987086 0.000274885
5.04138 0.986427 0.000234987
5.10601 0.98688 0.000258477
5.17064 0.986402 0.000244435
5.23528 0.986175 0.000285748
5.29991 0.986331 0.000243091
5.36454 0.98635 0.000269027
5.42918 0.986132 0.000253755
5.49381 0.986447 0.000263702
5.55844 0.985773 0.000246027
5.62307 0.98616 0.000247353
5.68771 0.986009 0.000239442
5.75234 0.986156 0.000185071
5.81697 0.985977 0.000233695
5.88161 0.986309 0.00022439
5.94624 0.985574 0.000212903
6.01087 0.985646 0.000226276
6.07551 0.986189 0.000232379
6.14014 0.986173 0.000219746
6.20477 0.985888 0.000218138
6.2694 0.986051 0.000233053
6.33404 0.985586 0.000212785
6.39867 0.985706 0.000199534
