           1   -0.415307   -0.415307           0
           2   -0.413953    -0.41463 0.000677033
           3   -0.413407   -0.414222 0.000564776
           4   -0.414041   -0.414177 0.000401923
           5    -0.41054   -0.413449 0.000791092
           6   -0.412442   -0.413282 0.000667387
           7   -0.416491    -0.41374 0.000726845
           8   -0.415549   -0.413966 0.000668871
           9   -0.414712   -0.414049 0.000595676
          10   -0.415613   -0.414205 0.000555266
          11   -0.415149   -0.414291 0.000509529
          12   -0.413797    -0.41425  0.00046695
          13   -0.413962   -0.414228 0.000430104
          14   -0.414341   -0.414236 0.000398281
          15   -0.417325   -0.414442  0.00042414
          16   -0.415189   -0.414489 0.000399482
          17   -0.415634   -0.414556  0.00038125
          18   -0.411175   -0.414368  0.00040557
          19   -0.415272   -0.414416 0.000386571
          20   -0.415118   -0.414451  0.00036841
          21   -0.415013   -0.414478 0.000351448
          22   -0.415057   -0.414504 0.000336125
          23   -0.413168   -0.414446  0.00032639
          24   -0.415114   -0.414474 0.000313732
          25   -0.416781   -0.414566 0.000314759
          26   -0.411217   -0.414437 0.000328706
          27   -0.414377   -0.414435 0.000316305
          28   -0.414626   -0.414442 0.000304875
          29   -0.413709   -0.414416 0.000295258
          30   -0.415786   -0.414462 0.000288878
          31   -0.413689   -0.414437 0.000280516
          32   -0.411724   -0.414352 0.000284537
          33   -0.413254   -0.414319 0.000277782
          34   -0.411894   -0.414248 0.000278769
          35   -0.412692   -0.414203 0.000274312
          36   -0.414652   -0.414216 0.000266874
          37   -0.412474   -0.414169 0.000263794
          38   -0.411029   -0.414086 0.000269726
          39   -0.415478   -0.414122 0.000265132
          40   -0.412909   -0.414091 0.000260191
          41   -0.413811   -0.414085 0.000253858
          42   -0.418271   -0.414184 0.000267039
          43   -0.413644   -0.414172 0.000261057
          44   -0.411436   -0.414109 0.000262525
          45    -0.41304   -0.414086 0.000257722
          46    -0.41224   -0.414046 0.000255233
          47   -0.415488   -0.414076 0.000251623
          48   -0.415361   -0.414103 0.000247774
          49    -0.41348    -0.41409 0.000242997
          50   -0.412683   -0.414062 0.000239746
          51   -0.413328   -0.414048 0.000235438
          52   -0.414248   -0.414052 0.000230898
          53   -0.413287   -0.414037 0.000226959
          54   -0.417224   -0.414096 0.000230404
          55   -0.416507    -0.41414 0.000230385
          56   -0.409622   -0.414059 0.000240188
          57   -0.415129   -0.414078 0.000236682
          58   -0.414698   -0.414089 0.000232811
          59   -0.414109   -0.414089 0.000228832
          60   -0.413143   -0.414073 0.000225538
          61   -0.414782   -0.414085 0.000222114
          62    -0.41201   -0.414052 0.000221051
          63   -0.418047   -0.414115 0.000226572
          64    -0.41636    -0.41415 0.000225745
          65   -0.412168    -0.41412 0.000224327
          66   -0.412431   -0.414094 0.000222379
          67   -0.413545   -0.414086 0.000219187
          68   -0.415839   -0.414112 0.000217473
          69   -0.415154   -0.414127  0.00021483
          70   -0.413536   -0.414118 0.000211907
          71   -0.413532    -0.41411 0.000209064
          72   -0.412415   -0.414086 0.000207479
          73   -0.415827    -0.41411 0.000206002
          74   -0.413046   -0.414096 0.000203707
          75   -0.412903    -0.41408 0.000201601
          76   -0.415201   -0.414095 0.000199477
          77   -0.416654   -0.414128 0.000199656
          78   -0.412369   -0.414105 0.000198366
          79   -0.414509   -0.414111 0.000195905
          80   -0.413909   -0.414108 0.000193457
          81   -0.415105    -0.41412  0.00019145
          82    -0.41584   -0.414141  0.00019026
          83    -0.41464   -0.414147 0.000188049
          84     -0.4162   -0.414172 0.000187397
          85   -0.414442   -0.414175 0.000185206
          86   -0.415575   -0.414191 0.000183762
          87    -0.41987   -0.414256 0.000193011
          88   -0.412036   -0.414231 0.000192466
          89   -0.414367   -0.414233 0.000190298
          90   -0.413107    -0.41422 0.000188586
          91   -0.417519   -0.414257 0.000189992
          92    -0.41576   -0.414273 0.000188625
          93   -0.413907   -0.414269 0.000186627
          94   -0.412995   -0.414255 0.000185127
          95   -0.414837   -0.414262 0.000183271
          96   -0.413515   -0.414254 0.000181518
          97   -0.412665   -0.414237 0.000180382
          98   -0.415696   -0.414252 0.000179151
          99   -0.415619   -0.414266 0.000177869
         100   -0.413052   -0.414254 0.000176499
