           1   0.0490221   0.0490221           0
           2   0.0491074   0.0490648 4.26454e-05
           3   0.0491367   0.0490888 3.43635e-05
           4   0.0491546   0.0491052 2.93435e-05
           5   0.0491614   0.0491164 2.53564e-05
           6   0.0490706   0.0491088 2.20703e-05
           7   0.0487338   0.0490552   5.672e-05
           8   0.0488926   0.0490349 5.31624e-05
           9   0.0490743   0.0490393 4.70887e-05
          10   0.0488503   0.0490204 4.61644e-05
          11   0.0490614   0.0490241 4.19233e-05
          12   0.0488128   0.0490065 4.21291e-05
          13   0.0491607   0.0490184 4.05274e-05
          14   0.0489835   0.0490159 3.76035e-05
          15   0.0490791   0.0490201   3.526e-05
          16   0.0488812   0.0490114 3.41064e-05
          17   0.0488841   0.0490039 3.29004e-05
          18   0.0493244   0.0490217 3.57644e-05
          19   0.0489606   0.0490185 3.39824e-05
          20   0.0488758   0.0490114 3.30185e-05
          21   0.0491367   0.0490173  3.1969e-05
          22   0.0490056   0.0490168 3.04859e-05
          23   0.0489294    0.049013 2.93769e-05
          24   0.0490866   0.0490161 2.82928e-05
          25    0.049036   0.0490169 2.71492e-05
          26   0.0492641   0.0490264 2.77636e-05
          27   0.0490346   0.0490267 2.67173e-05
          28   0.0486566   0.0490135 2.89397e-05
          29   0.0489168   0.0490101  2.8122e-05
          30   0.0490681   0.0490121 2.72372e-05
          31   0.0489333   0.0490095 2.64662e-05
          32   0.0491404   0.0490136 2.59503e-05
          33   0.0492378   0.0490204 2.60532e-05
          34   0.0491913   0.0490254 2.57703e-05
          35   0.0489432   0.0490231 2.51333e-05
          36   0.0487599   0.0490158  2.5496e-05
          37   0.0488187   0.0490105 2.53628e-05
          38   0.0490807   0.0490123 2.47555e-05
          39   0.0490555   0.0490134 2.41378e-05
          40   0.0488535   0.0490094 2.38637e-05
          41   0.0491035   0.0490117 2.33872e-05
          42   0.0491717   0.0490155 2.31392e-05
          43   0.0490142   0.0490155 2.25947e-05
          44   0.0489883   0.0490149 2.20839e-05
          45   0.0489738    0.049014 2.16068e-05
          46   0.0491508   0.0490169 2.13402e-05
          47   0.0490713   0.0490181 2.09132e-05
          48   0.0489125   0.0490159 2.05909e-05
          49    0.048943   0.0490144 2.02211e-05
          50   0.0491133   0.0490164 1.99111e-05
          51    0.048845    0.049013  1.9804e-05
          52   0.0488302   0.0490095 1.97352e-05
          53   0.0490092   0.0490095 1.93593e-05
          54   0.0488295   0.0490062 1.92875e-05
          55   0.0488995   0.0490042 1.90325e-05
          56    0.049112   0.0490061 1.87884e-05
          57   0.0488457   0.0490033 1.86694e-05
          58   0.0490068   0.0490034 1.83447e-05
          59   0.0491217   0.0490054 1.81423e-05
          60   0.0488162   0.0490022  1.8114e-05
          61   0.0487822   0.0489986 1.81761e-05
          62   0.0491012   0.0490003 1.79569e-05
          63   0.0488355   0.0489977 1.78622e-05
          64   0.0490177    0.048998 1.75837e-05
          65     0.04893   0.0489969 1.73426e-05
          66   0.0490016    0.048997 1.70779e-05
          67   0.0494223   0.0490034  1.7979e-05
          68   0.0488851   0.0490016 1.77978e-05
          69   0.0490662   0.0490026  1.7563e-05
          70   0.0491207   0.0490042 1.73923e-05
          71   0.0490295   0.0490046 1.71493e-05
          72   0.0490599   0.0490054 1.69269e-05
          73    0.049046   0.0490059 1.67027e-05
          74   0.0489452   0.0490051 1.64958e-05
          75   0.0489263   0.0490041 1.63083e-05
          76    0.049186   0.0490064 1.62694e-05
          77   0.0488756   0.0490047 1.61464e-05
          78   0.0490029   0.0490047  1.5938e-05
          79   0.0490162   0.0490049 1.57357e-05
          80   0.0490593   0.0490056 1.55526e-05
          81   0.0486904   0.0490017 1.58445e-05
          82    0.049194    0.049004 1.58248e-05
          83   0.0490474   0.0490045 1.56418e-05
          84   0.0489114   0.0490034 1.54941e-05
          85   0.0491575   0.0490052 1.54177e-05
          86   0.0488906   0.0490039 1.52956e-05
          87   0.0489084   0.0490028 1.51586e-05
          88   0.0492148   0.0490052 1.51777e-05
          89   0.0489789   0.0490049 1.50091e-05
          90   0.0490022   0.0490049 1.48414e-05
          91   0.0488151   0.0490028 1.48248e-05
          92   0.0488032   0.0490006 1.48224e-05
          93   0.0490749   0.0490014 1.46839e-05
          94   0.0490167   0.0490016 1.45277e-05
          95   0.0489998   0.0490016  1.4374e-05
          96   0.0488435   0.0489999 1.43185e-05
          97   0.0492656   0.0490027 1.44324e-05
          98   0.0488621   0.0490012 1.43562e-05
          99   0.0489147   0.0490004 1.42373e-05
         100   0.0491373   0.0490017 1.41605e-05
