0 0 0
0.064633 0 0
0.129266 0 0
0.193899 0 0
0.258532 0 0
0.323165 0 0
0.387798 0 0
0.452431 0 0
0.517064 0 0
0.581697 0 0
0.64633 0 0
0.710963 0 0
0.775596 0 0
0.84023 0.0010896 0.000209318
0.904863 0.142254 0.00435427
0.969496 1.04058 0.0249107
1.03413 2.00126 0.0522402
1.09876 2.22781 0.0643774
1.16339 2.02392 0.0530826
1.22803 1.77591 0.0444962
1.29266 1.57585 0.0391133
1.35729 1.39759 0.0341838
1.42193 1.30304 0.0309317
1.48656 1.2111 0.0283479
1.55119 1.15644 0.0263462
1.61583 1.10539 0.0258898
1.68046 1.07818 0.0250343
1.74509 1.06122 0.0247904
1.80973 1.04705 0.0236685
1.87436 1.03008 0.0232198
1.93899 1.01732 0.0231702
2.00362 1.02782 0.0230102
2.06826 1.03008 0.0230459
2.13289 1.02774 0.0233
2.19752 1.02124 0.0228855
2.26216 1.02416 0.0226992
2.32679 1.00915 0.0223163
2.39142 1.00542 0.0221409
2.45606 0.991818 0.0217868
2.52069 0.985317 0.0221968
2.58532 0.989001 0.0217485
2.64995 0.983181 0.021644
2.71459 0.985358 0.021621
2.77922 0.981616 0.0213876
2.84385 0.976831 0.0212607
2.90849 0.975567 0.0209889
2.97312 0.971419 0.0210926
3.03775 0.975464 0.0208316
3.10239 0.970345 0.020873
3.16702 0.963418 0.0204731
3.23165 0.956297 0.0203729
3.29629 0.959521 0.0205013
3.36092 0.963167 0.0209092
3.42555 0.964825 0.0207434
3.49018 0.966259 0.0208968
3.55482 0.960513 0.0206594
3.61945 0.96175 0.0204071
3.68408 0.964511 0.0204216
3.74872 0.960156 0.0202056
3.81335 0.958925 0.0201353
3.87798 0.956263 0.0202043
3.94262 0.95831 0.0201416
4.00725 0.96017 0.0202998
4.07188 0.958967 0.0201537
4.13651 0.96056 0.0202024
4.20115 0.960998 0.0202236
4.26578 0.962442 0.0202405
4.33041 0.960773 0.0201823
4.39505 0.963959 0.0202184
4.45968 0.962942 0.020171
4.52431 0.961884 0.0200956
4.58895 0.964366 0.0202838
4.65358 0.968454 0.0204417
4.71821 0.965012 0.0202821
4.78285 0.966296 0.0202102
4.84748 0.96546 0.0202585
4.91211 0.961889 0.0200859
4.97674 0.967054 0.0202565
5.04138 0.964736 0.0202676
5.10601 0.960197 0.020091
5.17064 0.959098 0.0200167
5.23528 0.960399 0.0200122
5.29991 0.96224 0.0200272
5.36454 0.962944 0.0200651
5.42918 0.962998 0.0200228
5.49381 0.964444 0.0200815
5.55844 0.965614 0.0201678
5.62307 0.962703 0.020176
5.68771 0.96351 0.0201367
5.75234 0.961621 0.0200583
5.81697 0.964852 0.0200603
5.88161 0.963359 0.0200641
5.94624 0.964573 0.0200847
6.01087 0.964536 0.0200716
6.07551 0.964044 0.0200933
6.14014 0.966 0.0200671
6.20477 0.965602 0.0200982
6.2694 0.968768 0.0202008
6.33404 0.96847 0.0201517
6.39867 0.967839 0.0201476
