8.80163
7.67826
7.12205
6.75982
6.38209
6.00354
5.59645
5.20408
4.80672
4.50309
4.27919
4.1193
4.0355
3.88469
3.81708
3.73846
3.63762
3.57081
3.55128
3.49965
3.42138
3.37795
3.37961
3.29697
3.29627
3.27231
3.21192
3.15893
3.09754
3.07821
3.05417
3.01889
2.99396
2.95571
2.99434
2.90128
2.90067
2.90435
2.84379
2.89428
2.86412
2.82259
2.84858
2.86581
2.78121
2.79173
2.77209
2.7552
2.78116
2.80354
2.82204
2.8387
2.80201
2.8382
2.76535
2.76771
2.74359
2.67063
2.65916
2.65233
2.69863
2.69316
2.7172
2.74609
2.73475
2.75674
2.76089
2.76264
2.76028
2.77652
2.73677
2.74801
2.70797
2.70783
2.77063
2.80002
2.78043
2.80817
2.80233
2.79405
2.81506
2.78922
2.8184
2.85729
2.81072
2.80131
2.78246
2.78282
2.78825
2.83732
2.84735
2.80145
2.813
2.82033
2.86981
2.84404
2.88254
2.83812
2.8279
2.83234
2.82427
2.822
2.8218
2.84429
2.80233
2.81705
2.82547
2.79797
2.8548
2.84266
2.79372
2.78788
2.76709
2.73417
2.72984
2.62939
2.62538
2.58914
2.53163
2.47719
2.43221
2.40636
2.35833
2.34127
2.3769
2.35836
2.3426
2.30146
2.2406
2.20901
2.20159
2.18172
2.10196
2.09273
2.05443
2.08501
2.06568
2.10885
2.11266
2.11454
2.10766
2.12212
2.11147
2.11021
2.07472
2.06101
2.0615
1.99506
1.99034
1.92028
1.93749
1.89784
1.89371
1.8766
1.89798
1.91528
1.90929
1.87195
1.84329
1.85007
1.85058
1.83922
1.81102
1.78724
1.73416
1.74428
1.7481
1.73201
1.76481
1.76902
1.76508
1.77632
1.77732
1.7745
1.75135
1.7221
1.68439
1.66751
1.67034
1.65577
1.67261
1.64535
1.68914
1.7052
1.71036
1.67163
1.69471
1.71008
1.69603
1.70325
1.71083
1.72828
1.72705
1.74868
1.70176
1.69378
1.68929
1.66053
1.60951
1.63324
1.62259
1.62496
1.60014
1.60307
1.64116
1.6497
1.60472
1.58925
1.63779
1.63609
1.61712
1.6303
1.61116
1.61021
1.62086
1.6261
1.59646
1.60093
1.63874
1.6712
1.60718
1.61264
1.58001
1.61301
1.62468
1.62287
1.59628
1.58572
1.58477
1.57591
1.59347
1.55321
1.56201
1.55058
1.50537
1.50197
1.53179
1.5504
1.54743
1.53345
1.51304
1.54986
1.60246
1.60871
1.56406
1.53053
1.51922
1.51124
1.51364
1.54213
1.50025
1.51818
1.52326
1.53495
1.52944
1.50426
1.50984
1.53465
1.511
1.50515
1.49827
1.45649
1.51738
1.47736
1.50619
1.52696
1.56533
1.5705
1.55431
1.52045
1.50063
1.49257
1.45956
1.43329
1.41532
1.44434
1.43723
1.44749
1.44852
1.40701
1.438
1.45595
1.46857
1.4585
1.44985
1.46808
1.45609
1.45153
1.45087
1.48679
1.46128
1.48137
1.48293
1.47431
1.47505
1.46238
1.47597
1.49932
1.50698
1.4946
1.4564
1.4497
1.43363
1.43897
1.47734
1.44851
1.4164
1.42511
1.44826
1.45353
1.4672
1.41405
1.43753
1.43179
1.44918
1.42241
1.4193
1.38913
1.36943
1.35921
1.34724
1.35522
1.36975
1.40576
1.41993
1.37712
1.40208
1.41731
1.41919
1.40299
1.39777
1.39226
1.37479
1.37594
1.41232
1.38477
1.39003
1.39117
1.4048
1.38685
1.37953
1.33716
1.31201
1.28475
1.30165
1.29939
1.32173
1.31491
1.32661
1.3731
1.38088
1.39603
1.39469
1.43759
1.39302
1.37928
1.35691
1.3747
1.34721
1.31876
1.33497
1.34999
1.30607
1.3237
1.31655
1.34157
1.35029
1.32263
1.28597
1.28822
1.28537
1.30241
1.29754
1.31658
1.32119
1.31775
1.31594
1.29701
1.27499
1.28277
1.29882
1.29181
1.2804
1.32571
1.31954
1.32457
1.31449
1.29795
1.30384
1.33639
1.35639
1.31366
1.33608
1.33269
1.27138
1.26625
1.28233
1.26725
1.26014
1.26024
1.25118
1.2561
1.27116
1.29229
1.32855
1.30099
1.35382
1.33615
1.31293
1.29643
1.26775
1.26096
1.22128
1.22671
1.22915
1.25676
1.26036
1.24927
1.2377
1.23944
1.2527
1.2649
1.2465
1.25365
1.29125
1.28177
1.28082
1.28343
1.28491
1.24939
1.27201
1.26723
1.28203
1.25871
1.27387
1.29084
1.34336
1.32371
1.31416
1.34676
1.28762
1.29847
1.30288
1.27665
1.27122
1.26949
1.27242
1.25457
1.26247
1.23892
1.24707
1.25058
1.25615
1.2673
1.25856
1.25812
1.25692
1.27612
1.26982
1.26456
1.26772
1.24031
1.25237
1.27306
1.30928
1.30549
1.31048
1.26525
1.30182
1.29508
1.31329
1.29213
1.31768
1.29938
1.2639
1.27014
1.30023
1.28575
1.27306
1.2848
1.26311
1.29016
1.3054
1.30475
1.28784
1.29808
1.26504
1.25661
1.20694
1.20444
1.20793
1.23165
1.23802
1.22662
1.23956
1.27708
1.2905
1.24508
1.28048
1.28159
1.31803
1.28873
1.28904
1.2758
1.30122
1.294
1.28852
1.28806
1.29151
1.29308
1.26792
1.2902
1.28468
1.28501
1.28176
1.29966
1.28306
1.32296
1.31738
1.30217
1.31754
1.29254
1.28144
1.26635
1.2413
1.27725
1.27379
1.2486
1.22112
1.20992
1.23234
1.21484
1.23701
1.20137
1.20498
1.19943
1.22035
1.21528
1.24655
1.25721
1.30027
1.33523
1.2847
1.27706
1.2619
1.24125
1.25793
1.23417
1.26767
1.32149
1.37577
1.33891
1.28602
1.30036
1.30905
1.25572
1.25413
1.26256
1.21321
1.21622
1.19484
1.19476
1.19927
1.19303
1.19386
1.23257
1.28257
1.28427
1.31103
1.30163
1.27633
1.31877
1.29778
1.30231
1.29439
1.30668
1.31305
1.31062
1.28601
1.29412
1.30253
1.27054
1.2532
1.2451
1.25466
1.26521
1.23733
1.23195
1.24459
1.25087
1.23384
1.23416
1.24564
1.27358
1.23614
1.23415
1.24945
1.28493
1.3156
1.26959
1.2507
1.26144
1.28278
1.25253
1.24258
1.28833
1.29288
1.30738
1.28179
1.29052
1.29334
1.29843
1.24194
1.26346
1.25847
1.25401
1.23787
1.28326
1.2505
1.25281
1.23637
1.25845
1.25507
1.26392
1.28885
1.31614
1.31491
1.3388
1.34354
1.36262
1.29248
1.36088
1.34009
1.29558
1.28974
1.29067
1.25803
1.23433
1.25607
1.29186
1.24609
1.26029
1.25403
1.26942
1.31023
1.34653
1.34702
1.35737
1.36993
1.33486
1.33673
1.30057
1.30706
1.28854
1.28024
1.28327
1.31223
1.28763
1.26232
1.22212
1.22708
1.25366
1.25113
1.26235
1.29324
1.31017
1.32509
1.31651
1.29953
1.28567
1.28469
1.26233
1.26573
1.31339
1.28782
1.30404
1.33102
1.31244
1.2958
1.31972
1.26503
1.23476
1.26495
1.27893
1.24857
1.30103
1.25144
1.30037
1.26775
1.22885
1.23344
1.22178
1.23374
1.24569
1.21806
1.23186
1.24744
1.23259
1.24561
1.25688
1.25538
1.22954
1.23613
1.25163
1.22252
1.20645
1.23758
1.23893
1.24329
1.22692
1.25209
1.25449
1.28763
1.29311
1.29161
1.29511
1.29773
1.32456
1.2855
1.26316
1.29937
1.265
1.25018
1.24455
1.24328
1.26285
1.24201
1.21398
1.23743
1.24947
1.26521
1.25507
1.25798
1.23313
1.23059
1.22088
1.23543
1.25687
1.25306
1.25954
1.3009
1.26953
1.31045
1.33462
1.34134
1.32955
1.30096
1.29133
1.28828
1.32484
1.33026
1.26503
1.24895
1.27595
1.26318
1.25252
1.22627
1.22176
1.25564
1.28254
1.28942
1.32522
1.28049
1.27507
1.2161
1.24346
1.23773
1.27589
1.2856
1.30267
1.29822
1.30623
1.30648
1.28279
1.31988
1.31504
1.32465
1.30961
1.31651
1.34171
1.36975
1.36374
1.32227
1.35349
1.30449
1.28377
1.24106
1.24818
1.27098
1.24822
1.26965
1.24011
1.25365
1.25373
1.32482
1.32074
1.32915
1.32998
1.32001
1.26571
1.2352
1.22346
1.25996
1.25479
1.26478
1.28145
1.29389
1.23636
1.24201
1.25576
1.25183
1.26006
1.25919
1.29147
1.25668
1.27823
1.26699
1.25518
1.27444
1.30374
1.27953
1.27324
1.29287
1.30363
1.27534
1.23913
1.24668
1.2983
1.25917
1.26931
1.26845
1.25241
1.23006
1.23459
1.24195
1.23411
1.22999
1.19522
1.18352
1.21214
1.2116
1.19703
1.21262
1.20833
1.20845
1.23534
1.23191
1.23995
1.29157
1.30825
1.31199
1.30872
1.29866
1.27025
1.28297
1.2858
1.2599
1.25442
1.27335
1.2281
1.24047
1.21896
1.22103
1.2394
1.24672
1.24447
1.20792
1.19727
1.20353
1.21457
1.2522
1.26113
1.24924
1.21185
1.25193
1.27588
1.27264
1.27159
1.27416
1.27007
1.27107
1.27162
1.28776
1.26438
1.2666
1.25756
1.21617
1.21582
1.22743
1.22173
1.26211
1.24314
1.24877
1.26225
1.25326
1.24031
1.23669
1.24428
1.24692
1.20469
1.2422
1.2747
1.29761
1.28855
1.27161
1.27723
1.26002
1.26759
1.26383
1.26754
1.28364
1.29965
1.28821
1.26263
1.25071
1.31802
1.30942
1.27555
1.29084
1.25907
1.29845
1.30762
1.2736
1.2782
1.2909
1.27816
1.24477
1.26861
1.29872
1.29724
1.29468
1.26353
1.25244
1.24064
1.25313
1.2842
1.25586
1.2795
1.26044
1.23946
1.23316
1.21905
1.23513
1.23845
1.24312
1.28454
1.28047
1.29244
1.32196
1.30945
1.28652
1.31628
1.29913
1.27557
1.22569
1.24306
1.24903
1.22414
1.22128
1.22311
1.22261
1.23036
1.23736
1.24247
1.3094
1.29353
1.27482
1.29461
1.27661
1.26646
1.28742
1.24506
1.2376
1.24267
1.28365
1.29683
1.31801
1.26622
1.27744
1.25484
1.29216
1.2919
1.27564
1.26751
1.27837
1.33247
1.3081
1.29174
1.32604
1.31526
1.33154
1.30053
1.31759
1.3053
1.346
1.29529
1.3199
1.33159
1.34259
1.36817
1.34098
1.35916
1.32286
1.31252
1.3161
1.31213
1.33395
1.32126
1.33256
1.36849
1.34513
1.3669
1.33651
1.32344
1.31744
1.28466
1.3162
1.33566
1.31381
1.34042
1.32758
1.29362
1.27786
1.24545
1.25835
1.23908
1.261
1.26571
1.31159
1.2587
1.27186
1.26447
1.23569
1.24488
1.25318
1.23764
1.25296
1.30553
1.31567
1.33498
1.35086
1.3455
1.33913
1.30259
1.27186
1.25906
1.27626
1.25618
1.246
1.21848
1.23261
1.20811
1.21632
1.22399
1.23824
1.23889
1.22873
1.2492
1.25504
1.27176
1.24218
1.2551
1.30397
1.29171
1.29513
1.26594
1.26958
1.26031
1.29268
1.30926
1.37116
1.35462
1.3211
1.2965
1.28602
1.25141
1.29393
1.27903
1.30831
1.28124
1.30162
1.30004
1.27079
1.30525
1.29969
1.33501
1.28859
1.29239
1.25703
1.27159
1.24455
1.23084
1.2545
1.2856
1.27626
1.27645
1.28011
1.30754
1.29397
1.29294
1.26092
1.27374
1.28141
1.28194
1.27288
1.26873
1.25084
1.26572
1.24633
1.2503
1.24032
1.22719
1.24212
1.27086
1.25176
1.23714
1.26414
1.28386
1.29322
1.29444
1.29159
1.31275
1.30757
1.25901
1.2559
1.29773
1.32758
1.3119
1.25545
1.2688
1.27049
1.26389
1.26219
1.26841
1.25363
1.26391
1.2526
1.21186
1.2181
1.19027
1.18181
1.17373
1.18427
1.24439
1.26051
1.27193
1.24035
1.22826
1.23861
1.19841
1.22007
1.24087
1.29051
1.28702
1.30041
1.23986
1.26648
1.24647
1.23387
1.25385
1.31263
1.32183
1.30297
1.2614
1.26201
1.24542
1.26207
1.29895
1.29853
1.32804
1.34478
1.32647
1.28753
1.23664
1.28138
1.27982
1.29103
1.3322
1.30793
1.27401
1.25697
1.24456
1.245
1.24184
1.23214
1.25059
1.22135
1.27002
1.30097
1.3213
1.29503
1.24488
1.25037
1.23397
1.25391
1.24228
1.27763
1.29681
1.26501
1.27792
1.28729
1.3017
1.27818
1.26119
1.27643
1.26648
1.31281
1.2984
1.30381
1.29758
1.29787
1.27823
1.28784
1.29162
1.3097
1.33813
1.31879
1.29814
1.27663
1.26014
1.24138
1.24321
1.25352
1.30181
1.27424
1.29802
1.30829
1.28416
1.30756
1.35117
1.32107
1.33762
1.29551
1.30888
1.24754
1.24292
1.24617
1.27148
1.24432
1.26205
1.2911
1.26169
1.27775
1.27745
1.22444
1.22311
1.25334
1.275
1.23191
1.23167
1.23216
1.22004
1.25117
1.26543
1.25878
1.27999
1.26117
1.2724
1.28437
1.25542
1.24134
1.27026
1.26753
1.25324
1.23775
1.19756
1.21664
1.23583
1.24513
1.27969
1.27349
1.2724
1.31606
1.28171
1.28029
1.26682
1.27912
1.29535
1.28182
1.28927
1.32024
1.33662
1.37529
1.35314
1.32385
1.28694
1.23531
1.28193
1.30385
1.3096
1.28
1.23957
1.26488
1.30253
1.29006
1.3039
1.28367
1.25421
1.27726
1.30826
1.35409
1.35054
1.37333
1.37889
1.34067
1.37815
1.38965
1.35292
1.32929
1.32197
1.31015
1.28553
1.28639
1.30206
1.27719
1.29032
1.28852
1.29731
1.30027
1.31056
1.30724
1.32429
1.30276
1.34152
1.29594
1.31852
1.3294
1.32888
1.28193
1.25667
1.24843
1.28926
1.26182
1.26155
1.3057
1.34098
1.3264
1.3137
1.34744
1.3358
1.31388
1.27825
1.22976
1.24554
1.26059
1.26083
1.28424
1.2915
1.29153
1.29897
1.33495
1.31378
1.33925
1.29915
1.28231
1.30583
1.31529
1.33502
1.29371
1.29625
1.32275
1.29533
1.27619
1.28036
1.2858
1.27679
1.27649
1.26442
1.28823
1.29826
1.29185
1.27954
1.25595
1.27516
1.29352
1.28395
1.27547
1.2972
1.30896
1.28616
1.28509
1.27586
1.25471
1.28792
1.31196
1.34741
1.34686
1.32603
1.31332
1.32755
1.31783
1.29999
1.30237
1.26586
1.28611
1.32064
1.2909
1.28289
1.30054
1.27809
1.28187
1.29804
1.30982
1.31838
1.29041
1.25887
1.29113
1.30564
1.28692
1.32204
1.28425
1.27069
1.26361
1.25199
1.26048
1.27723
1.30451
1.2772
1.26268
1.26771
1.25282
1.27689
1.29601
1.28476
1.28735
1.33186
1.29442
1.27625
1.27306
1.28756
1.28354
1.32166
1.34361
1.29494
1.25416
1.2779
1.25429
1.25328
1.25268
1.21655
1.22348
1.24345
1.24025
1.23341
1.22198
1.25218
1.228
1.22404
1.23409
1.2352
1.22975
1.21909
1.20342
1.20839
1.20304
1.18882
1.21005
1.22362
1.27354
1.254
1.25954
1.22718
1.23821
1.29525
1.32093
1.38403
1.38495
1.36345
1.38196
1.367
1.34726
1.3248
1.30569
1.32228
1.31508
1.32701
1.31457
1.33966
1.30131
1.30454
1.2899
1.32487
1.33439
1.33247
1.3261
1.2802
1.28261
1.26893
1.3032
1.26136
1.25921
1.24394
1.28341
1.30477
1.30309
1.28034
1.27505
1.29122
1.28997
1.27817
