6.65696
6.15229
5.5699
5.25422
4.98447
4.17002
4.17002
3.78724
3.67598
3.59234
3.47874
3.47874
3.09126
3.05729
3.05729
3.05729
3.05102
3.05102
2.8328
2.8328
2.64704
2.64704
2.64704
2.64704
2.59852
2.50848
2.50848
2.50848
2.42409
2.42409
2.42409
2.42409
2.40232
2.42409
2.40232
2.40232
2.40232
2.37572
2.37572
2.40232
2.40232
2.34245
2.34245
2.29249
2.29249
2.29249
2.28789
2.28789
2.25109
2.25109
2.25109
2.25109
2.25109
2.25109
2.25109
2.25109
2.25109
2.25863
2.14648
2.14648
2.14648
2.14648
2.14648
2.14648
2.14648
2.14648
2.14648
2.14648
2.14648
2.14648
2.14648
2.14648
2.14648
2.14648
2.14648
2.14648
2.14648
2.14648
2.14648
2.14648
2.14648
2.14648
2.14648
2.14648
2.09025
2.09025
2.09025
2.09025
2.09025
2.09025
2.07772
2.09025
2.09025
2.09025
2.09025
2.09025
2.09025
2.09025
2.08873
2.09025
2.09025
2.09025
2.09025
2.09025
1.99604
1.99604
1.99604
1.99604
1.99604
1.97485
1.97485
1.97485
1.97485
1.97485
1.97485
1.97485
1.95792
1.95792
1.95792
1.97355
1.96064
1.96064
1.9478
1.9478
1.90785
1.73887
1.73887
1.72228
1.72228
1.65252
1.65252
1.65252
1.62405
1.62405
1.62405
1.62405
1.5413
1.5413
1.5362
1.5362
1.5362
1.5362
1.5362
1.5362
1.52152
1.52152
1.52152
1.52152
1.52152
1.52152
1.52152
1.52152
1.52152
1.52152
1.52033
1.52152
1.52152
1.51458
1.45369
1.45369
1.45369
1.382
1.382
1.382
1.382
1.37609
1.37609
1.37609
1.37609
1.37609
1.37609
1.37609
1.3702
1.37261
1.3702
1.3702
1.3702
1.36364
1.31915
1.3702
1.3702
1.35776
1.35776
1.35776
1.35776
1.3702
1.35008
1.35008
1.35008
1.35905
1.35527
1.34058
1.35008
1.33468
1.33468
1.33468
1.33468
1.29826
1.29826
1.28581
1.25684
1.25684
1.24931
1.24653
1.24653
1.24132
1.24132
1.24132
1.24132
1.24132
1.24132
1.24132
1.24132
1.24132
1.24132
1.24132
1.19758
1.19758
1.19267
1.19758
1.18959
1.18959
1.18959
1.18959
1.18959
1.18959
1.18959
1.18959
1.18959
1.18959
1.18959
1.18959
1.18959
1.18959
1.18959
1.17098
1.17897
1.1865
1.1865
1.17897
1.17098
1.17098
1.17098
1.17098
1.17098
1.17098
1.16124
1.17098
1.17098
1.17897
1.16124
1.17098
1.14065
1.14065
1.14065
1.14065
1.13855
1.14065
1.14065
1.17098
1.12204
1.12204
1.12204
1.12204
1.12204
1.12204
1.12204
1.12204
1.11034
1.11034
1.11034
1.11034
1.11034
1.11034
1.11034
1.11034
1.0923
1.12204
1.11034
1.11034
1.11034
1.11034
1.11034
1.11034
1.11034
1.11034
1.11034
1.11034
1.11034
1.11034
1.11034
1.11034
1.09945
1.11034
1.11034
1.11034
1.07793
1.07793
1.07793
1.07793
1.07793
1.07793
1.07793
1.07793
1.07793
1.07793
1.07605
1.02527
1.02527
1.02527
1.02527
1.00695
1.00695
1.00695
1.00695
1.00695
1.00695
1.00695
1.00507
1.00695
1.00507
1.00507
1.00373
1.00373
1.00373
1.00373
1.00373
1.00507
1.00373
1.00373
1.00186
1.00266
1.00266
1.00266
1.00266
1.00186
1.00186
1.00186
1.00373
1.00186
1.00186
1.00266
1.00186
1.00186
1.00186
1.00186
1.00507
1.00186
1.00507
1.00507
1.00507
1.00266
1.00373
1.00507
1.00507
1.00507
1.00507
1.00507
1.00507
1.00266
1.00507
1.00507
1.00507
1.00507
1.00507
1.00507
1.00507
1.00507
1.00507
1.00507
1.00507
0.934711
0.91905
0.91905
0.91905
0.91905
0.91905
0.91905
0.91905
0.91905
0.91905
0.91905
0.91905
0.91905
0.91905
0.91905
0.91905
0.91905
0.91905
0.91905
0.91905
0.91905
0.91905
0.91905
0.91905
0.91905
0.91905
0.915832
0.915832
0.91905
0.91905
0.91905
0.91905
0.91905
0.91905
0.91905
0.91905
0.91905
0.91905
0.91905
0.91905
0.91905
0.91905
0.91905
0.91905
0.91905
0.91905
0.91905
0.91905
0.918258
0.91905
0.91905
0.918258
0.918258
0.91905
0.918258
0.918258
0.918258
0.918258
0.91905
0.91905
0.91905
0.918258
0.918258
0.91905
0.915832
0.915832
0.918258
0.918258
0.915832
0.915832
0.91905
0.91905
0.91905
0.915832
0.915832
0.915832
0.915832
0.915832
0.915832
0.915832
0.915832
0.915832
0.915832
0.915832
0.915832
0.915832
0.915832
0.915832
0.915832
0.915832
0.915832
0.915832
0.915832
0.915832
0.915832
0.915832
0.915832
0.915832
0.915832
0.915832
0.915832
0.915832
0.915832
0.915832
0.915832
0.915832
0.915832
0.915832
0.915832
0.915832
0.915832
0.915832
0.915832
0.915832
0.915832
0.915832
0.915832
0.915832
0.915832
0.915832
0.915832
0.915832
0.915832
0.915832
0.915832
0.915832
0.918258
0.915832
0.915832
0.915832
0.918258
0.918258
0.915832
0.915832
0.918258
0.918258
0.915832
0.915832
0.915832
0.918258
0.918258
0.915832
0.915832
0.918258
0.918258
0.918258
0.918258
0.918258
0.918258
0.918258
0.918258
0.918258
0.918258
0.918258
0.915832
0.915832
0.915832
0.915832
0.915832
0.918258
0.915832
0.915832
0.915832
0.915832
0.915832
0.915832
0.915832
0.915832
0.915832
0.915832
0.918258
0.918258
0.918258
0.918258
0.918258
0.918258
0.918258
0.918258
0.918258
0.918258
0.918258
0.918258
0.918258
0.918258
0.918258
0.918258
0.918258
0.918258
0.918258
0.918258
0.918258
0.918258
0.918258
0.918258
0.918258
0.918258
0.918258
0.918258
0.918258
0.918258
0.918258
0.918258
0.918258
0.918258
0.918258
0.918258
0.918258
0.918258
0.918258
0.918258
0.918258
0.918258
0.918258
0.918258
0.918258
0.918258
0.918258
0.918258
0.918258
0.918258
0.918258
0.918258
0.918258
0.918258
0.918258
0.918258
0.918258
0.918258
0.918258
0.918258
0.918258
0.918258
0.915832
0.915832
0.918258
0.918258
0.918258
0.918258
0.918258
0.918258
0.918258
0.918258
0.918258
0.915832
0.915832
0.915832
0.915832
0.918258
0.915832
0.915832
0.915041
0.918258
0.918258
0.915832
0.918258
0.918258
0.918258
0.915832
0.915832
0.918258
0.918258
0.918258
0.918258
0.918258
0.918258
0.918258
0.918258
0.918258
0.918258
0.918258
0.918258
0.918258
0.918258
0.918258
0.915832
0.918258
0.918258
0.918258
0.918258
0.918258
0.918258
0.918258
0.918258
0.918258
0.918258
0.918258
0.918258
0.918258
0.918258
0.918258
0.915041
0.915041
0.915041
0.918258
0.918258
0.918258
0.918258
0.915832
0.918258
0.918258
0.915832
0.915041
0.915832
0.915041
0.915041
0.915041
0.918258
0.918258
0.918258
0.918258
0.918258
0.918258
0.918258
0.918258
0.918258
0.918258
0.918258
0.918258
0.918258
0.918258
0.918258
0.918258
0.918258
0.918258
0.918258
0.918258
0.918258
0.918258
0.918258
0.918258
0.918258
0.918258
0.918258
0.918258
0.918258
0.918258
0.918258
0.918258
0.918258
0.918258
0.918258
0.918258
0.918258
0.918258
0.918258
0.918258
0.918258
0.918258
0.918258
0.918258
0.918258
0.918258
0.918258
0.918258
0.918258
0.918258
0.918258
0.918258
0.918258
0.918258
0.918258
0.918258
0.918258
0.918258
0.915832
0.915832
0.915832
0.915832
0.915832
0.915832
0.915832
0.915832
0.918258
0.918258
0.918258
0.918258
0.918258
0.918258
0.918258
0.918258
0.915832
0.918258
0.918258
0.918258
0.918258
0.918258
0.918258
0.918258
0.918258
0.918258
0.915832
0.915832
0.918258
0.915832
0.918258
0.918258
0.918258
0.918258
0.918258
0.918258
0.918258
0.918258
0.918258
0.918258
0.918258
0.918258
0.918258
0.918258
0.918258
0.918258
0.918258
0.918258
0.918258
0.918258
0.918258
0.918258
0.918258
0.918258
0.918258
0.918258
0.918258
0.918258
0.915832
0.918258
0.918258
0.918258
0.918258
0.915832
0.915832
0.918258
0.918258
0.918258
0.918258
0.918258
0.918258
0.918258
0.918258
0.918258
0.918258
0.918258
0.918258
0.918258
0.918258
0.918258
0.918258
0.918258
0.918258
0.918258
0.918258
0.918258
0.918258
0.918258
0.915832
0.918258
0.915832
0.915832
0.918258
0.918258
0.918258
0.915832
0.915832
0.915832
0.918258
0.915832
0.915832
0.918258
0.918258
0.918258
0.918258
0.918258
0.918258
0.918258
0.918258
0.918258
0.918258
0.918258
0.918258
0.918258
0.918258
0.918258
0.918258
0.918258
0.918258
0.918258
0.918258
0.918258
0.918258
0.915832
0.918258
0.918258
0.918258
0.918258
0.918258
0.918258
0.918258
0.918258
0.918258
0.915041
0.918258
0.918258
0.918258
0.918258
0.918258
0.915041
0.918258
0.918258
0.918258
0.918258
0.918258
0.918258
0.918258
0.918258
0.918258
0.91458
0.91458
0.91458
0.918258
0.91458
0.91458
0.918258
0.918258
0.91458
0.918258
0.918258
0.91458
0.918258
0.918258
0.918258
0.918258
0.918258
0.918258
0.918258
0.918258
0.918258
0.918258
0.918258
0.915041
0.915041
0.918258
0.918258
0.915041
0.915041
0.915041
0.915041
0.915041
0.915041
0.915041
0.915041
0.918258
0.918258
0.915041
0.915041
0.915041
0.918258
0.915041
0.915041
0.915041
0.915041
0.915041
0.918258
0.915041
0.915041
0.918258
0.915041
0.915041
0.915041
0.915041
0.918258
0.915041
0.915041
0.915041
0.915041
0.915041
0.915041
0.915041
0.915041
0.915041
0.915041
0.915041
0.915041
0.915041
0.915041
0.915041
0.915041
0.915041
0.915041
0.915041
0.915041
0.915041
0.915041
0.915041
0.915041
0.915041
0.915041
0.915041
0.915041
0.915041
0.915041
0.915041
0.915041
0.915041
0.915041
0.915041
0.915041
0.915041
0.915041
0.915041
0.915041
0.915041
0.915041
0.915041
0.915041
0.915041
0.915041
0.915041
0.915041
0.915041
0.915041
0.915041
0.915041
0.915041
0.915041
0.915041
0.915041
0.915041
0.915041
0.915041
0.915041
0.915041
0.915041
0.915041
0.915041
0.915041
0.915041
0.915041
0.915041
0.915041
0.915041
0.915041
0.915041
0.915041
0.915041
0.915041
0.915041
0.915041
0.915041
0.915041
0.915041
0.915041
0.915041
0.915041
0.915041
0.915041
0.91458
0.915041
0.915041
0.915041
0.915041
0.915041
0.915041
0.915041
0.915041
0.915041
0.915041
0.915041
0.915041
0.915041
0.915041
0.915041
0.915041
0.915041
0.915041
0.915041
0.915041
0.915041
0.915041
0.915041
0.915041
0.915041
0.915041
0.915041
0.915041
0.915041
0.915041
0.915041
0.915041
0.915041
0.915041
0.915041
0.915041
0.915041
0.915041
0.915041
0.915041
0.915041
0.915041
0.915041
0.915041
0.915041
0.915041
0.915041
0.915041
0.915041
0.915041
0.915041
0.915041
0.915041
0.915041
0.915041
0.915041
0.915041
0.915041
0.915041
0.915041
0.915041
0.915041
0.915041
0.915041
0.915041
0.915041
0.915041
0.915041
0.915041
0.915041
0.915041
0.915041
0.915041
0.915041
0.915041
0.915041
0.915041
0.915041
0.915041
0.915041
0.915041
0.915041
0.915041
0.915041
0.915041
0.915041
0.915041
0.915041
0.915041
0.915041
0.915041
0.915041
0.915041
0.915041
0.915041
0.915041
0.915041
0.915041
0.915041
0.915041
0.915041
0.915041
0.915041
0.915041
0.915041
0.915041
0.915041
0.915041
0.915041
0.915041
0.915041
0.915041
0.915041
0.915041
0.915041
0.915041
0.915041
0.915041
0.915041
0.915041
0.915041
0.915041
0.915041
0.915041
0.915041
0.915041
0.915041
0.915041
0.915041
0.915041
0.91458
0.915041
0.915041
0.915041
0.915041
0.91458
0.915041
0.915041
0.915041
0.915041
0.915041
0.91458
0.91458
0.91458
0.915041
0.918258
0.915041
0.915041
0.91458
0.91458
0.91458
0.91458
0.91458
0.91458
0.915041
0.915041
0.915041
0.91458
0.915041
0.91458
0.915041
0.915041
0.915041
0.915041
0.915041
0.915041
0.915041
0.915041
0.915041
0.915041
0.915041
0.915041
0.915041
0.915041
0.915041
0.915041
0.915041
0.915041
0.915041
0.915041
0.915041
0.915041
0.915041
0.915041
0.915041
0.915041
0.915041
0.915041
0.915041
0.915041
0.915041
0.915041
0.915041
0.915041
0.915041
0.915041
0.915041
0.915041
0.915041
0.915041
0.915041
0.915041
0.915041
0.915041
0.915041
0.915041
0.915041
0.915041
0.915041
0.915041
0.915041
0.915041
0.915041
0.915041
0.915041
0.915041
0.915041
0.915041
0.915041
0.915041
0.915041
0.915041
0.915041
0.915041
0.915041
0.915041
0.915041
0.915041
0.915041
0.915041
0.915041
0.915041
0.915041
0.915041
0.915041
0.91458
0.91458
0.91458
0.91458
0.915041
0.915041
0.915041
0.915041
0.915041
0.915041
0.915041
0.915041
0.915041
0.915041
0.915041
0.915041
0.915041
0.915041
0.915041
0.915041
0.915041
0.915041
0.915041
0.915041
0.915041
0.915041
0.915041
0.915041
0.915041
0.915041
0.915041
0.915041
0.915041
0.915041
0.915041
0.915041
0.915041
0.915041
0.915041
0.915041
0.915041
0.915041
0.915041
0.915041
0.915041
0.915041
0.915041
0.915041
0.915041
0.915041
0.915041
0.915041
0.915041
0.915041
0.915041
0.915041
0.915041
0.915041
0.915041
0.915041
0.915041
0.915041
0.915041
0.915041
0.915041
0.915041
0.915041
0.915041
0.915041
0.915041
0.915041
0.915041
0.91458
0.915041
0.915041
0.915041
0.915041
0.915041
0.915041
0.915041
0.915041
0.915041
0.915041
0.915041
0.915041
0.915041
0.915041
0.915041
0.915041
0.915041
0.915041
0.915041
0.915041
0.915041
0.915041
0.915041
0.915041
0.915041
0.915041
0.915041
0.915041
0.915041
0.915041
0.915041
0.915041
0.915041
0.915041
0.915041
0.915041
0.915041
0.915041
0.915041
0.915041
0.915041
0.915041
0.915041
0.915041
0.915041
0.915041
0.915041
0.915041
0.915041
0.915041
0.915041
0.915041
0.915041
0.915041
0.915041
0.915041
0.91458
0.91458
0.91458
0.91458
0.91458
0.91458
0.915041
0.915041
0.915041
0.915041
0.915041
0.915041
0.915041
0.915041
0.915041
0.915041
0.915041
0.91458
0.915041
0.915041
0.915041
0.915041
0.915041
0.915041
0.915041
0.915041
0.915041
0.915041
0.915041
0.915041
0.915041
0.915041
0.915041
0.915041
0.915041
0.915041
0.915041
0.915041
0.915041
0.915041
0.915041
0.915041
0.915041
0.915041
0.915041
0.915041
0.915041
0.915041
0.915041
0.915041
0.915041
0.915041
0.915041
0.915041
0.915041
0.915041
0.915041
0.915041
0.915041
0.915041
0.915041
0.915041
0.915041
0.915041
0.915041
0.915041
0.915041
0.915041
0.915041
0.915041
0.915041
0.915041
0.915041
0.915041
0.915041
0.915041
0.915041
0.915041
0.915041
0.915041
0.915041
0.915041
0.915041
0.915041
0.915041
0.915041
0.915041
0.915041
0.915041
0.915041
0.915041
0.915041
0.915041
0.915041
0.915041
0.915041
0.915041
0.915041
0.915041
0.915041
0.915041
0.915041
0.915041
0.915041
0.915041
0.915041
0.915041
0.915041
0.91458
0.91458
0.91458
