-0.16372   0.473333   -0.492549
-0.00236712   -0.327488   0.498659
-0.159379   -0.340722   -0.331628
0.0290816   -0.495757   -0.346227
0.181063   -0.479488   0.478803
0.341551   -0.340739   0.477507
0.164613   -0.323906   -0.33356
0.341601   -0.491867   -0.362169
-0.486139   -0.497803   0.477029
-0.320883   -0.359808   0.484656
-0.487515   -0.331692   -0.34814
-0.338951   0.496077   -0.325065
-0.161632   -0.175899   0.49246
0.00715856   -0.0184516   0.496231
-0.150526   0.0101604   -0.335623
-0.010067   -0.17124   -0.33291
0.181854   -0.183715   -0.498293
0.332852   -0.00452098   0.498242
0.173848   -0.0279923   -0.333652
0.3572   -0.174232   -0.348607
0.497832   -0.164684   0.491483
-0.299996   0.00886723   0.4889
-0.485598   -0.0180993   -0.350235
-0.326391   -0.168963   -0.346283
-0.146081   0.17394   -0.494488
0.0248834   0.355829   0.486976
-0.155877   0.326411   -0.320271
0.0176069   0.136104   -0.350716
0.171516   0.142268   0.495307
0.31042   0.322728   -0.499001
0.152155   0.305672   -0.332822
0.331122   0.15133   -0.335692
0.484885   0.157504   -0.490682
-0.320007   0.314267   -0.488476
0.493375   0.321498   -0.331035
-0.337108   0.157816   -0.334656
-0.155636   0.496543   -0.166593
0.00857902   -0.347627   -0.186498
-0.178595   -0.363835   0.00955915
0.0228785   0.498765   -0.0104055
0.193667   0.476438   -0.183789
0.337772   -0.331337   -0.199104
0.205661   -0.340036   -0.0201067
0.323392   0.462344   -0.0113605
0.481919   0.497248   -0.184362
-0.323361   -0.345418   -0.157891
0.482194   -0.346802   -0.0158338
-0.352947   0.494861   -0.0011759
-0.141236   -0.181246   -0.157243
0.00730257   -0.0037781   -0.159177
-0.157814   0.00206612   0.0142077
0.00556618   -0.205212   0.00246257
0.148951   -0.1881   -0.162749
0.332989   2.7896e-05   -0.165811
0.160605   -0.0164861   0.00755813
0.350308   -0.164737   0.00468991
-0.484071   -0.178741   -0.18531
-0.317574   -0.0227615   -0.177866
-0.483027   -0.0170581   -0.0118422
-0.335569   -0.182019   0.00487745
-0.127521   0.160909   -0.174689
0.0190287   0.321458   -0.157982
-0.163315   0.330279   -0.0135598
0.00406375   0.164587   0.0126499
0.164864   0.155792   -0.160993
0.336479   0.313397   -0.179967
0.169529   0.317674   -0.00300978
0.331012   0.1627   0.00288207
0.49152   0.150917   -0.188347
-0.338936   0.338219   -0.183765
-0.495246   0.322114   -0.0327347
-0.306005   0.159966   -0.034936
-0.171965   0.482787   0.16297
-0.0179608   -0.345805   0.168242
-0.160691   -0.358798   0.346913
0.0095072   -0.480507   0.336272
0.170358   -0.494981   0.165388
0.346124   -0.343428   0.15294
0.176175   -0.328283   0.327088
0.354386   0.484697   0.329221
-0.495475   0.469889   0.169067
-0.338769   -0.350242   0.166757
-0.490715   -0.330041   0.321614
-0.328273   0.462561   0.330425
-0.16875   -0.185304   0.170471
0.0134228   -0.0141395   0.178103
-0.148485   -0.0142602   0.341779
0.013271   -0.178194   0.331502
0.160386   -0.188119   0.155673
0.34314   0.00424801   0.164831
0.179277   -0.0281057   0.322468
0.329445   -0.173161   0.324764
-0.496172   -0.151808   0.16946
-0.337589   -0.00363558   0.179002
-0.481164   0.00376468   0.351498
-0.336461   -0.171291   0.337221
-0.170121   0.154066   0.186201
0.0237891   0.343873   0.177594
-0.16062   0.328762   0.328764
0.014823   0.18518   0.335477
0.16905   0.140261   0.161064
0.322259   0.325416   0.163001
0.178293   0.343689   0.337713
0.358876   0.165109   0.322688
-0.481851   0.160961   0.139113
-0.326316   0.328578   0.141054
-0.482435   0.321277   0.338407
-0.318924   0.169069   0.336369
