-0.163748   0.473326   -0.492524
-0.00236036   -0.327419   0.498604
-0.15917   -0.340759   -0.331546
0.0291195   -0.495751   -0.346155
0.181127   -0.479529   0.478774
0.34156   -0.340601   0.47772
0.16441   -0.323653   -0.333625
0.341599   -0.491971   -0.362211
-0.486154   -0.497909   0.477026
-0.320845   -0.359786   0.484728
-0.48766   -0.33163   -0.348163
-0.338986   0.495865   -0.324877
-0.161471   -0.175801   0.492431
0.00720136   -0.0184952   0.496241
-0.150507   0.0102912   -0.335644
-0.0101698   -0.171229   -0.332735
0.181638   -0.183631   -0.498355
0.332894   -0.00455296   0.498124
0.173992   -0.0280896   -0.333668
0.357304   -0.174287   -0.348613
0.497841   -0.164834   0.491558
-0.299965   0.00887924   0.489084
-0.485415   -0.0180244   -0.349984
-0.326511   -0.169081   -0.346091
-0.145967   0.174014   -0.49452
0.0249996   0.355756   0.487069
-0.155833   0.326407   -0.320344
0.0175468   0.13628   -0.350678
0.171645   0.142151   0.495167
0.310481   0.32278   -0.499069
0.152282   0.305729   -0.332832
0.331129   0.151511   -0.335636
0.484912   0.157545   -0.490557
-0.320065   0.314303   -0.488462
0.49352   0.321648   -0.330944
-0.337271   0.157912   -0.334658
-0.155649   0.496586   -0.166471
0.00856655   -0.34752   -0.186309
-0.178735   -0.363826   0.00955268
0.0231093   0.498836   -0.0105038
0.193654   0.476734   -0.183799
0.337976   -0.331412   -0.199127
0.205751   -0.340086   -0.020215
0.323618   0.462286   -0.0114593
0.481939   0.497384   -0.184422
-0.323417   -0.345422   -0.157857
0.482078   -0.346865   -0.0158607
-0.352883   0.494715   -0.00129491
-0.141094   -0.181353   -0.157453
0.00726206   -0.00389011   -0.159156
-0.157845   0.00207572   0.0142076
0.00553172   -0.205268   0.00236563
0.148968   -0.188105   -0.162785
0.332824   -8.34806e-05   -0.165772
0.160595   -0.0164514   0.00746355
0.350217   -0.16487   0.00459477
-0.48401   -0.178841   -0.185227
-0.317539   -0.0225793   -0.177892
-0.483007   -0.0170474   -0.0118905
-0.335643   -0.181933   0.00478803
-0.127475   0.160899   -0.174539
0.0191058   0.321575   -0.157994
-0.163288   0.330378   -0.013391
0.00398715   0.164514   0.012711
0.164886   0.155643   -0.160961
0.336539   0.313447   -0.180061
0.169342   0.317491   -0.00314925
0.331124   0.162776   0.00292571
0.49165   0.151101   -0.188387
-0.338789   0.338095   -0.183758
-0.495146   0.32208   -0.0326569
-0.306003   0.159828   -0.0351017
-0.172002   0.482726   0.163101
-0.0178401   -0.345908   0.168255
-0.160857   -0.358901   0.347026
0.00954247   -0.480507   0.33633
0.170462   -0.495011   0.165341
0.34617   -0.343515   0.152978
0.176284   -0.328371   0.327102
0.354291   0.484543   0.329078
-0.495411   0.470055   0.169181
-0.338792   -0.350237   0.16674
-0.490877   -0.330139   0.321537
-0.328163   0.462561   0.330282
-0.168849   -0.185351   0.170434
0.013578   -0.0140921   0.177961
-0.148616   -0.0143443   0.341834
0.0133219   -0.178163   0.331478
0.16045   -0.188055   0.155671
0.343196   0.00423416   0.164833
0.179337   -0.0282776   0.322426
0.329387   -0.17315   0.324733
-0.496037   -0.151746   0.169436
-0.337454   -0.00377432   0.179073
-0.481219   0.0038365   0.351474
-0.336486   -0.17135   0.337204
-0.170098   0.154306   0.186365
0.0237782   0.344062   0.177793
-0.16065   0.32883   0.328627
0.0148653   0.185005   0.335363
0.168993   0.140336   0.161095
0.322252   0.325444   0.163023
0.178415   0.343654   0.33753
0.358825   0.164961   0.322574
-0.481943   0.160976   0.139065
-0.32642   0.328658   0.141065
-0.482434   0.32129   0.338341
-0.318835   0.169104   0.336281
