-6.70663
-6.67965
-6.64262
-6.6029
-6.56281
-6.53044
-6.50589
-6.49613
-6.49992
-6.51638
-6.54635
-6.58959
-6.63732
-6.68468
-6.73205
-6.77163
-6.80977
-6.83945
-6.86202
-6.87441
-6.87792
-6.86988
-6.85758
-6.83906
-6.81594
-6.79605
-6.77584
-6.75913
-6.74679
-6.73793
-6.73278
-6.72522
-6.71673
-6.7051
-6.69027
-6.6733
-6.6604
-6.6476
-6.64067
-6.63655
-6.6354
-6.63402
-6.63618
-6.6413
-6.64606
-6.65153
-6.66061
-6.66789
-6.67786
-6.69581
-6.71063
-6.72626
-6.73881
-6.74649
-6.744
-6.73822
-6.72439
-6.71063
-6.69478
-6.68647
-6.67938
-6.67805
-6.67935
-6.68379
-6.69367
-6.69668
-6.69624
-6.68933
-6.67648
-6.66307
-6.64882
-6.64075
-6.6331
-6.62878
-6.6229
-6.61663
-6.60638
-6.59507
-6.58648
-6.58358
-6.58982
-6.60732
-6.62911
-6.65634
-6.67643
-6.68945
-6.69594
-6.69759
-6.69737
-6.69819
-6.70316
-6.70906
-6.71494
-6.72229
-6.73061
-6.7353
-6.73581
-6.73372
-6.72976
-6.72832
-6.72681
-6.72264
-6.71774
-6.7138
-6.70664
-6.69921
-6.69197
-6.68506
-6.68032
-6.67833
-6.67757
-6.67746
-6.67469
-6.67392
-6.67293
-6.67029
-6.6666
-6.66286
-6.65729
-6.64961
-6.63958
-6.63114
-6.62468
-6.62094
-6.62149
-6.6275
-6.64087
-6.66041
-6.68313
-6.70541
-6.72392
-6.74048
-6.75212
-6.75643
-6.75609
-6.74845
-6.73513
-6.7167
-6.70297
-6.68991
-6.67908
-6.67261
-6.67584
-6.68912
-6.70852
-6.73485
-6.75712
-6.77512
-6.78453
-6.78442
-6.78089
-6.76947
-6.7546
-6.741
-6.72742
-6.7143
-6.70322
-6.69231
-6.68168
-6.67243
-6.66901
-6.67245
-6.68473
-6.70792
-6.73276
-6.75709
-6.77474
-6.78165
-6.77396
-6.75636
-6.72794
-6.69065
-6.6508
-6.61201
-6.57834
-6.55241
-6.5363
-6.536
-6.54454
-6.56075
-6.5828
-6.6041
-6.62494
-6.64792
-6.67106
-6.69428
-6.7176
-6.74239
-6.76457
-6.78455
-6.79489
-6.79708
-6.78915
-6.771
-6.74334
-6.71349
-6.68503
-6.66186
-6.64742
-6.64348
-6.6503
-6.66953
-6.69515
-6.72123
-6.74439
-6.76498
-6.77838
-6.78029
-6.77798
-6.76733
-6.7491
-6.72585
-6.70052
-6.67614
-6.65506
-6.64168
-6.63708
-6.64
-6.64809
-6.66145
-6.67489
-6.68504
-6.69219
-6.69442
-6.69007
-6.68579
-6.67934
-6.66894
-6.65569
-6.6471
-6.6399
-6.63809
-6.63857
-6.64498
-6.65493
-6.66522
-6.67939
-6.69428
-6.7093
-6.72396
-6.7388
-6.75405
-6.76815
-6.783
-6.79375
-6.79657
-6.79305
-6.77654
-6.74945
-6.7139
-6.6752
-6.63606
-6.59995
-6.57445
-6.55722
-6.55122
-6.55666
-6.56837
-6.58679
-6.60877
-6.63739
-6.66482
-6.69481
-6.72123
-6.74065
-6.75692
-6.76607
-6.77384
-6.77722
-6.7774
-6.77765
-6.77846
-6.77859
-6.7748
-6.76775
-6.76027
-6.74681
-6.73367
-6.72024
-6.70386
-6.68633
-6.67046
-6.66198
-6.65852
-6.66377
-6.67686
-6.68702
-6.69531
-6.69715
-6.69382
-6.68665
-6.67998
-6.67445
-6.67445
-6.67861
-6.68341
-6.69573
-6.70895
-6.7208
-6.72785
-6.72947
-6.72566
-6.71738
-6.70011
-6.68182
-6.65951
-6.63767
-6.61909
-6.60302
-6.5952
-6.59664
-6.60563
-6.62149
-6.64434
-6.66659
-6.69149
-6.71262
-6.7305
-6.73848
-6.73818
-6.73237
-6.72454
-6.71724
-6.71198
-6.7125
-6.71583
-6.72082
-6.72277
-6.72535
-6.72604
-6.72459
-6.72817
-6.72978
-6.73773
-6.74922
-6.76041
-6.76742
-6.766
-6.76064
-6.74724
-6.72733
-6.70657
-6.69099
-6.67956
-6.67517
-6.67661
-6.67827
-6.68191
-6.68596
-6.69099
-6.69849
-6.70184
-6.70356
-6.70574
-6.70716
-6.70475
-6.70425
-6.70446
-6.70535
-6.70737
-6.71209
-6.71824
-6.71817
-6.71919
-6.71603
-6.71435
-6.71365
-6.71312
-6.71555
-6.72222
-6.72972
-6.73674
-6.74725
-6.75637
-6.76404
-6.76826
-6.76707
-6.76045
-6.74473
-6.72206
-6.69245
-6.66441
-6.63557
-6.6098
-6.59
-6.5763
-6.57265
-6.57294
-6.58183
-6.59738
-6.61593
-6.63182
-6.64314
-6.64771
-6.64829
-6.64528
-6.63867
-6.63565
-6.63665
-6.645
-6.66322
-6.68965
-6.71915
-6.74758
-6.77285
-6.79284
-6.80533
-6.80711
-6.80259
-6.79238
-6.77837
-6.76178
-6.74491
-6.73093
-6.72012
-6.71735
-6.71915
-6.72266
-6.73048
-6.73574
-6.73669
-6.72817
-6.71127
-6.69022
-6.66588
-6.64326
-6.62835
-6.61841
-6.61829
-6.62178
-6.62738
-6.63664
-6.64738
-6.65743
-6.66519
-6.67037
-6.67306
-6.67885
-6.68552
-6.69582
-6.71046
-6.72697
-6.74291
-6.75316
-6.75921
-6.75619
-6.74784
-6.73688
-6.7213
-6.70318
-6.6826
-6.66281
-6.64436
-6.62409
-6.60852
-6.59384
-6.58007
-6.56775
-6.55501
-6.54964
-6.54729
-6.54696
-6.55385
-6.56783
-6.58602
-6.6135
-6.64661
-6.68263
-6.71847
-6.75654
-6.79561
-6.83173
-6.86127
-6.88014
-6.89092
-6.89149
-6.88278
-6.86206
-6.83942
-6.81346
-6.79147
-6.77303
-6.75991
-6.74677
-6.73189
-6.71464
-6.69302
-6.66703
-6.64102
-6.61895
-6.60292
-6.59694
-6.60184
-6.61431
-6.63236
-6.64855
-6.66923
-6.68789
-6.70958
-6.73234
-6.75504
-6.78075
-6.79928
-6.81081
-6.81882
-6.81763
-6.80411
-6.78102
-6.75496
-6.7302
-6.70897
-6.69178
-6.67921
-6.67028
-6.66056
-6.64992
-6.63706
-6.62373
-6.61098
-6.60542
-6.60401
-6.61206
-6.62594
-6.64434
-6.66094
-6.6728
-6.68167
-6.68738
-6.69199
-6.69396
-6.69696
-6.69478
-6.69428
-6.69418
-6.68621
-6.67582
-6.66344
-6.64965
-6.64177
-6.63083
-6.62478
-6.62016
-6.62295
-6.63084
-6.6436
-6.66538
-6.69059
-6.71624
-6.7408
-6.76402
-6.78028
-6.79318
-6.79933
-6.80174
-6.79754
-6.7904
-6.77912
-6.76407
-6.74584
-6.7246
-6.70147
-6.67798
-6.65961
-6.64693
-6.6438
-6.65276
-6.67205
-6.69108
-6.71028
-6.72168
-6.72122
-6.71422
-6.70403
-6.6921
-6.67914
-6.6683
-6.65944
-6.65285
-6.65016
-6.65832
-6.67398
-6.69543
-6.71499
-6.7382
-6.7575
-6.7684
-6.77303
-6.77053
-6.76035
-6.74381
-6.7258
-6.7059
-6.68316
-6.66479
-6.65345
-6.64925
-6.65018
-6.65917
-6.67218
-6.68728
-6.70226
-6.71566
-6.72223
-6.72115
-6.71116
-6.69723
-6.6838
-6.67141
-6.66634
-6.66602
-6.67216
-6.68107
-6.69048
-6.6972
-6.69877
-6.69406
-6.6846
-6.67514
-6.66626
-6.65777
-6.65509
-6.66036
-6.67102
-6.68091
-6.69374
-6.70632
-6.71405
-6.71784
-6.71626
-6.71347
-6.7093
-6.70376
-6.69384
-6.68653
-6.68516
-6.68395
-6.68483
-6.68702
-6.69059
-6.69302
-6.69014
-6.68185
-6.67055
-6.65933
-6.65078
-6.64657
-6.6502
-6.66005
-6.67352
-6.68966
-6.70993
-6.72551
-6.73818
-6.7531
-6.7646
-6.77716
-6.78733
-6.79229
-6.79247
-6.7895
-6.77756
-6.7617
-6.74477
-6.72483
-6.70349
-6.6841
-6.66672
-6.65878
-6.65065
-6.64684
-6.64158
-6.63811
-6.63327
-6.63235
-6.62991
-6.63091
-6.63922
-6.65298
-6.6699
-6.68994
-6.71244
-6.73075
-6.74358
-6.74897
-6.74806
-6.74049
-6.72333
-6.70685
-6.686
-6.66665
-6.65194
-6.64842
-6.65352
-6.66739
-6.69136
-6.71773
-6.7505
-6.77821
-6.80115
-6.81835
-6.8307
-6.8343
-6.83172
-6.82155
-6.80334
-6.77851
-6.75113
-6.72327
-6.6931
-6.67182
-6.65789
-6.65275
-6.65246
-6.65644
-6.66197
-6.66553
-6.66674
-6.66294
-6.65436
-6.64547
-6.63541
-6.62511
-6.61675
-6.61119
-6.61106
-6.61686
-6.63088
-6.65224
-6.67587
-6.70174
-6.72819
-6.753
-6.77058
-6.78419
-6.79077
-6.78463
-6.77322
-6.75318
-6.73083
-6.70609
-6.68126
-6.66011
-6.64327
-6.63315
-6.63114
-6.63474
-6.64896
-6.66965
-6.69358
-6.72035
-6.74571
-6.76862
-6.78541
-6.79894
-6.80784
-6.8075
-6.79833
-6.78179
-6.75723
-6.72825
-6.70029
-6.6781
-6.66065
-6.65154
-6.64796
-6.65358
-6.66227
-6.67199
-6.68296
-6.69296
-6.70329
-6.70977
-6.71496
-6.72316
-6.7305
-6.73664
-6.73816
-6.73525
-6.7286
-6.72274
-6.71687
-6.7106
-6.70397
-6.69308
-6.68078
-6.66804
-6.64733
-6.62539
-6.60622
-6.5902
-6.57946
-6.57295
-6.57043
-6.57334
-6.57996
-6.59008
-6.60409
-6.62199
-6.64316
-6.6606
-6.67589
-6.68536
-6.6921
-6.69919
-6.70458
-6.71568
-6.72833
-6.74588
-6.75943
-6.77479
-6.78667
-6.79352
-6.79633
-6.79113
-6.78224
-6.76475
-6.74457
-6.72065
-6.69587
-6.67237
-6.65438
-6.64347
-6.64071
-6.64882
-6.65711
-6.67048
-6.68415
-6.69026
-6.69432
-6.69168
-6.68655
-6.68048
-6.67584
-6.67595
-6.68175
-6.69465
-6.71048
-6.72712
-6.74319
-6.75267
-6.75632
-6.75553
-6.74946
-6.7389
-6.72692
-6.71555
-6.70281
-6.69362
-6.68728
-6.68963
-6.699
-6.71407
-6.73417
-6.75649
-6.77428
-6.78618
-6.78735
-6.77604
-6.75175
-6.71876
-6.68167
-6.64707
-6.61842
-6.59969
-6.59264
-6.59831
-6.61632
-6.64105
-6.66834
-6.69342
-6.71216
-6.72041
-6.71919
-6.71071
-6.69413
-6.67349
-6.65177
-6.63202
-6.61851
-6.61134
-6.61251
-6.62087
-6.63843
-6.66191
-6.69102
-6.72049
-6.7476
-6.76971
-6.78674
-6.7922
-6.7906
-6.78122
-6.76065
-6.73797
-6.71278
-6.68775
-6.66596
-6.65338
-6.64877
-6.64698
-6.65303
-6.66524
-6.67789
-6.6862
-6.69365
-6.69814
-6.69803
-6.694
-6.68716
-6.67764
-6.67029
-6.66456
-6.66341
-6.6632
-6.66871
-6.67842
-6.69142
-6.70117
-6.71081
-6.71996
-6.72997
-6.73949
-6.74911
-6.75831
-6.76407
-6.76638
-6.76578
-6.76117
-6.74806
-6.72784
-6.69869
-6.66571
-6.63202
-6.5978
-6.56896
-6.54795
-6.53729
-6.544
-6.56751
-6.60312
-6.65016
-6.69321
-6.73591
-6.76934
-6.79008
-6.79888
-6.79016
-6.7686
-6.7366
-6.69296
-6.64427
-6.5956
-6.55441
-6.52393
-6.50831
-6.51193
-6.53596
-6.5759
-6.62616
-6.67924
-6.72897
-6.76554
-6.78761
-6.79574
-6.79432
-6.78214
-6.76399
-6.74851
-6.73793
-6.73161
-6.7329
-6.74195
-6.75196
-6.76143
-6.76464
-6.76268
-6.75431
-6.74137
-6.72009
-6.69669
-6.67299
-6.65344
-6.63934
-6.6332
-6.63535
-6.64098
-6.65404
-6.67136
-6.68823
-6.70271
-6.71274
-6.71938
-6.72207
-6.72533
-6.72762
-6.72725
-6.73193
-6.73409
-6.73922
-6.7447
-6.75051
-6.75496
-6.75799
-6.76257
-6.76924
-6.77132
-6.77197
-6.77036
-6.7657
-6.75543
-6.74588
-6.73496
-6.7176
-6.69914
-6.67583
-6.64988
-6.62418
-6.60714
-6.595
-6.59103
-6.59373
-6.60209
-6.6165
-6.63734
-6.65809
-6.67822
-6.69918
-6.716
-6.7283
-6.7359
-6.74027
-6.73973
-6.73615
-6.73114
-6.7257
-6.71601
-6.70571
-6.69372
-6.68209
-6.67589
-6.67459
-6.67803
-6.68279
-6.69096
-6.6989
-6.70333
-6.70439
-6.70267
-6.69885
-6.69547
-6.68926
-6.68604
-6.6832
-6.6827
-6.68161
-6.67869
-6.67343
-6.66619
-6.65913
-6.65922
-6.66971
-6.69065
-6.72058
-6.75464
-6.78884
-6.81877
-6.84097
-6.85165
-6.85187
-6.84188
-6.824
-6.80288
-6.77748
-6.75027
-6.72327
-6.70035
-6.68046
-6.66383
-6.64971
-6.63473
-6.62539
-6.61978
-6.61723
-6.62003
-6.62576
-6.62919
-6.63773
-6.64822
-6.66143
-6.6764
-6.69181
-6.70586
-6.71767
-6.72701
-6.73339
-6.73601
-6.73364
-6.73472
-6.73648
-6.73432
-6.73103
-6.72533
-6.71736
-6.70328
-6.68571
-6.66738
-6.65134
-6.63397
-6.6222
-6.62257
-6.63147
-6.65004
-6.68108
-6.7158
-6.74504
-6.7663
-6.77673
-6.77385
-6.76098
-6.73749
-6.71382
-6.68994
-6.6704
-6.65757
-6.6519
-6.65031
-6.65336
-6.65868
-6.66449
-6.66914
-6.67227
-6.67463
-6.67646
-6.67915
-6.68601
-6.69206
-6.70059
-6.70915
-6.71983
-6.7309
-6.74096
-6.7473
-6.74684
-6.74227
-6.73401
-6.72215
-6.71499
-6.70859
-6.7037
-6.69935
-6.6956
-6.69127
-6.68409
-6.67788
-6.67224
-6.67003
-6.67075
-6.67434
-6.67981
-6.68763
-6.69715
-6.71101
-6.7197
-6.73086
-6.73921
-6.74567
-6.74486
-6.73936
-6.72646
-6.70924
-6.68593
-6.65919
-6.6365
-6.62037
-6.61178
-6.61286
-6.62149
-6.63358
-6.65107
-6.66848
-6.68367
-6.69649
-6.70448
-6.70692
-6.70839
-6.7071
-6.70792
-6.70848
-6.71548
-6.72567
-6.73356
-6.74536
-6.75207
-6.75601
-6.753
-6.74806
-6.74335
-6.73326
-6.72485
-6.72115
-6.71932
-6.72022
-6.72309
-6.72802
-6.72661
-6.72057
-6.7107
-6.69628
-6.68053
-6.66469
-6.65512
-6.64639
-6.63796
-6.63234
-6.62736
-6.62165
-6.61774
-6.61697
-6.61655
-6.62226
-6.63143
-6.64778
-6.66578
-6.68523
-6.70622
-6.7243
-6.74008
-6.75078
-6.75767
-6.75825
-6.75741
-6.75356
-6.74909
-6.74597
-6.74163
-6.74169
-6.74644
-6.75034
-6.75404
-6.75472
-6.75677
-6.74947
-6.73765
-6.72125
-6.70029
-6.67424
-6.64384
-6.61634
-6.5877
-6.57118
-6.56391
-6.56906
-6.5777
-6.59017
-6.60441
-6.61629
-6.62862
-6.63779
-6.64884
-6.66308
-6.67941
-6.69878
-6.71661
-6.7332
-6.74458
-6.74885
-6.74753
-6.73978
-6.7255
-6.70909
-6.69652
-6.68844
-6.68051
-6.67647
-6.67607
-6.67505
-6.67153
-6.66437
-6.65506
-6.64189
-6.62605
-6.61158
-6.59848
-6.58787
-6.58634
-6.59309
-6.6059
-6.62734
-6.65085
-6.6791
-6.70947
-6.7385
-6.7638
-6.78252
-6.79415
-6.79839
-6.79341
-6.78418
-6.76793
-6.74987
-6.73127
-6.71115
-6.69403
-6.68206
-6.67672
-6.67806
-6.68245
-6.68666
-6.69559
-6.70339
-6.70984
-6.7163
-6.71974
-6.72057
-6.71849
-6.71501
-6.7092
-6.69931
-6.68829
-6.68043
-6.67624
-6.67619
-6.67675
-6.67616
-6.67017
-6.66394
-6.66468
-6.67053
-6.68149
-6.69659
-6.71351
-6.73406
-6.75199
-6.76675
-6.78139
-6.78869
-6.78913
-6.78322
-6.76872
-6.74778
-6.7169
-6.68218
-6.64949
-6.62428
-6.61487
-6.62302
-6.63893
-6.66034
-6.68036
-6.6976
-6.71203
-6.71954
-6.72388
-6.72493
-6.72655
-6.72742
-6.73061
-6.73474
-6.74328
-6.75326
-6.75943
-6.76522
-6.76462
-6.75569
-6.7326
-6.70091
-6.66364
-6.62406
-6.59254
-6.56781
-6.55593
-6.56012
-6.57493
-6.59828
-6.62996
-6.66556
-6.69577
-6.72346
-6.74728
-6.76276
-6.77008
-6.76717
-6.75987
-6.74503
-6.72181
-6.69824
-6.67485
-6.65169
-6.63079
-6.61312
-6.6003
-6.59213
-6.5876
-6.58802
-6.59304
-6.59993
-6.61073
-6.62187
-6.6347
-6.64927
-6.6662
-6.68643
-6.70739
-6.72878
-6.75082
-6.7683
-6.78126
-6.78846
-6.7916
-6.78892
-6.78139
-6.76959
-6.75526
-6.74291
-6.73411
-6.72809
-6.72585
-6.72529
-6.72824
-6.72968
-6.72696
-6.7192
-6.70869
-6.69838
-6.68623
-6.67596
-6.67259
-6.67272
-6.67809
-6.68043
-6.68169
-6.68289
-6.67851
-6.67299
-6.66836
-6.66864
-6.67314
-6.67894
-6.68695
-6.69265
-6.69156
-6.68584
-6.68055
-6.66585
-6.65345
-6.64146
-6.63241
-6.63159
-6.63422
-6.641
-6.65574
-6.67322
-6.69266
-6.71179
-6.73009
-6.74479
-6.75303
-6.75662
-6.75617
-6.7481
-6.73573
-6.72041
-6.70297
-6.68473
-6.66807
-6.65456
-6.64883
-6.65197
-6.66146
-6.67623
-6.69458
-6.71355
-6.73201
-6.74526
-6.75428
-6.75963
-6.76009
-6.75259
-6.74135
-6.7241
-6.7057
-6.68867
-6.67485
-6.66628
-6.65957
-6.66125
-6.66749
-6.67975
-6.69214
-6.70692
-6.71881
-6.72911
-6.73408
-6.73594
-6.73007
-6.72344
-6.707
-6.68901
-6.67264
-6.65573
-6.64028
-6.63151
-6.62845
-6.63444
-6.64907
-6.66984
-6.68996
-6.70449
-6.71763
-6.72439
-6.72754
-6.72404
-6.71783
-6.7091
-6.70022
-6.68951
-6.67985
-6.66833
-6.65815
-6.64954
-6.64554
-6.64772
-6.65924
-6.67643
-6.69426
-6.71174
-6.72457
-6.73197
-6.73551
-6.7394
-6.7436
-6.75228
-6.76262
-6.76973
-6.77216
-6.7705
-6.76166
-6.74711
-6.72522
-6.70126
-6.67742
-6.65734
-6.63983
-6.63157
-6.6293
-6.64071
-6.659
-6.68362
-6.7071
-6.72699
-6.74238
-6.74876
-6.74609
-6.73525
-6.7213
-6.70641
-6.69048
-6.67682
-6.66654
-6.66095
-6.66158
-6.66252
-6.6628
-6.66458
-6.66721
-6.6656
-6.66497
-6.66685
-6.66912
-6.67587
-6.6817
-6.6853
-6.68947
-6.69042
-6.68816
-6.68747
-6.68588
-6.68237
-6.67929
-6.67481
-6.67566
-6.67838
-6.68626
-6.69716
-6.71339
-6.73249
-6.7505
-6.76373
-6.77219
-6.77274
-6.76904
-6.75989
-6.75269
-6.74774
-6.74525
-6.74205
-6.74153
-6.73811
-6.72701
-6.71366
-6.6999
-6.68333
-6.67132
-6.66417
-6.6624
-6.66583
-6.67184
-6.68207
-6.6925
-6.70293
-6.71084
-6.71972
-6.72768
-6.73202
-6.73208
-6.73231
-6.73238
-6.73486
-6.73595
-6.73631
-6.73527
-6.72781
-6.71418
-6.69534
-6.6721
-6.64901
-6.62806
-6.61684
-6.61038
-6.60887
-6.60696
-6.60365
-6.60086
-6.59838
-6.60207
-6.61583
-6.63673
-6.66578
-6.69919
-6.73169
-6.7617
-6.7836
-6.79786
-6.81151
-6.81522
-6.81272
-6.81022
-6.80341
-6.79187
-6.77652
-6.76042
-6.74544
-6.72904
-6.71401
-6.70187
-6.69286
-6.68257
-6.67584
-6.67016
-6.66787
-6.66763
-6.67109
-6.67759
-6.68438
-6.69632
-6.70492
-6.71478
-6.72109
-6.72586
-6.72586
-6.71923
-6.70687
-6.69102
-6.67473
-6.66055
-6.64619
-6.63354
-6.62634
-6.62479
-6.62637
-6.63502
-6.64523
-6.66349
-6.68579
-6.70904
-6.7328
-6.75151
-6.76554
-6.76932
-6.7633
-6.75127
-6.7335
-6.71558
-6.69849
-6.68748
-6.6829
-6.68964
-6.70522
-6.72261
-6.73949
-6.75509
-6.7611
-6.75474
-6.74306
-6.72305
-6.70102
-6.67972
-6.66394
-6.65017
-6.6403
-6.63266
-6.62908
-6.63206
-6.63352
-6.63989
-6.65356
-6.66958
-6.68981
-6.70706
-6.71585
-6.72218
-6.72225
-6.71997
-6.71274
-6.70395
-6.69654
-6.68978
-6.68602
-6.68237
-6.68159
-6.68227
-6.68464
-6.68815
-6.69431
-6.70333
-6.71665
-6.72887
-6.73871
-6.7479
-6.74641
-6.73967
-6.72682
-6.70972
-6.69077
-6.67417
-6.66132
-6.64929
-6.64058
-6.63435
-6.62931
-6.62157
-6.61687
-6.61289
-6.61452
-6.62359
-6.64237
-6.66624
-6.69438
-6.72447
-6.75382
-6.77633
-6.79331
-6.80237
-6.80653
-6.80248
-6.79196
-6.77681
-6.75382
-6.7262
-6.69952
-6.6685
-6.63821
-6.61311
-6.59615
-6.58123
-6.57685
-6.57805
-6.58653
-6.59653
-6.60871
-6.61862
-6.62777
-6.64177
-6.65681
-6.67331
-6.69363
-6.71604
-6.73743
-6.75739
-6.77499
-6.78678
-6.79908
-6.80616
-6.81222
-6.81135
-6.80291
-6.79142
-6.77845
-6.76595
-6.75608
-6.74892
-6.74671
-6.74609
-6.74722
-6.74639
-6.74087
-6.73221
-6.71463
-6.69106
-6.66557
-6.64254
-6.62429
-6.60847
-6.59797
-6.59337
-6.59605
-6.60143
-6.61095
-6.62099
-6.6311
-6.64359
-6.65538
-6.66321
-6.67146
-6.68085
-6.68881
-6.69673
-6.70575
-6.71382
-6.71974
-6.72034
-6.71869
-6.71148
-6.70619
-6.7015
-6.69264
-6.68583
-6.68014
-6.67595
-6.67304
-6.67339
-6.67377
-6.67323
-6.66994
-6.66858
-6.66776
-6.66169
-6.65708
-6.65333
-6.64989
-6.64832
-6.64891
-6.65124
-6.65587
-6.66332
-6.67544
-6.68497
-6.69359
-6.70286
-6.70963
-6.71837
-6.72986
-6.74719
-6.76537
-6.78175
-6.79816
-6.80662
-6.80704
-6.79869
-6.78216
-6.76115
-6.73953
-6.71884
-6.69946
-6.68597
-6.67965
-6.67507
-6.67096
-6.66548
-6.6607
-6.65508
-6.64397
-6.63182
-6.62152
-6.61494
-6.6108
-6.60929
-6.61558
-6.62501
-6.63798
-6.66138
-6.68411
-6.70966
-6.73078
-6.74442
-6.75085
-6.74575
-6.73557
-6.72153
-6.70453
-6.69256
-6.68485
-6.6853
-6.69037
-6.69624
-6.70514
-6.71443
-6.72857
-6.74414
-6.76111
-6.77317
-6.78244
-6.78911
-6.79151
-6.78489
-6.77242
-6.75212
-6.72959
-6.69979
-6.6711
-6.64178
-6.61828
-6.60109
-6.59813
-6.601
-6.61791
-6.64055
-6.6682
-6.69555
-6.72038
-6.73801
-6.74947
-6.7532
-6.75077
-6.7379
-6.71897
-6.70082
-6.68532
-6.6701
-6.65897
-6.65598
-6.65832
-6.66437
-6.67107
-6.67705
-6.68191
-6.68874
-6.69393
-6.69902
-6.70562
-6.71103
-6.71806
-6.72327
-6.72561
-6.72365
-6.71559
-6.70278
-6.68664
-6.67538
-6.66913
-6.66961
-6.67738
-6.68707
-6.69976
-6.71409
-6.72825
-6.74091
-6.74883
-6.7509
-6.75276
-6.75032
-6.74435
-6.74286
-6.74343
-6.74314
-6.74426
-6.74285
-6.73879
-6.72986
-6.7169
-6.69829
-6.68173
-6.67089
-6.66527
-6.6594
-6.65954
-6.65906
-6.65883
-6.65967
-6.66122
-6.66511
-6.66951
-6.679
-6.6844
-6.6911
-6.69511
-6.69613
-6.6974
-6.69403
-6.69186
-6.68665
-6.68312
-6.68317
-6.6803
-6.68377
-6.6918
-6.70162
-6.71644
-6.73558
-6.75521
-6.76836
-6.77592
-6.77432
-6.76089
-6.74169
-6.71349
-6.68151
-6.65281
-6.62541
-6.61029
-6.60261
-6.6022
-6.6095
-6.61863
-6.6301
-6.64085
-6.64865
-6.65601
-6.66292
-6.66907
-6.67835
-6.68673
-6.7025
-6.72133
-6.74371
-6.76656
-6.78767
-6.80578
-6.81916
-6.82284
-6.82314
-6.81347
-6.79502
-6.77149
-6.73933
-6.70662
-6.67646
-6.65026
-6.63048
-6.61718
-6.611
-6.60973
-6.61335
-6.61851
-6.62799
-6.64065
-6.65816
-6.67786
-6.70114
-6.72383
-6.74772
-6.76522
-6.77685
-6.78233
-6.77947
-6.76816
-6.7487
-6.72282
-6.69737
-6.67198
-6.64716
-6.63357
-6.62859
-6.6392
-6.66042
-6.68882
-6.71386
-6.73667
-6.75004
-6.75255
-6.7531
-6.74746
-6.73718
-6.72683
-6.71658
-6.70676
-6.69508
-6.68932
-6.68615
-6.68706
-6.69126
-6.69614
-6.70153
-6.70219
-6.69935
-6.69871
-6.69337
-6.6875
-6.67598
-6.66592
-6.65431
-6.64255
-6.63149
-6.62208
-6.61508
-6.61987
-6.63372
-6.65714
-6.68801
-6.72007
-6.75044
-6.77308
-6.79001
-6.79683
-6.79689
-6.7961
-6.79439
-6.79252
-6.78916
-6.78037
-6.7672
-6.74686
-6.71892
-6.68911
-6.65926
-6.62651
-6.59925
-6.58059
-6.56744
-6.56089
-6.5614
-6.56603
-6.57945
-6.60241
-6.6306
-6.66237
-6.6939
-6.72212
-6.74164
-6.75658
-6.76221
-6.76102
-6.7565
-6.74676
-6.73806
-6.73089
-6.73447
-6.73662
-6.74454
-6.74932
-6.74972
-6.74216
-6.73037
-6.71352
-6.69206
-6.6681
-6.64418
-6.62516
-6.61434
-6.61129
-6.61545
-6.62485
-6.63792
-6.64908
-6.66287
-6.67672
-6.68981
-6.69851
-6.706
-6.7066
-6.70386
-6.69723
-6.69012
-6.68719
-6.68688
-6.69103
-6.69444
-6.70297
-6.71253
-6.72378
-6.73738
-6.75311
-6.77072
-6.78182
-6.79207
-6.79771
-6.79164
-6.77937
-6.75648
-6.72652
-6.69592
-6.66542
-6.6419
-6.62604
-6.62088
-6.62428
-6.63137
-6.64317
-6.65453
-6.66483
-6.67379
-6.6814
-6.68622
-6.68692
-6.68266
-6.67807
-6.67477
-6.66982
-6.66702
-6.66485
-6.66757
-6.67188
-6.68126
-6.69501
-6.71411
-6.73765
-6.76547
-6.79177
-6.81598
-6.83647
-6.84477
-6.84533
-6.83233
-6.81285
-6.785
-6.75915
-6.73343
-6.71019
-6.69862
-6.6936
-6.6962
-6.70269
-6.71084
-6.71609
-6.71753
-6.71144
-6.69864
-6.67986
-6.65989
-6.63753
-6.62109
-6.60618
-6.59737
-6.59252
-6.59277
-6.59517
-6.60576
-6.62029
-6.638
-6.66416
-6.69308
-6.72177
-6.74988
-6.77521
-6.79366
-6.80504
-6.80778
-6.80026
-6.78701
-6.7673
-6.74083
-6.7088
-6.66999
-6.63842
-6.60927
-6.58975
-6.57994
-6.5778
-6.58417
-6.59468
-6.61
-6.62523
-6.6455
-6.66587
-6.68993
-6.71505
-6.73823
-6.75725
-6.76385
-6.76235
-6.75166
-6.73189
-6.70747
-6.68396
-6.66249
-6.64874
-6.64209
-6.64652
-6.65731
-6.67419
-6.69749
-6.72276
-6.74876
-6.77145
-6.7928
-6.8052
-6.8172
-6.82269
-6.82072
-6.81138
-6.79994
-6.78176
-6.75697
-6.72557
-6.68867
-6.65206
-6.61487
-6.58064
-6.55418
-6.54203
-6.54275
-6.54946
-6.56724
-6.59234
-6.62768
-6.66713
-6.70876
-6.75164
-6.78957
-6.82088
-6.84385
-6.85489
-6.85339
-6.83682
-6.80773
-6.77081
-6.72685
-6.67872
-6.63069
-6.5932
-6.56609
-6.55406
-6.55367
-6.56556
-6.5877
-6.6108
-6.63434
-6.65744
-6.6734
-6.6854
-6.68978
-6.68847
-6.68664
-6.68162
-6.67952
-6.68094
-6.68989
-6.70132
-6.71577
-6.7335
-6.75268
-6.76654
-6.77018
-6.76303
-6.74801
-6.7231
-6.692
-6.65748
-6.62568
-6.60199
-6.58666
-6.58219
-6.59058
-6.60821
-6.63574
-6.66888
-6.70211
-6.73586
-6.76525
-6.79055
-6.8096
-6.82332
-6.83004
-6.82565
-6.81407
-6.79589
-6.77407
-6.74726
-6.71912
-6.69073
-6.66606
-6.64434
-6.62723
-6.61719
-6.61211
-6.61393
-6.6209
-6.63509
-6.64949
-6.66452
-6.68149
-6.69491
-6.7083
-6.71633
-6.72155
-6.7195
-6.71381
-6.69838
-6.6784
-6.65715
-6.63504
-6.61723
-6.60575
-6.60576
-6.61696
-6.63579
-6.65743
-6.67885
-6.69525
-6.70483
-6.70977
-6.70992
-6.71024
-6.71039
-6.71085
-6.71379
-6.71762
-6.72223
-6.72214
-6.72234
-6.71986
-6.71062
-6.70094
-6.68895
-6.68426
-6.68093
-6.68428
-6.69222
-6.70441
-6.71768
-6.73186
-6.7395
-6.73997
-6.7334
-6.72306
-6.70669
-6.68715
-6.66707
-6.65195
-6.64101
-6.63684
-6.64173
-6.65429
-6.67446
-6.69678
-6.72207
-6.73937
-6.75431
-6.75836
-6.75104
-6.73769
-6.72048
-6.69925
-6.67972
-6.66251
-6.65156
-6.64437
-6.6453
-6.65229
-6.66792
-6.6927
-6.72539
-6.75971
-6.79248
-6.82118
-6.83833
-6.84718
-6.84281
-6.83062
-6.81539
-6.79013
-6.76273
-6.73152
-6.69657
-6.6642
-6.63115
-6.60626
-6.5898
-6.58202
-6.58433
-6.5901
-6.60354
-6.62166
-6.64065
-6.66238
-6.68365
-6.70198
-6.71399
-6.71949
-6.71274
-6.70126
-6.68588
-6.66591
-6.64547
-6.63127
-6.62157
-6.61723
-6.62162
-6.63296
-6.64863
-6.6683
-6.68592
-6.70253
-6.71619
-6.72605
-6.73319
-6.73802
-6.7405
-6.74226
-6.73915
-6.7318
-6.72128
-6.70646
-6.68753
-6.66621
-6.64892
-6.63392
-6.62426
-6.61834
-6.61656
-6.6215
-6.62946
-6.6401
-6.65375
-6.66941
-6.68192
-6.69341
-6.70479
-6.70871
-6.70849
-6.7025
-6.69264
-6.67892
-6.66394
-6.65014
-6.63726
-6.63142
-6.62845
-6.63181
-6.64115
-6.659
-6.68085
-6.70452
-6.73748
-6.76812
-6.79678
-6.8174
-6.83236
-6.83668
-6.83485
-6.82747
-6.8162
-6.80781
-6.80062
-6.79593
-6.78693
-6.77812
-6.76365
-6.74418
-6.72139
-6.69382
-6.66244
-6.63323
-6.60846
-6.58697
-6.56773
-6.55278
-6.54576
-6.54759
-6.56092
-6.58357
-6.61518
-6.6514
-6.6878
-6.71769
-6.73999
-6.7509
-6.75399
-6.74893
-6.73987
-6.72744
-6.71342
-6.70074
-6.69132
-6.68655
-6.68247
-6.68416
-6.68479
-6.68632
-6.68572
-6.68878
-6.69226
-6.6919
-6.68939
-6.68639
-6.68521
-6.68604
-6.68748
-6.68947
-6.68758
-6.68713
-6.68816
-6.68801
-6.69199
-6.69549
-6.69994
-6.70295
-6.70255
-6.69867
-6.69134
-6.68382
-6.67649
-6.66965
-6.66549
-6.66494
-6.66946
-6.67183
-6.67359
-6.67863
-6.68219
-6.68741
-6.69234
-6.70071
-6.70091
-6.6996
-6.69396
-6.6849
-6.67378
-6.66606
-6.65957
-6.66065
-6.66771
-6.67825
-6.69361
-6.71329
-6.73029
-6.75001
-6.77231
-6.78654
-6.79641
-6.80111
-6.79952
-6.7908
-6.77513
-6.75179
-6.72749
-6.70144
-6.68041
-6.66128
-6.64752
-6.6425
-6.64296
-6.64783
-6.65721
-6.66791
-6.67765
-6.68053
-6.68268
-6.68415
-6.68572
-6.68518
-6.68305
-6.6809
-6.67491
-6.66726
-6.66181
-6.65737
-6.65402
-6.65756
-6.66362
-6.67336
-6.68568
-6.69643
-6.70207
-6.71047
-6.71366
-6.71601
-6.71881
-6.72243
-6.72833
-6.73727
-6.74534
-6.75276
-6.7582
-6.75928
-6.75911
-6.76014
-6.75879
-6.75979
-6.75861
-6.75581
-6.75207
-6.74497
-6.73588
-6.72686
-6.7133
-6.70147
-6.69073
-6.67957
-6.6694
-6.6613
-6.65649
-6.65398
-6.65373
-6.65772
-6.66407
-6.66853
-6.67278
-6.67809
-6.68207
-6.68692
-6.69506
-6.70047
-6.71199
-6.72241
-6.73134
-6.73843
-6.74014
-6.73835
-6.7286
-6.71802
-6.7084
-6.70105
-6.70142
-6.70423
-6.71128
-6.71223
-6.70632
-6.698
-6.6834
-6.66496
-6.64531
-6.63029
-6.61978
-6.61755
-6.62161
-6.6344
-6.65067
-6.66951
-6.6881
-6.70596
-6.72755
-6.74537
-6.76404
-6.77403
-6.78176
-6.79087
-6.79444
-6.79686
-6.79678
-6.7932
-6.78622
-6.77982
-6.77151
-6.75867
-6.74071
-6.72207
-6.69633
-6.67324
-6.65559
-6.64383
-6.63837
-6.63586
-6.63385
-6.628
-6.62276
-6.61463
-6.6065
-6.59838
-6.5946
-6.59379
-6.59969
-6.60895
-6.62603
-6.64828
-6.67374
-6.6986
-6.7196
-6.74035
-6.75488
-6.76346
-6.76629
-6.76243
-6.75626
-6.75105
-6.74149
-6.73095
-6.72189
-6.7116
-6.69938
-6.68754
-6.67993
-6.67348
-6.6736
-6.67576
-6.68844
-6.7086
-6.73287
-6.76268
-6.78704
-6.80447
-6.81175
-6.80742
-6.7913
-6.76629
-6.73635
-6.70575
-6.67195
-6.64292
-6.61613
-6.59658
-6.58558
-6.58327
-6.593
-6.61185
-6.63404
-6.65826
-6.68119
-6.70111
-6.71912
-6.73668
-6.74581
-6.75295
-6.75515
-6.74947
-6.74022
-6.72419
-6.70369
-6.6821
-6.66477
-6.65188
-6.64684
-6.6451
-6.65388
-6.66125
-6.6706
-6.67715
-6.68197
-6.68387
-6.68773
-6.68811
-6.68688
-6.68802
-6.69211
-6.69405
-6.70077
-6.70763
-6.71321
-6.71691
-6.72456
-6.72829
-6.73178
-6.7316
-6.73058
-6.72909
-6.72802
-6.72979
-6.73088
-6.7335
-6.73585
-6.73667
-6.7338
-6.72943
-6.72091
-6.70939
-6.69662
-6.67999
-6.66466
-6.65357
-6.64288
-6.64142
-6.64943
-6.66406
-6.68475
-6.70648
-6.72273
-6.73422
-6.73846
-6.73581
-6.72767
-6.71959
-6.70888
-6.70051
-6.69447
-6.68773
-6.68277
-6.68217
-6.67804
-6.67883
-6.67593
-6.67586
-6.67592
-6.68082
-6.68205
-6.68698
-6.69546
-6.70923
-6.72188
-6.73612
-6.74709
-6.75135
-6.75171
-6.7447
-6.73396
-6.72107
-6.7103
-6.7034
-6.7018
-6.70361
-6.70954
-6.71372
-6.71502
-6.71434
-6.71019
-6.70083
-6.68292
-6.66227
-6.63924
-6.62142
-6.61101
-6.60719
-6.60836
-6.61423
-6.6229
-6.63374
-6.6435
-6.65313
-6.66129
-6.66717
-6.67026
-6.67548
-6.67852
-6.6816
-6.68128
-6.68043
-6.6763
-6.66976
-6.66301
-6.6551
-6.64632
-6.63908
-6.63333
-6.62931
-6.62859
-6.63342
-6.64137
-6.65611
-6.67751
-6.70125
-6.72984
-6.75987
-6.78791
-6.80913
-6.82563
-6.83143
-6.82867
-6.8166
-6.79924
-6.78057
-6.7648
-6.74916
-6.73874
-6.72767
-6.71979
-6.71564
-6.70887
-6.69952
-6.68665
-6.67349
-6.65688
-6.63971
-6.62302
-6.61002
-6.59992
-6.59594
-6.59908
-6.60942
-6.62711
-6.64894
-6.6718
-6.69569
-6.7212
-6.73924
-6.7576
-6.77017
-6.77952
-6.78733
-6.7905
-6.79008
-6.78947
-6.7832
-6.76496
-6.74055
-6.71161
-6.68288
-6.65585
-6.63241
-6.61378
-6.60108
-6.59746
-6.59749
-6.60356
-6.60994
-6.61638
-6.62325
-6.62914
-6.63522
-6.64015
-6.64609
-6.64866
-6.65156
-6.6519
-6.65403
-6.65506
-6.65934
-6.66298
-6.67309
-6.68619
-6.70479
-6.7276
-6.7478
-6.76522
-6.77723
-6.78446
-6.78114
-6.77485
-6.76088
-6.74586
-6.73032
-6.71892
-6.71178
-6.70994
-6.71258
-6.71975
-6.72338
-6.72695
-6.72651
-6.72284
-6.71994
-6.71619
-6.71381
-6.70795
-6.70276
-6.70011
-6.69417
-6.69019
-6.68279
-6.67652
-6.67227
-6.66704
-6.66438
-6.6631
-6.6623
-6.66445
-6.66862
-6.67443
-6.68233
-6.69066
-6.69761
-6.70417
-6.71391
-6.72598
-6.73959
-6.75515
-6.76782
-6.77967
-6.78604
-6.78225
-6.77507
-6.76366
-6.748
-6.72992
-6.71477
-6.70532
-6.69819
-6.68902
-6.68172
-6.67368
-6.66526
-6.65675
-6.64998
-6.64232
-6.6375
-6.62929
-6.62122
-6.61559
-6.61011
-6.60653
-6.60612
-6.61109
-6.62157
-6.63971
-6.65797
-6.67767
-6.69352
-6.7057
-6.71407
-6.71844
-6.71543
-6.71128
-6.70287
-6.69565
-6.68764
-6.6814
-6.6786
-6.67899
-6.68572
-6.69657
-6.71063
-6.73021
-6.74947
-6.7659
-6.77968
-6.7849
-6.78446
-6.77778
-6.76747
-6.7557
-6.74371
-6.73261
-6.7249
-6.71814
-6.70639
-6.69301
-6.67302
-6.65075
-6.6264
-6.60378
-6.5888
-6.58673
-6.59281
-6.60555
-6.62374
-6.64925
-6.67752
-6.70471
-6.73671
-6.76341
-6.78632
-6.79948
-6.80444
-6.79692
-6.78037
-6.75243
-6.72059
-6.68994
-6.66613
-6.64806
-6.63645
-6.63115
-6.62624
-6.6183
-6.61174
-6.60358
-6.59311
-6.58251
-6.57731
-6.57189
-6.571
-6.57197
-6.58216
-6.60067
-6.63128
-6.66479
-6.70285
-6.7361
-6.76829
-6.7893
-6.80183
-6.80751
-6.80297
-6.79689
-6.79139
-6.78692
-6.78764
-6.7917
-6.80169
-6.80711
-6.80574
-6.7976
-6.78232
-6.76116
-6.73799
-6.71076
-6.68229
-6.65945
-6.64043
-6.62567
-6.61945
-6.62117
-6.63014
-6.64786
-6.67297
-6.69727
-6.72281
-6.73964
-6.75411
-6.7595
-6.75649
-6.74451
-6.72905
-6.7075
-6.6838
-6.66061
-6.6402
-6.62633
-6.61647
-6.61275
-6.61538
-6.62726
-6.63891
-6.65254
-6.66653
-6.67783
-6.68725
-6.68981
-6.68771
-6.68283
-6.67079
-6.65929
-6.64685
-6.63698
-6.63142
-6.62838
-6.63456
-6.6465
-6.66211
-6.68051
-6.70101
-6.71266
-6.72013
-6.72217
-6.71848
-6.70819
-6.692
-6.67871
-6.66679
-6.65757
-6.65404
-6.65701
-6.66277
-6.67362
-6.68563
-6.69833
-6.71051
-6.72124
-6.73065
-6.74164
-6.74786
-6.75767
-6.76741
-6.77667
-6.78484
-6.78831
-6.79093
-6.78877
-6.78511
-6.77649
-6.76502
-6.75768
-6.75066
-6.74347
-6.73617
-6.72659
-6.71469
-6.69926
-6.68558
-6.66849
-6.65454
-6.644
-6.63422
-6.62853
-6.62833
-6.63177
-6.63915
-6.64826
-6.65929
-6.66601
-6.67208
-6.67678
-6.67969
-6.68595
-6.69635
-6.71066
-6.727
-6.74264
-6.75627
-6.76754
-6.77295
-6.77341
-6.76714
-6.75683
-6.74224
-6.72698
-6.71061
-6.69282
-6.67581
-6.66325
-6.65744
-6.65511
-6.65952
-6.66692
-6.67749
-6.68671
-6.69186
-6.69466
-6.69407
-6.69121
-6.68922
-6.68833
-6.68586
-6.68527
-6.67985
-6.68239
-6.68578
-6.69149
-6.69967
-6.70547
-6.70863
-6.70928
-6.70974
-6.70652
-6.70779
-6.71235
-6.72082
-6.73294
-6.74552
-6.75514
-6.76294
-6.76205
-6.75658
-6.74849
-6.7358
-6.7255
-6.71468
-6.70524
-6.69711
-6.69106
-6.68549
-6.68101
-6.68185
-6.68544
-6.6931
-6.70226
-6.71176
-6.72136
-6.73037
-6.73258
-6.73099
-6.7224
-6.70964
-6.691
-6.66817
-6.64836
-6.63522
-6.63115
-6.63876
-6.65226
-6.67123
-6.69449
-6.71731
-6.73898
-6.75671
-6.77107
-6.77984
-6.77895
-6.77506
-6.76422
-6.74979
-6.72822
-6.70298
-6.67246
-6.64282
-6.61279
-6.59438
-6.58635
-6.58853
-6.60492
-6.62884
-6.66003
-6.69109
-6.72016
-6.74153
-6.75724
-6.76618
-6.76855
-6.76664
-6.76054
-6.75473
-6.74556
-6.73737
-6.72806
-6.71951
-6.71009
-6.69624
-6.68235
-6.6665
-6.64845
-6.63471
-6.62286
-6.61599
-6.61355
-6.61508
-6.62001
-6.63282
-6.64763
-6.66116
-6.67627
-6.68623
-6.69338
-6.69596
-6.69772
-6.69828
-6.69877
-6.70273
-6.70905
-6.717
-6.72482
-6.73247
-6.73802
-6.7403
-6.74341
-6.74198
-6.74053
-6.73566
-6.72666
-6.71474
-6.70161
-6.68807
-6.67891
-6.67103
-6.67078
-6.67515
-6.68041
-6.68948
-6.69142
-6.69047
-6.68291
-6.67507
-6.66155
-6.64956
-6.63666
-6.63184
-6.63257
-6.64065
-6.65261
-6.66521
-6.683
-6.70154
-6.71722
-6.73763
-6.7587
-6.7793
-6.79542
-6.80235
-6.80179
-6.79199
-6.77685
-6.75406
-6.72843
-6.70111
-6.67753
-6.66115
-6.65225
-6.65109
-6.65753
-6.66958
-6.68824
-6.70861
-6.72922
-6.74457
-6.75322
-6.75351
-6.75005
-6.74181
-6.73398
-6.7282
-6.72217
-6.71807
-6.71271
-6.71102
-6.70808
-6.70442
-6.69997
-6.6955
-6.69008
-6.68487
-6.68091
-6.67996
-6.67793
-6.67729
-6.68068
-6.685
-6.68696
-6.68966
-6.69151
-6.6909
-6.68617
-6.67981
-6.6693
-6.66001
-6.64988
-6.64075
-6.63546
-6.6347
-6.63328
-6.63008
-6.62545
-6.62357
-6.61866
-6.61318
-6.60994
-6.61033
-6.61259
-6.62027
-6.62942
-6.64356
-6.66257
-6.68352
-6.70277
-6.72049
-6.73269
-6.74629
-6.75403
-6.76172
-6.76537
-6.76734
-6.76959
-6.76629
-6.76326
-6.75971
-6.75189
-6.74364
-6.73489
-6.72532
-6.71682
-6.70431
-6.68874
-6.67717
-6.6698
-6.66555
-6.66846
-6.6783
-6.68772
-6.69786
-6.70497
-6.71122
-6.71299
-6.71561
-6.71468
-6.71359
-6.71219
-6.70962
-6.70534
-6.70115
-6.69769
-6.69078
-6.67995
-6.66979
-6.65873
-6.65095
-6.64197
-6.63565
-6.6341
-6.63735
-6.64577
-6.65809
-6.67213
-6.68674
-6.69759
-6.71029
-6.71583
-6.71835
-6.7196
-6.7203
-6.71664
-6.71596
-6.70962
-6.70097
-6.69187
-6.68251
-6.67572
-6.66899
-6.66511
-6.66346
-6.66103
-6.66276
-6.66414
-6.66622
-6.66766
-6.67065
-6.67496
-6.68033
-6.68488
-6.69328
-6.69866
-6.70073
-6.70015
-6.69545
-6.69009
-6.68985
-6.69531
-6.70674
-6.72669
-6.7423
-6.75829
-6.76669
-6.76397
-6.75716
-6.74338
-6.7214
-6.69756
-6.6801
-6.66886
-6.66416
-6.66522
-6.67424
-6.68436
-6.69793
-6.71165
-6.72191
-6.72913
-6.73684
-6.74386
-6.74815
-6.749
-6.74838
-6.74284
-6.73774
-6.73042
-6.71749
-6.70855
-6.69911
-6.69097
-6.68677
-6.68466
-6.68514
-6.68454
-6.68569
-6.68349
-6.67683
-6.66348
-6.64735
-6.63193
-6.61427
-6.60022
-6.59331
-6.59284
-6.60146
-6.61928
-6.64424
-6.67574
-6.70766
-6.73782
-6.76174
-6.77402
-6.77641
-6.77161
-6.75713
-6.73323
-6.7068
-6.67943
-6.65549
-6.6412
-6.63802
-6.64555
-6.65965
-6.68243
-6.70311
-6.719
-6.73077
-6.7341
-6.73297
-6.72515
-6.71323
-6.69963
-6.68987
-6.68525
-6.68819
-6.6986
-6.71077
-6.72112
-6.72422
-6.7231
-6.71405
-6.69906
-6.68516
-6.67379
-6.66631
-6.66762
-6.67548
-6.69096
-6.71146
-6.73632
-6.7615
-6.7862
-6.8119
-6.82667
-6.83375
-6.83235
-6.82179
-6.80633
-6.78162
-6.7546
-6.72272
-6.68801
-6.65136
-6.62086
-6.60044
-6.58962
-6.58936
-6.59612
-6.60401
-6.61128
-6.61402
-6.6163
-6.61456
-6.61358
-6.61262
-6.61648
-6.6241
-6.63431
-6.6465
-6.66408
-6.67957
-6.69515
-6.70723
-6.71214
-6.7134
-6.70863
-6.70362
-6.69492
-6.68498
-6.67443
-6.66702
-6.66113
-6.65949
-6.66357
-6.67411
-6.68835
-6.70373
-6.72268
-6.73478
-6.74364
-6.74778
-6.74534
-6.73242
-6.7148
-6.6937
-6.66985
-6.65189
-6.63856
-6.63585
-6.64419
-6.65789
-6.68028
-6.70582
-6.73358
-6.76044
-6.78817
-6.80623
-6.82237
-6.82624
-6.81845
-6.80369
-6.78221
-6.75765
-6.73484
-6.71703
-6.7057
-6.69941
-6.69542
-6.68956
-6.67855
-6.65906
-6.63604
-6.6112
-6.59318
-6.58557
-6.59109
-6.60907
-6.63701
-6.67099
-6.70163
-6.72749
-6.7431
-6.75034
-6.74566
-6.73059
-6.7049
-6.67451
-6.6434
-6.62249
-6.61266
-6.62164
-6.64258
-6.67292
-6.71068
-6.74696
-6.77908
-6.79971
-6.81017
-6.80898
-6.80054
-6.78687
-6.76851
-6.74744
-6.72263
-6.69826
-6.67451
-6.65096
-6.63527
-6.62571
-6.62749
-6.6313
-6.63907
-6.65132
-6.66474
-6.68065
-6.69424
-6.70477
-6.71296
-6.71637
-6.71469
-6.71022
-6.704
-6.70428
-6.70692
-6.71236
-6.7192
-6.72417
-6.73007
-6.72895
-6.71856
-6.70512
-6.68967
-6.66931
-6.64991
-6.62915
-6.6125
-6.59866
-6.59379
-6.59978
-6.6144
-6.63492
-6.66197
-6.6909
-6.7197
-6.74158
-6.75868
-6.76988
-6.77299
-6.77444
-6.77086
-6.76615
-6.75868
-6.74713
-6.73267
-6.71844
-6.70349
-6.69189
-6.68839
-6.69159
-6.69867
-6.70865
-6.7221
-6.73808
-6.75681
-6.76985
-6.78294
-6.79678
-6.80417
-6.80537
-6.80158
-6.78841
-6.769
-6.74462
-6.72556
-6.70979
-6.69474
-6.68342
-6.67175
-6.65923
-6.64265
-6.62452
-6.60716
-6.5971
-6.59435
-6.59908
-6.61244
-6.63304
-6.65142
-6.66854
-6.683
-6.69146
-6.69649
-6.69153
-6.68633
-6.68394
-6.6863
-6.69601
-6.7091
-6.72346
-6.73525
-6.73893
-6.73795
-6.73248
-6.71833
-6.70254
-6.68463
-6.66493
-6.6501
-6.6328
-6.61725
-6.59945
-6.58526
-6.57594
-6.57228
-6.58137
-6.59517
-6.61864
-6.64398
-6.66744
-6.69133
-6.70754
-6.71728
-6.72339
-6.73064
-6.73286
-6.73583
-6.73509
-6.73384
-6.73265
-6.73171
-6.73008
-6.73054
-6.73326
-6.73997
-6.74846
-6.75911
-6.76559
-6.76517
-6.75755
-6.74029
-6.7183
-6.69433
-6.66743
-6.64638
-6.63464
-6.63482
-6.64592
-6.66474
-6.68563
-6.71173
-6.73458
-6.75468
-6.77072
-6.77929
-6.77902
-6.77363
-6.76449
-6.74896
-6.72779
-6.70306
-6.67336
-6.64583
-6.62464
-6.6091
-6.60126
-6.5967
-6.59734
-6.60399
-6.613
-6.62339
-6.63683
-6.65014
-6.65734
-6.6671
-6.68045
-6.69439
-6.70871
-6.72757
-6.74342
-6.75419
-6.7627
-6.76585
-6.76441
-6.75995
-6.75092
-6.74466
-6.73502
-6.7268
-6.71953
-6.7157
-6.71685
-6.72144
-6.72806
-6.7353
-6.74109
-6.74637
-6.74591
-6.74217
-6.7373
-6.72748
-6.71731
-6.70527
-6.68945
-6.6754
-6.65967
-6.64454
-6.63306
-6.62572
-6.62331
-6.62736
-6.63443
-6.64479
-6.65919
-6.67822
-6.69792
-6.71968
-6.74087
-6.75925
-6.76949
-6.77127
-6.76555
-6.75388
-6.73218
-6.70724
-6.68493
-6.66014
-6.63864
-6.62404
-6.6223
-6.63131
-6.65182
-6.67988
-6.71337
-6.74682
-6.77459
-6.79676
-6.81297
-6.81765
-6.81427
-6.80583
-6.79207
-6.77672
-6.75602
-6.73243
-6.70562
-6.67583
-6.64628
-6.62365
-6.60837
-6.59994
-6.59505
-6.59466
-6.59799
-6.59914
-6.60045
-6.60198
-6.60633
-6.61455
-6.62847
-6.65018
-6.67507
-6.70086
-6.72535
-6.74534
-6.75853
-6.76507
-6.76025
-6.75021
-6.73125
-6.71326
-6.69502
-6.67583
-6.66021
-6.65024
-6.64671
-6.65137
-6.66283
-6.68279
-6.70706
-6.73914
-6.77209
-6.80195
-6.82501
-6.8366
-6.83752
-6.83185
-6.82022
-6.80206
-6.78242
-6.76321
-6.74217
-6.72219
-6.70384
-6.68673
-6.67013
-6.66066
-6.65277
-6.64908
-6.64884
-6.65583
-6.66674
-6.67929
-6.69733
-6.71139
-6.72232
-6.72702
-6.72484
-6.71957
-6.71392
-6.70902
-6.70676
-6.70711
-6.71
-6.71524
-6.71497
-6.71145
-6.70473
-6.69226
-6.67549
-6.65724
-6.64165
-6.62786
-6.61703
-6.6091
-6.60769
-6.61514
-6.63213
-6.65527
-6.67764
-6.70143
-6.71904
-6.73163
-6.73753
-6.73615
-6.72995
-6.71766
-6.69987
-6.67918
-6.66014
-6.64517
-6.6386
-6.6419
-6.65466
-6.67122
-6.69578
-6.72187
-6.74639
-6.76874
-6.78645
-6.79993
-6.80708
-6.80748
-6.79795
-6.78673
-6.76899
-6.74812
-6.72602
-6.7041
-6.68267
-6.66672
-6.653
-6.64577
-6.64342
-6.64658
-6.64969
-6.65762
-6.6629
-6.6659
-6.66848
-6.67162
-6.6727
-6.6754
-6.6772
-6.68184
-6.68589
-6.6904
-6.69367
-6.69465
-6.69762
-6.69918
-6.69891
-6.69475
-6.68728
-6.67375
-6.65938
-6.64266
-6.62533
-6.61535
-6.60979
-6.61345
-6.62361
-6.64085
-6.66629
-6.69347
-6.72046
-6.74832
-6.77178
-6.7886
-6.79783
-6.79688
-6.78743
-6.76861
-6.74723
-6.71923
-6.69372
-6.67217
-6.65678
-6.64572
-6.64048
-6.63911
-6.64446
-6.65502
-6.6695
-6.69041
-6.70992
-6.72799
-6.7518
-6.77242
-6.78757
-6.79857
-6.80657
-6.80741
-6.80872
-6.80537
-6.79984
-6.79128
-6.78218
-6.77261
-6.76155
-6.74458
-6.72504
-6.70747
-6.69888
-6.69856
-6.70256
-6.70636
-6.70577
-6.70135
-6.69308
-6.68327
-6.67488
-6.67079
-6.66596
-6.66579
-6.66572
-6.67148
-6.6799
-6.69057
-6.69951
-6.70626
-6.70799
-6.7051
-6.69235
-6.6726
-6.65316
-6.63084
-6.61196
-6.59566
-6.58132
-6.57607
-6.57577
-6.5821
-6.59584
-6.61394
-6.63353
-6.65595
-6.67347
-6.68298
-6.68886
-6.69089
-6.69391
-6.6998
-6.70731
-6.71466
-6.72091
-6.72518
-6.72717
-6.72601
-6.72371
-6.72044
-6.71661
-6.71594
-6.71557
-6.71865
-6.71851
-6.71709
-6.70888
-6.69261
-6.67243
-6.65337
-6.63277
-6.61486
-6.60105
-6.59408
-6.59537
-6.60098
-6.61123
-6.62737
-6.64558
-6.66619
-6.68735
-6.70768
-6.73155
-6.74917
-6.77105
-6.78739
-6.80365
-6.80846
-6.80332
-6.78954
-6.76914
-6.74469
-6.72124
-6.70468
-6.69769
-6.70083
-6.71485
-6.73466
-6.7531
-6.77241
-6.78614
-6.79275
-6.78967
-6.77543
-6.75157
-6.71806
-6.68017
-6.63932
-6.60493
-6.57449
-6.55383
-6.54699
-6.54763
-6.55994
-6.57977
-6.60475
-6.6284
-6.65095
-6.66505
-6.67099
-6.67114
-6.66666
-6.66312
-6.66193
-6.6648
-6.67013
-6.6801
-6.68872
-6.69841
-6.70777
-6.72109
-6.73723
-6.75411
-6.77632
-6.79635
-6.8139
-6.82493
-6.83081
-6.82643
-6.81766
-6.8049
-6.78849
-6.76904
-6.74622
-6.72684
-6.71012
-6.69592
-6.68525
-6.67287
-6.66384
-6.65437
-6.64739
-6.64686
-6.65028
-6.65602
-6.6634
-6.67249
-6.67989
-6.68328
-6.67982
-6.67417
-6.66732
-6.66033
-6.65407
-6.65177
-6.65341
-6.66121
-6.67074
-6.68563
-6.70115
-6.71882
-6.73866
-6.75972
-6.77376
-6.78234
-6.78063
-6.77167
-6.75097
-6.72201
-6.68504
-6.64574
-6.60703
-6.57295
-6.54767
-6.52999
-6.52854
-6.53785
-6.56
-6.59406
-6.62844
-6.66842
-6.70411
-6.73331
-6.75956
-6.77528
-6.78416
-6.78697
-6.77864
-6.76263
-6.73961
-6.71192
-6.68078
-6.65251
-6.63066
-6.61933
-6.6192
-6.63078
-6.65112
-6.6821
-6.71334
-6.74505
-6.76586
-6.78101
-6.78415
-6.77573
-6.76077
-6.74501
-6.72729
-6.71637
-6.71009
-6.70991
-6.71349
-6.71997
-6.72815
-6.7388
-6.74805
-6.7538
-6.75431
-6.75083
-6.7459
-6.73375
-6.71581
-6.69864
-6.68271
-6.6717
-6.6619
-6.65487
-6.65242
-6.65225
-6.65731
-6.66472
-6.67159
-6.67592
-6.683
-6.68681
-6.68858
-6.68957
-6.69002
-6.68904
-6.68658
-6.68263
-6.6732
-6.66208
-6.64926
-6.63663
-6.6266
-6.62316
-6.62758
-6.64027
-6.6621
-6.68656
-6.71783
-6.74853
-6.77946
-6.80736
-6.82443
-6.8338
-6.83642
-6.82389
-6.79983
-6.76629
-6.72771
-6.68758
-6.65243
-6.62376
-6.60701
-6.59464
-6.59457
-6.5989
-6.61166
-6.6272
-6.64848
-6.67091
-6.69818
-6.72045
-6.74038
-6.75487
-6.76285
-6.76602
-6.7674
-6.76654
-6.76004
-6.75099
-6.7342
-6.71618
-6.69689
-6.67677
-6.65546
-6.63386
-6.61586
-6.60186
-6.59271
-6.58883
-6.59056
-6.59984
-6.61619
-6.64224
-6.67459
-6.70487
-6.73471
-6.75594
-6.7665
-6.76917
-6.76281
-6.75242
-6.73793
-6.72536
-6.7151
-6.70943
-6.70572
-6.70527
-6.7083
-6.70956
-6.71007
-6.70836
-6.70834
-6.70626
-6.70357
-6.69985
-6.6957
-6.69041
-6.6908
-6.69243
-6.69558
-6.70191
-6.70309
-6.69997
-6.69436
-6.68766
-6.68201
-6.67586
-6.66863
-6.66329
-6.65843
-6.65461
-6.65275
-6.65768
-6.66711
-6.68358
-6.70098
-6.72209
-6.74178
-6.75733
-6.76854
-6.77016
-6.76689
-6.75659
-6.7389
-6.71758
-6.69322
-6.67183
-6.65347
-6.64112
-6.63927
-6.64709
-6.66497
-6.68985
-6.71642
-6.73797
-6.75622
-6.76603
-6.76579
-6.75983
-6.74974
-6.73502
-6.71964
-6.70973
-6.70016
-6.69545
-6.69731
-6.70123
-6.70646
-6.71323
-6.71564
-6.7158
-6.71226
-6.70884
-6.70588
-6.70303
-6.70154
-6.69669
-6.6928
-6.68717
-6.68086
-6.6685
-6.65267
-6.63568
-6.61881
-6.60509
-6.59835
-6.60199
-6.61585
-6.63724
-6.66695
-6.69612
-6.72448
-6.74968
-6.77321
-6.78559
-6.79346
-6.7923
-6.78567
-6.77597
-6.76433
-6.75249
-6.74205
-6.73698
-6.7323
-6.73053
-6.72767
-6.72395
-6.7184
-6.70805
-6.6979
-6.68881
-6.67762
-6.66759
-6.65956
-6.65477
-6.64869
-6.64118
-6.63406
-6.62653
-6.61661
-6.6078
-6.60394
-6.60361
-6.61493
-6.63647
-6.66426
-6.69541
-6.72873
-6.75496
-6.77477
-6.78548
-6.7836
-6.77188
-6.75637
-6.73471
-6.70796
-6.67811
-6.65359
-6.63401
-6.62488
-6.62751
-6.64231
-6.66515
-6.69287
-6.71832
-6.74026
-6.75967
-6.77214
-6.7804
-6.78302
-6.7788
-6.77159
-6.75708
-6.74218
-6.72329
-6.70322
-6.68304
-6.66266
-6.64454
-6.62572
-6.60862
-6.59255
-6.58303
-6.58205
-6.58707
-6.59746
-6.61288
-6.63527
-6.66139
-6.68536
-6.70848
-6.72577
-6.74326
-6.75348
-6.76336
-6.76844
-6.77135
-6.77024
-6.76861
-6.76684
-6.7617
-6.7526
-6.74064
-6.72661
-6.71403
-6.69969
-6.68909
-6.68232
-6.67602
-6.67916
-6.68414
-6.69267
-6.70082
-6.70855
-6.71447
-6.71829
-6.71831
-6.7154
-6.70725
-6.69838
-6.69105
-6.68191
-6.67391
-6.66714
-6.6648
-6.66034
-6.65687
-6.65498
-6.65243
-6.65007
-6.65163
-6.65114
-6.64992
-6.6486
-6.6463
-6.64418
-6.64732
-6.64956
-6.65407
-6.66214
-6.67397
-6.68601
-6.69892
-6.70965
-6.71566
-6.717
-6.71596
-6.70936
-6.69936
-6.69061
-6.68279
-6.67669
-6.67501
-6.67419
-6.67215
-6.67139
-6.67191
-6.67217
-6.66822
-6.66211
-6.65243
-6.64178
-6.62803
-6.62029
-6.61843
-6.62276
-6.63463
-6.65486
-6.68119
-6.70853
-6.73626
-6.75577
-6.77134
-6.782
-6.78888
-6.79019
-6.78956
-6.78336
-6.77546
-6.75669
-6.72809
-6.69309
-6.65611
-6.61867
-6.58806
-6.56616
-6.55491
-6.55912
-6.57336
-6.60403
-6.63983
-6.67593
-6.70659
-6.73614
-6.75355
-6.76258
-6.76304
-6.76015
-6.75199
-6.74168
-6.72784
-6.71626
-6.70602
-6.70464
-6.70637
-6.71674
-6.73532
-6.75604
-6.77843
-6.79571
-6.8058
-6.80601
-6.80024
-6.78829
-6.77525
-6.75638
-6.73717
-6.71662
-6.6935
-6.67378
-6.65541
-6.6379
-6.62498
-6.6168
-6.61031
-6.60666
-6.60568
-6.60442
-6.60961
-6.61639
-6.62576
-6.63289
-6.64222
-6.65009
-6.65773
-6.66446
-6.66515
-6.66015
-6.6525
-6.64306
-6.63029
-6.61816
-6.61352
-6.61523
-6.62482
-6.63978
-6.66445
-6.68978
-6.72169
-6.75277
-6.78303
-6.80986
-6.83295
-6.84689
-6.85284
-6.84883
-6.84105
-6.83396
-6.82434
-6.81688
-6.81269
-6.81023
-6.80636
-6.80139
-6.79026
-6.77616
-6.75568
-6.73173
-6.70587
-6.68644
-6.67323
-6.66369
-6.66199
-6.6624
-6.66755
-6.6761
-6.68015
-6.68514
-6.68568
-6.68505
-6.68042
-6.67508
-6.66247
-6.65172
-6.63908
-6.62917
-6.62237
-6.62346
-6.62764
-6.63563
-6.64449
-6.64958
-6.65322
-6.65705
-6.65852
-6.6591
-6.65899
-6.65698
-6.65455
-6.65235
-6.6517
-6.65678
-6.66762
-6.67689
-6.68913
-6.69986
-6.70592
-6.71334
-6.71688
-6.71891
-6.72172
-6.72368
-6.72589
-6.72276
-6.71932
-6.7143
-6.70915
-6.70281
-6.69655
-6.6951
-6.69617
-6.70083
-6.70855
-6.71482
-6.7237
-6.7247
-6.72391
-6.72165
-6.71695
-6.7131
-6.70832
-6.71057
-6.71752
-6.72874
-6.74228
-6.7538
-6.76409
-6.76507
-6.75691
-6.73985
-6.71867
-6.69434
-6.66802
-6.64242
-6.62703
-6.62067
-6.62169
-6.62578
-6.63851
-6.65318
-6.67002
-6.69039
-6.70726
-6.71988
-6.73008
-6.73772
-6.73781
-6.73338
-6.7299
-6.7254
-6.72331
-6.72714
-6.73174
-6.73903
-6.74509
-6.74768
-6.74652
-6.73853
-6.73088
-6.72483
-6.7196
-6.71339
-6.70737
-6.70283
-6.69577
-6.68846
-6.68506
-6.6834
-6.68533
-6.69311
-6.70082
-6.70821
-6.70774
-6.70486
-6.69766
-6.68761
-6.67146
-6.64924
-6.62894
-6.61271
-6.59946
-6.59226
-6.58947
-6.59153
-6.59778
-6.61111
-6.62812
-6.65025
-6.67709
-6.7024
-6.72373
-6.74029
-6.74813
-6.74675
-6.73926
-6.72779
-6.71195
-6.69879
-6.68751
-6.68661
-6.69114
-6.70345
-6.71905
-6.73837
-6.75516
-6.77028
-6.78541
-6.7929
-6.80135
-6.80621
-6.81022
-6.81121
-6.8061
-6.79424
-6.77453
-6.75009
-6.71801
-6.68015
-6.64539
-6.61637
-6.59569
-6.58634
-6.59221
-6.60892
-6.63197
-6.65853
-6.68296
-6.6999
-6.7132
-6.71636
-6.7125
-6.70607
-6.70169
-6.69733
-6.69258
-6.68727
-6.6775
-6.66645
-6.65385
-6.64312
-6.63626
-6.63631
-6.64456
-6.66064
-6.6815
-6.7045
-6.72437
-6.74151
-6.7488
-6.74442
-6.73301
-6.71614
-6.69569
-6.67343
-6.65428
-6.64401
-6.64375
-6.65397
-6.66893
-6.68772
-6.70533
-6.71856
-6.72841
-6.73048
-6.72492
-6.71642
-6.70638
-6.69643
-6.68492
-6.67911
-6.67283
-6.67249
-6.67915
-6.6898
-6.69705
-6.70372
-6.70095
-6.69325
-6.68225
-6.66923
-6.65983
-6.65359
-6.65418
-6.66059
-6.67032
-6.68026
-6.68853
-6.69128
-6.6921
-6.68839
-6.68307
-6.67706
-6.67418
-6.67697
-6.68387
-6.69571
-6.7162
-6.73672
-6.76319
-6.7879
-6.80992
-6.83123
-6.84911
-6.86114
-6.86675
-6.86815
-6.86067
-6.84346
-6.81855
-6.78745
-6.75156
-6.70802
-6.66686
-6.62822
-6.59787
-6.57381
-6.55619
-6.55165
-6.55324
-6.56213
-6.57544
-6.59769
-6.62304
-6.64855
-6.67796
-6.7017
-6.71836
-6.72618
-6.72508
-6.71801
-6.70734
-6.69636
-6.68531
-6.67937
-6.67779
-6.68218
-6.69229
-6.70493
-6.72144
-6.736
-6.7469
-6.7522
-6.7558
-6.75545
-6.75
-6.74372
-6.73436
-6.72335
-6.71419
-6.70702
-6.70152
-6.70225
-6.70414
-6.70668
-6.70798
-6.70827
-6.70402
-6.69991
-6.69208
-6.68986
-6.68523
-6.68495
-6.69394
-6.70789
-6.72983
-6.75188
-6.77625
-6.79733
-6.81138
-6.82167
-6.82424
-6.81914
-6.80712
-6.78886
-6.76564
-6.73987
-6.71555
-6.68737
-6.65865
-6.62911
-6.60027
-6.57704
-6.55917
-6.54822
-6.54413
-6.54681
-6.55768
-6.57208
-6.58984
-6.60934
-6.62981
-6.6492
-6.6695
-6.68887
-6.70826
-6.72852
-6.74647
-6.76048
-6.76765
-6.76466
-6.7558
-6.74193
-6.72366
-6.70716
-6.6926
-6.68218
-6.67704
-6.68122
-6.69192
-6.70824
-6.7275
-6.74728
-6.76427
-6.77442
-6.77652
-6.77086
-6.75888
-6.74042
-6.71929
-6.69908
-6.68234
-6.67182
-6.66576
-6.66217
-6.65869
-6.65192
-6.6444
-6.63938
-6.63262
-6.62858
-6.62513
-6.62418
-6.63348
-6.64739
-6.66841
-6.69288
-6.71987
-6.74112
-6.75924
-6.76973
-6.77162
-6.76981
-6.75857
-6.74489
-6.72304
-6.70678
-6.69037
-6.68115
-6.67701
-6.67551
-6.67783
-6.68442
-6.69548
-6.70925
-6.72646
-6.74436
-6.76255
-6.77737
-6.78745
-6.78938
-6.78226
-6.77369
-6.76434
-6.75724
-6.74868
-6.7377
-6.72259
-6.70374
-6.68154
-6.66275
-6.6532
-6.65357
-6.66228
-6.67958
-6.69969
-6.72048
-6.73771
-6.75322
-6.76622
-6.77241
-6.77317
-6.7671
-6.75224
-6.72903
-6.7056
-6.68072
-6.65505
-6.63191
-6.61237
-6.59531
-6.58356
-6.58014
-6.58036
-6.58707
-6.60263
-6.62159
-6.64722
-6.67508
-6.69951
-6.71854
-6.72884
-6.72733
-6.71913
-6.70504
-6.69091
-6.6767
-6.66547
-6.65974
-6.65801
-6.6607
-6.66683
-6.67706
-6.68652
-6.69916
-6.70892
-6.71839
-6.72032
-6.71946
-6.71492
-6.70773
-6.69896
-6.68628
-6.6795
-6.67354
-6.67065
-6.67065
-6.6752
-6.68227
-6.6897
-6.69822
-6.70244
-6.70764
-6.71032
-6.71281
-6.71613
-6.71748
-6.719
-6.72159
-6.72174
-6.71951
-6.71429
-6.71074
-6.70875
-6.70954
-6.71474
-6.72438
-6.73583
-6.74188
-6.7475
-6.74893
-6.74467
-6.73549
-6.72289
-6.71129
-6.70012
-6.68991
-6.68151
-6.67821
-6.6743
-6.6744
-6.67549
-6.67631
-6.6794
-6.68239
-6.68522
-6.69021
-6.69623
-6.70413
-6.71056
-6.7137
-6.71084
-6.70834
-6.69888
-6.68992
-6.6811
-6.67469
-6.675
-6.68078
-6.6907
-6.70184
-6.71377
-6.7258
-6.73538
-6.73974
-6.74362
-6.74514
-6.74814
-6.75227
-6.75387
-6.74926
-6.73955
-6.72314
-6.70087
-6.67032
-6.63638
-6.6053
-6.58365
-6.5718
-6.57548
-6.58722
-6.60322
-6.62131
-6.63521
-6.64841
-6.6606
-6.67164
-6.6822
-6.69305
-6.70296
-6.71616
-6.72846
-6.73797
-6.74592
-6.75214
-6.75361
-6.75421
-6.75157
-6.74548
-6.738
-6.7307
-6.72159
-6.71463
-6.71037
-6.70918
-6.70919
-6.71255
-6.71949
-6.72535
-6.73253
-6.73806
-6.74237
-6.74707
-6.75135
-6.75148
-6.74857
-6.74417
-6.73552
-6.71972
-6.69978
-6.67234
-6.64424
-6.6139
-6.58763
-6.56776
-6.55835
-6.56161
-6.57372
-6.5955
-6.62398
-6.65345
-6.68157
-6.7093
-6.73008
-6.74984
-6.76456
-6.77278
-6.77457
-6.76998
-6.76207
-6.74687
-6.72618
-6.7025
-6.67635
-6.64817
-6.61868
-6.58861
-6.56412
-6.54129
-6.52633
-6.52307
-6.52695
-6.53736
-6.55882
-6.58308
-6.61354
-6.6443
-6.67199
-6.69814
-6.72021
-6.73334
-6.74132
-6.7444
-6.74369
-6.73944
-6.73252
-6.72464
-6.71843
-6.71111
-6.70419
-6.69895
-6.69316
-6.69351
-6.69865
-6.70618
-6.72169
-6.73896
-6.75659
-6.77508
-6.79064
-6.80338
-6.81572
-6.8223
-6.82447
-6.81965
-6.81143
-6.7916
-6.76764
-6.74019
-6.71142
-6.68649
-6.66757
-6.65467
-6.64923
-6.65037
-6.65676
-6.66162
-6.66445
-6.66031
-6.64982
-6.63565
-6.61646
-6.598
-6.58499
-6.57964
-6.58801
-6.60611
-6.63043
-6.65907
-6.68676
-6.7058
-6.71805
-6.72543
-6.7244
-6.71922
-6.71341
-6.70661
-6.69764
-6.69324
-6.69039
-6.68677
-6.69091
-6.6996
-6.71035
-6.72277
-6.73025
-6.73685
-6.74121
-6.73807
-6.72983
-6.71714
-6.70395
-6.68863
-6.67478
-6.66002
-6.65155
-6.64569
-6.64503
-6.65098
-6.6635
-6.68284
-6.70897
-6.73978
-6.76456
-6.78617
-6.80027
-6.80471
-6.8021
-6.79172
-6.77579
-6.75644
-6.7338
-6.7087
-6.68385
-6.6579
-6.63965
-6.62933
-6.62985
-6.64039
-6.65696
-6.67535
-6.69298
-6.70456
-6.70666
-6.69979
-6.68706
-6.67137
-6.65803
-6.64973
-6.64781
-6.65198
-6.66293
-6.68115
-6.70432
-6.72866
-6.75057
-6.76286
-6.76542
-6.75345
-6.73396
-6.70561
-6.6767
-6.65028
-6.62577
-6.60753
-6.59554
-6.59034
-6.59264
-6.59874
-6.61026
-6.62657
-6.64369
-6.66303
-6.67927
-6.69374
-6.70623
-6.71841
-6.73331
-6.75542
-6.77557
-6.79882
-6.81866
-6.83236
-6.84139
-6.8421
-6.82969
-6.81
-6.78113
-6.74518
-6.71012
-6.67486
-6.64512
-6.6283
-6.62526
-6.63771
-6.66047
-6.68571
-6.71229
-6.73451
-6.75186
-6.76123
-6.76686
-6.76853
-6.7579
-6.74259
-6.7193
-6.69126
-6.65803
-6.62646
-6.59639
-6.57731
-6.5655
-6.56672
-6.58193
-6.60938
-6.64224
-6.67633
-6.70849
-6.73507
-6.75309
-6.76301
-6.77003
-6.76423
-6.7545
-6.73732
-6.72119
-6.70758
-6.69864
-6.69321
-6.6878
-6.68605
-6.68259
-6.67899
-6.6762
-6.67016
-6.66669
-6.65976
-6.65551
-6.64819
-6.64196
-6.63977
-6.64315
-6.65236
-6.66847
-6.69013
-6.71564
-6.73984
-6.76275
-6.77765
-6.7858
-6.78564
-6.77761
-6.76059
-6.74168
-6.72231
-6.7063
-6.69745
-6.69484
-6.69504
-6.70004
-6.70409
-6.69946
-6.68922
-6.6719
-6.65126
-6.62971
-6.61192
-6.60101
-6.59885
-6.60696
-6.6265
-6.64879
-6.67363
-6.6996
-6.72152
-6.7372
-6.74764
-6.75275
-6.747
-6.73334
-6.71861
-6.69598
-6.67272
-6.65514
-6.6425
-6.63712
-6.63465
-6.63709
-6.64596
-6.65807
-6.67122
-6.68444
-6.69532
-6.70812
-6.72021
-6.72986
-6.73668
-6.7463
-6.7534
-6.75898
-6.76185
-6.75913
-6.75264
-6.74205
-6.7243
-6.70436
-6.6869
-6.6674
-6.65048
-6.63286
-6.62008
-6.60883
-6.60287
-6.60593
-6.61543
-6.6328
-6.65707
-6.68059
-6.70412
-6.72184
-6.73406
-6.73874
-6.73858
-6.73168
-6.71963
-6.70535
-6.69067
-6.68073
-6.67774
-6.68409
-6.70142
-6.72583
-6.75407
-6.78352
-6.81053
-6.83067
-6.84529
-6.85347
-6.85694
-6.85264
-6.83989
-6.81718
-6.79287
-6.76438
-6.73213
-6.69787
-6.66716
-6.63759
-6.61106
-6.58632
-6.5636
-6.54636
-6.53335
-6.52765
-6.5334
-6.54457
-6.56614
-6.59023
-6.61705
-6.64403
-6.67014
-6.69613
-6.72005
-6.74321
-6.76228
-6.77745
-6.79078
-6.79744
-6.79862
-6.79548
-6.78458
-6.76304
-6.73324
-6.69823
-6.66114
-6.63098
-6.60847
-6.59218
-6.58095
-6.57219
-6.56609
-6.55909
-6.55272
-6.55312
-6.55849
-6.57079
-6.58999
-6.61516
-6.64507
-6.67424
-6.70312
-6.73093
-6.75293
-6.76866
-6.78076
-6.78808
-6.78631
-6.78393
-6.7782
-6.76525
-6.75274
-6.74324
-6.73174
-6.7242
-6.71751
-6.71415
-6.71139
-6.71148
-6.71123
-6.71175
-6.71243
-6.71568
-6.71714
-6.71901
-6.71725
-6.71479
-6.71116
-6.71096
-6.711
-6.71371
-6.71949
-6.72394
-6.72681
-6.72568
-6.71535
-6.70539
-6.6905
-6.67624
-6.66493
-6.65428
-6.64482
-6.63967
-6.64046
-6.64749
-6.66102
-6.68179
-6.70526
-6.7302
-6.75317
-6.76765
-6.77353
-6.77341
-6.77019
-6.75965
-6.74925
-6.73879
-6.72692
-6.71132
-6.69491
-6.67788
-6.66168
-6.6455
-6.63465
-6.63483
-6.63829
-6.6487
-6.66031
-6.66923
-6.67668
-6.67888
-6.67853
-6.67406
-6.66476
-6.65524
-6.64278
-6.63136
-6.61934
-6.60643
-6.60474
-6.60617
-6.61171
-6.62377
-6.6464
-6.6795
-6.71588
-6.75193
-6.78337
-6.80982
-6.82461
-6.83141
-6.8309
-6.82296
-6.81248
-6.80028
-6.78726
-6.77627
-6.76646
-6.7575
-6.7475
-6.73507
-6.72349
-6.71206
-6.6998
-6.68392
-6.66786
-6.64863
-6.62899
-6.6112
-6.59712
-6.58758
-6.58022
-6.58062
-6.5855
-6.59712
-6.61434
-6.63888
-6.6636
-6.68657
-6.71611
-6.74546
-6.77351
-6.80415
-6.82937
-6.85082
-6.86213
-6.86433
-6.85683
-6.83863
-6.81352
-6.78128
-6.74643
-6.71049
-6.67818
-6.64857
-6.62426
-6.60518
-6.59383
-6.58838
-6.5909
-6.59806
-6.60979
-6.62537
-6.63981
-6.65787
-6.6747
-6.68941
-6.70476
-6.71811
-6.73072
-6.74168
-6.74888
-6.75562
-6.75871
-6.75711
-6.75778
-6.75678
-6.75331
-6.74959
-6.74797
-6.74579
-6.74036
-6.73152
-6.72062
-6.70928
-6.69471
-6.68058
-6.66418
-6.64993
-6.64301
-6.63698
-6.63492
-6.64149
-6.6506
-6.66073
-6.66756
-6.67064
-6.66898
-6.6645
-6.65938
-6.65379
-6.65353
-6.65674
-6.6621
-6.66959
-6.68103
-6.6922
-6.69904
-6.69608
-6.68318
-6.66492
-6.63702
-6.60632
-6.58315
-6.56736
-6.56369
-6.57963
-6.60838
-6.64891
-6.69841
-6.74866
-6.79468
-6.83047
-6.85321
-6.86907
-6.87367
-6.87052
-6.86001
-6.84049
-6.81737
-6.78556
-6.75327
-6.71915
-6.68615
-6.65651
-6.63159
-6.61359
-6.60408
-6.60341
-6.61069
-6.6231
-6.6395
-6.65462
-6.67253
-6.69051
-6.70958
-6.73038
-6.7477
-6.76408
-6.77727
-6.78683
-6.7904
-6.78663
-6.77678
-6.76071
-6.74125
-6.71687
-6.6932
-6.67362
-6.66121
-6.65545
-6.65274
-6.65581
-6.66208
-6.67149
-6.68335
-6.69353
-6.70048
-6.70826
-6.71401
-6.71496
-6.7181
-6.71798
-6.71469
-6.7088
-6.70515
-6.69946
-6.69746
-6.70216
-6.71236
-6.72807
-6.74185
-6.75979
-6.76978
-6.77482
-6.76612
-6.74993
-6.73052
-6.70618
-6.68226
-6.65562
-6.63256
-6.60982
-6.58874
-6.5701
-6.55857
-6.55723
-6.56735
-6.58686
-6.61634
-6.64772
-6.68049
-6.70555
-6.72576
-6.73754
-6.74128
-6.74214
-6.74234
-6.74556
-6.75629
-6.77091
-6.78817
-6.80612
-6.82131
-6.8311
-6.83592
-6.83443
-6.82615
-6.80911
-6.78818
-6.76851
-6.74683
-6.73031
-6.71581
-6.70375
-6.69471
-6.68385
-6.67284
-6.66083
-6.64984
-6.63519
-6.62096
-6.60642
-6.59174
-6.58064
-6.572
-6.57242
-6.58131
-6.59707
-6.62096
-6.64401
-6.66495
-6.68262
-6.69323
-6.69898
-6.70376
-6.7092
-6.71368
-6.72146
-6.73157
-6.74221
-6.7575
-6.77113
-6.77951
-6.78061
-6.77177
-6.75713
-6.73203
-6.70603
-6.67958
-6.65456
-6.63266
-6.61718
-6.60572
-6.59759
-6.59467
-6.6003
-6.6122
-6.63305
-6.65974
-6.69407
-6.72643
-6.75605
-6.77959
-6.78836
-6.78612
-6.7698
-6.74832
-6.72272
-6.69765
-6.68179
-6.67851
-6.68723
-6.70761
-6.73327
-6.76074
-6.78419
-6.80182
-6.80971
-6.80812
-6.7985
-6.78226
-6.75874
-6.73332
-6.7052
-6.67921
-6.66106
-6.64849
-6.64855
-6.65554
-6.66819
-6.68693
-6.70476
-6.71973
-6.73061
-6.73081
-6.71885
-6.69767
-6.66671
-6.63039
-6.59476
-6.5639
-6.54262
-6.53507
-6.54062
-6.55878
-6.5823
-6.61187
-6.63964
-6.66781
-6.68982
-6.70786
-6.72002
-6.72742
-6.73488
-6.734
-6.73062
-6.71986
-6.70932
-6.69832
-6.69039
-6.68507
-6.68231
-6.68462
-6.68888
-6.69448
-6.70384
-6.71441
-6.7233
-6.73201
-6.73758
-6.74314
-6.74699
-6.74961
-6.75016
-6.75049
-6.74902
-6.74921
-6.7507
-6.75262
-6.75342
-6.75329
-6.74568
-6.73839
-6.72653
-6.71875
-6.71028
-6.70375
-6.69582
-6.68904
-6.68075
-6.67152
-6.66568
-6.66676
-6.6704
-6.682
-6.69707
-6.71059
-6.71807
-6.72164
-6.7186
-6.7063
-6.69244
-6.67873
-6.66662
-6.66028
-6.65966
-6.6642
-6.67023
-6.67799
-6.68668
-6.6939
-6.69978
-6.704
-6.70589
-6.70537
-6.70454
-6.70437
-6.70365
-6.70215
-6.70076
-6.70087
-6.69875
-6.69626
-6.68978
-6.67849
-6.66551
-6.6474
-6.63468
-6.62193
-6.61206
-6.60522
-6.59966
-6.59742
-6.60547
-6.61988
-6.6429
-6.67278
-6.70845
-6.74316
-6.77548
-6.7977
-6.81195
-6.81834
-6.81832
-6.81498
-6.80709
-6.80032
-6.79005
-6.77878
-6.76371
-6.74744
-6.72763
-6.70939
-6.6956
-6.68076
-6.672
-6.66951
-6.66842
-6.67256
-6.67752
-6.68364
-6.68686
-6.68807
-6.69229
-6.69106
-6.6876
-6.68104
-6.67331
-6.66648
-6.66482
-6.66289
-6.66084
-6.66235
-6.66131
-6.66704
-6.67761
-6.69714
-6.72345
-6.75338
-6.78402
-6.81113
-6.83072
-6.84327
-6.8434
-6.83762
-6.81874
-6.79333
-6.76205
-6.72419
-6.6823
-6.63985
-6.59983
-6.56509
-6.53868
-6.52497
-6.52541
-6.53722
-6.56396
-6.60063
-6.64498
-6.68868
-6.72554
-6.75235
-6.76565
-6.76809
-6.75488
-6.73448
-6.7097
-6.68379
-6.66153
-6.64439
-6.63677
-6.63607
-6.64681
-6.66152
-6.67959
-6.69477
-6.7075
-6.71342
-6.71683
-6.71581
-6.71169
-6.70304
-6.69756
-6.69438
-6.68939
-6.68533
-6.68163
-6.67758
-6.67288
-6.66815
-6.66935
-6.67084
-6.68123
-6.69376
-6.70688
-6.71756
-6.72403
-6.72761
-6.72638
-6.72332
-6.71933
-6.71631
-6.71714
-6.7174
-6.71782
-6.71901
-6.72403
-6.72697
-6.73031
-6.73052
-6.72924
-6.72338
-6.71603
-6.7039
-6.69202
-6.68046
-6.66678
-6.65563
-6.64497
-6.63907
-6.63487
-6.63506
-6.64004
-6.64686
-6.65661
-6.67021
-6.68728
-6.70163
-6.71238
-6.72385
-6.73289
-6.74248
-6.75181
-6.75987
-6.76449
-6.7644
-6.7605
-6.74937
-6.73214
-6.70596
-6.67962
-6.65274
-6.62551
-6.60593
-6.59573
-6.59296
-6.59992
-6.61191
-6.63032
-6.6504
-6.67066
-6.68891
-6.70421
-6.71303
-6.71738
-6.71584
-6.71088
-6.70493
-6.69428
-6.68358
-6.67094
-6.66055
-6.65547
-6.65209
-6.65183
-6.65405
-6.65885
-6.66275
-6.67037
-6.68008
-6.69751
-6.71787
-6.73926
-6.76055
-6.7794
-6.79315
-6.79909
-6.79692
-6.78259
-6.76147
-6.73263
-6.70487
-6.67938
-6.66126
-6.65153
-6.64817
-6.64706
-6.64275
-6.64024
-6.63478
-6.63092
-6.63033
-6.6361
-6.63976
-6.64756
-6.65843
-6.6692
-6.67988
-6.68947
-6.70015
-6.71129
-6.72728
-6.73965
-6.75291
-6.76251
-6.77016
-6.77652
-6.78121
-6.78095
-6.77842
-6.77262
-6.76117
-6.74717
-6.72821
-6.70708
-6.68358
-6.65849
-6.63545
-6.61405
-6.59603
-6.58109
-6.57104
-6.56732
-6.57021
-6.57789
-6.59112
-6.60833
-6.63028
-6.65174
-6.67954
-6.70678
-6.73097
-6.75202
-6.76197
-6.76542
-6.75679
-6.73966
-6.7119
-6.68196
-6.64948
-6.61788
-6.59679
-6.58888
-6.59694
-6.62026
-6.65647
-6.69364
-6.7344
-6.76946
-6.79629
-6.81292
-6.81615
-6.81402
-6.8022
-6.78598
-6.76885
-6.75311
-6.73927
-6.72889
-6.72277
-6.71922
-6.71909
-6.7202
-6.72462
-6.72877
-6.73892
-6.74521
-6.74886
-6.74864
-6.74687
-6.73374
-6.71826
-6.69561
-6.66612
-6.63894
-6.61166
-6.59182
-6.58077
-6.58023
-6.58776
-6.60524
-6.62562
-6.64919
-6.67256
-6.68991
-6.70366
-6.71657
-6.72368
-6.72612
-6.72342
-6.71814
-6.71258
-6.70699
-6.702
-6.69965
-6.69828
-6.69833
-6.69909
-6.6994
-6.69289
-6.68517
-6.67549
-6.66606
-6.65633
-6.64911
-6.64657
-6.64535
-6.65058
-6.65668
-6.66534
-6.6731
-6.6812
-6.68616
-6.69118
-6.69891
-6.70743
-6.71735
-6.73129
-6.74397
-6.75906
-6.76766
-6.76995
-6.76718
-6.76028
-6.75065
-6.74236
-6.73658
-6.7347
-6.73429
-6.73896
-6.74556
-6.75115
-6.75608
-6.75964
-6.7591
-6.75327
-6.7424
-6.72602
-6.70359
-6.68065
-6.66141
-6.64655
-6.63453
-6.63104
-6.63111
-6.63186
-6.62846
-6.62197
-6.61264
-6.60774
-6.61134
-6.62143
-6.63942
-6.66063
-6.68052
-6.69325
-6.70097
-6.70495
-6.70504
-6.70825
-6.71163
-6.71761
-6.71995
-6.72264
-6.72075
-6.71528
-6.70867
-6.70175
-6.69485
-6.69047
-6.68742
-6.68506
-6.6829
-6.67915
-6.67178
-6.66588
-6.66448
-6.67039
-6.68343
-6.69467
-6.70637
-6.71778
-6.72719
-6.72859
-6.72578
-6.7164
-6.70633
-6.6928
-6.67976
-6.67194
-6.67156
-6.67542
-6.6877
-6.70465
-6.72254
-6.74308
-6.76096
-6.77404
-6.78026
-6.78193
-6.7801
-6.77227
-6.75815
-6.74057
-6.71799
-6.69816
-6.67358
-6.64754
-6.62308
-6.6014
-6.58165
-6.57211
-6.57354
-6.58083
-6.59982
-6.62531
-6.65301
-6.67908
-6.70537
-6.72788
-6.74764
-6.76241
-6.76964
-6.77082
-6.76433
-6.75292
-6.73769
-6.72335
-6.71092
-6.7008
-6.69117
-6.68725
-6.67844
-6.67257
-6.66992
-6.66659
-6.6712
-6.67599
-6.68604
-6.69636
-6.70707
-6.71863
-6.72942
-6.73624
-6.7379
-6.73623
-6.73171
-6.7266
-6.71955
-6.70801
-6.69281
-6.68155
-6.66989
-6.66447
-6.67064
-6.67921
-6.69364
-6.71171
-6.7314
-6.75119
-6.76343
-6.77101
-6.76945
-6.76079
-6.74372
-6.72422
-6.70314
-6.68086
-6.66456
-6.6568
-6.65444
-6.66111
-6.67157
-6.68355
-6.69556
-6.70543
-6.70738
-6.71041
-6.71144
-6.70561
-6.69753
-6.68171
-6.66538
-6.64803
-6.63429
-6.62739
-6.62906
-6.63804
-6.65161
-6.66956
-6.68735
-6.707
-6.72341
-6.73825
-6.7479
-6.75369
-6.75051
-6.74352
-6.72898
-6.71259
-6.69724
-6.69141
-6.69015
-6.69439
-6.70676
-6.71961
-6.72968
-6.73624
-6.73539
-6.72897
-6.72377
-6.71646
-6.70865
-6.70225
-6.69819
-6.6992
-6.6984
-6.70042
-6.70372
-6.70485
-6.7058
-6.70322
-6.69751
-6.68493
-6.67166
-6.65331
-6.63547
-6.62235
-6.6194
-6.6315
-6.6491
-6.67533
-6.69994
-6.72147
-6.74245
-6.76084
-6.77791
-6.7906
-6.80231
-6.8099
-6.81349
-6.81506
-6.81235
-6.8036
-6.7895
-6.77183
-6.74793
-6.72181
-6.69403
-6.66569
-6.63989
-6.62179
-6.60657
-6.59807
-6.59462
-6.5958
-6.59865
-6.60024
-6.6001
-6.60459
-6.61058
-6.61808
-6.62973
-6.64482
-6.6617
-6.67737
-6.69389
-6.7063
-6.71618
-6.72371
-6.72708
-6.729
-6.72883
-6.7289
-6.73194
-6.73568
-6.73647
-6.73701
-6.73512
-6.73013
-6.71996
-6.70827
-6.68868
-6.6664
-6.64493
-6.62437
-6.61347
-6.60829
-6.6184
-6.63309
-6.65543
-6.68042
-6.70381
-6.72245
-6.73821
-6.7491
-6.75389
-6.75268
-6.74682
-6.74146
-6.73602
-6.73345
-6.73047
-6.72842
-6.73014
-6.73078
-6.72847
-6.72596
-6.7222
-6.71614
-6.71208
-6.70622
-6.69883
-6.69402
-6.68751
-6.68217
-6.67372
-6.66398
-6.65514
-6.6443
-6.62854
-6.61667
-6.60408
-6.59976
-6.603
-6.6147
-6.63204
-6.65446
-6.67777
-6.69792
-6.71269
-6.7219
-6.72867
-6.73287
-6.73352
-6.73037
-6.725
-6.71699
-6.70796
-6.69814
-6.68664
-6.67715
-6.67154
-6.66891
-6.66701
-6.66743
-6.67036
-6.67345
-6.68071
-6.68963
-6.6979
-6.70736
-6.70679
-6.70003
-6.68817
-6.67302
-6.65857
-6.65471
-6.66035
-6.68027
-6.71219
-6.75037
-6.78817
-6.82091
-6.84575
-6.85604
-6.84987
-6.82866
-6.79811
-6.75824
-6.719
-6.68274
-6.65523
-6.63904
-6.63157
-6.6382
-6.64833
-6.66358
-6.67628
-6.68299
-6.68118
-6.67477
-6.66168
-6.64575
-6.63208
-6.6209
-6.6181
-6.62058
-6.62324
-6.6317
-6.64224
-6.65146
-6.66284
-6.67126
-6.68239
-6.69137
-6.69855
-6.70271
-6.70246
-6.70417
-6.7021
-6.70508
-6.70642
-6.71286
-6.71878
-6.72681
-6.7315
-6.73555
-6.73611
-6.73402
-6.73382
-6.73016
-6.72399
-6.7181
-6.70986
-6.70138
-6.6968
-6.69244
-6.68703
-6.68554
-6.68234
-6.68214
-6.68351
-6.68797
-6.68867
-6.69322
-6.7009
-6.71207
-6.72576
-6.74034
-6.75529
-6.76447
-6.7684
-6.76555
-6.75781
-6.74606
-6.72929
-6.70712
-6.69017
-6.67341
-6.66461
-6.65849
-6.65598
-6.66206
-6.67308
-6.68636
-6.69938
-6.70975
-6.71664
-6.7215
-6.72436
-6.71973
-6.71485
-6.70998
-6.70255
-6.69742
-6.69723
-6.70399
-6.71261
-6.71868
-6.72322
-6.72334
-6.71877
-6.71148
-6.70616
-6.70221
-6.70414
-6.70998
-6.71898
-6.72705
-6.73058
-6.72957
-6.72528
-6.71225
-6.69384
-6.67307
-6.65483
-6.63845
-6.6273
-6.62359
-6.6238
-6.63241
-6.64789
-6.66671
-6.68625
-6.70492
-6.71544
-6.71463
-6.70532
-6.68999
-6.66939
-6.64612
-6.62342
-6.60759
-6.59514
-6.5915
-6.59467
-6.60128
-6.61422
-6.631
-6.65195
-6.67337
-6.69344
-6.7153
-6.73303
-6.75072
-6.76144
-6.76958
-6.77308
-6.77522
-6.77386
-6.77292
-6.76589
-6.75953
-6.74947
-6.74531
-6.74421
-6.75024
-6.76084
-6.77466
-6.79019
-6.8051
-6.81779
-6.82883
-6.82939
-6.82204
-6.80236
-6.77214
-6.7351
-6.69139
-6.64608
-6.60176
-6.56412
-6.53996
-6.52612
-6.52644
-6.53764
-6.5558
-6.5818
-6.60705
-6.63249
-6.65588
-6.67509
-6.69142
-6.70478
-6.7162
-6.72336
-6.7256
-6.72303
-6.71623
-6.7066
-6.69541
-6.68257
-6.67402
-6.66878
-6.67114
-6.68226
-6.69946
-6.7226
-6.74999
-6.77401
-6.79241
-6.8065
-6.81533
-6.81003
-6.79483
-6.77163
-6.74621
-6.71411
-6.68831
-6.66317
-6.64038
-6.62499
-6.61667
-6.61101
-6.60933
-6.61017
-6.61504
-6.62014
-6.62959
-6.64302
-6.6627
-6.68645
-6.71261
-6.74103
-6.76613
-6.78418
-6.79431
-6.79512
-6.78648
-6.77148
-6.7493
-6.71985
-6.68974
-6.66108
-6.63415
-6.61098
-6.59509
-6.5879
-6.5865
-6.59441
-6.60616
-6.61787
-6.63402
-6.6522
-6.67146
-6.68682
-6.70268
-6.71372
-6.71679
-6.71422
-6.70336
-6.687
-6.66503
-6.64215
-6.6216
-6.60524
-6.60035
-6.60346
-6.61488
-6.63448
-6.66042
-6.6888
-6.71446
-6.73469
-6.74812
-6.7504
-6.74441
-6.73188
-6.71561
-6.70132
-6.68854
-6.68134
-6.67738
-6.67571
-6.67659
-6.68196
-6.68918
-6.7027
-6.71672
-6.73412
-6.75243
-6.76395
-6.76882
-6.76315
-6.74807
-6.73042
-6.71046
-6.69126
-6.67718
-6.66418
-6.6579
-6.65431
-6.65734
-6.66693
-6.6815
-6.7018
-6.72045
-6.73698
-6.75075
-6.7566
-6.75882
-6.75755
-6.75427
-6.75264
-6.74962
-6.7484
-6.74029
-6.73035
-6.71678
-6.6989
-6.67814
-6.65927
-6.63736
-6.61806
-6.60436
-6.59582
-6.59812
-6.60541
-6.62276
-6.64281
-6.66673
-6.6931
-6.71838
-6.73711
-6.75419
-6.76589
-6.76862
-6.76888
-6.76241
-6.75144
-6.73536
-6.71904
-6.69994
-6.68086
-6.66179
-6.64437
-6.62801
-6.61096
-6.59432
-6.57948
-6.56563
-6.56131
-6.56393
-6.57122
-6.58391
-6.60001
-6.61729
-6.63667
-6.6549
-6.67181
-6.68855
-6.70596
-6.7231
-6.74149
-6.75902
-6.77204
-6.78828
-6.79157
-6.79191
-6.78647
-6.77673
-6.76269
-6.7493
-6.74135
-6.7366
-6.73489
-6.73636
-6.74073
-6.75096
-6.7616
-6.77557
-6.78433
-6.78702
-6.78499
-6.77745
-6.76686
-6.75257
-6.73472
-6.71479
-6.69293
-6.67244
-6.65203
-6.63764
-6.62648
-6.61557
-6.60827
-6.60328
-6.60131
-6.60303
-6.61159
-6.62857
-6.65247
-6.67578
-6.70059
-6.72175
-6.73675
-6.74481
-6.74479
-6.73834
-6.72921
-6.71216
-6.69554
-6.68229
-6.66766
-6.65459
-6.644
-6.63462
-6.63197
-6.63489
-6.64145
-6.65327
-6.67379
-6.69704
-6.72131
-6.74453
-6.76713
-6.77755
-6.77797
-6.77033
-6.75438
-6.73612
-6.71792
-6.70278
-6.69118
-6.68408
-6.68195
-6.67992
-6.67979
-6.67775
-6.67436
-6.67029
-6.66578
-6.65958
-6.65725
-6.65723
-6.66183
-6.66775
-6.67684
-6.6888
-6.70282
-6.7131
-6.71816
-6.71496
-6.70497
-6.68787
-6.66386
-6.63757
-6.61139
-6.58872
-6.57476
-6.56914
-6.57572
-6.58906
-6.61172
-6.63336
-6.65745
-6.68154
-6.69947
-6.71203
-6.72301
-6.72733
-6.73158
-6.73548
-6.73894
-6.74108
-6.74396
-6.74659
-6.74711
-6.74171
-6.73256
-6.72056
-6.70762
-6.69686
-6.6897
-6.68615
-6.68496
-6.68843
-6.69459
-6.70256
-6.7175
-6.72723
-6.73542
-6.73997
-6.73883
-6.73291
-6.72463
-6.71302
-6.70147
-6.69327
-6.68797
-6.68612
-6.68622
-6.68664
-6.68791
-6.69561
-6.69957
-6.70493
-6.70798
-6.71492
-6.71738
-6.71866
-6.71688
-6.71359
-6.70457
-6.6896
-6.67336
-6.65503
-6.63522
-6.62181
-6.6108
-6.60477
-6.60474
-6.60765
-6.61544
-6.62765
-6.64265
-6.66024
-6.67644
-6.68792
-6.69643
-6.70072
-6.70271
-6.70616
-6.71102
-6.71132
-6.71147
-6.70561
-6.70273
-6.70179
-6.70253
-6.70635
-6.7133
-6.71736
-6.72133
-6.71953
-6.71496
-6.70569
-6.69519
-6.68346
-6.67355
-6.66977
-6.67474
-6.68608
-6.70362
-6.72619
-6.74618
-6.76151
-6.77126
-6.76795
-6.76057
-6.74431
-6.72574
-6.7027
-6.6807
-6.65935
-6.65051
-6.65063
-6.66094
-6.67627
-6.69749
-6.72112
-6.73974
-6.7542
-6.76253
-6.76478
-6.75511
-6.74011
-6.72297
-6.7018
-6.68216
-6.66788
-6.65751
-6.65512
-6.66181
-6.67108
-6.68314
-6.69647
-6.70751
-6.71581
-6.72053
-6.72006
-6.71764
-6.71083
-6.70108
-6.69103
-6.68001
-6.66665
-6.65187
-6.64278
-6.63757
-6.63262
-6.63596
-6.64614
-6.66209
-6.68159
-6.69659
-6.70684
-6.70612
-6.69664
-6.67843
-6.65482
-6.63232
-6.61667
-6.61473
-6.6263
-6.64919
-6.67664
-6.70768
-6.73708
-6.76291
-6.78297
-6.79632
-6.80284
-6.80045
-6.78601
-6.76383
-6.73476
-6.70302
-6.67578
-6.65283
-6.63694
-6.63212
-6.63589
-6.64879
-6.66556
-6.68583
-6.70242
-6.71361
-6.71914
-6.7235
-6.72205
-6.71865
-6.71516
-6.71154
-6.70335
-6.69647
-6.68598
-6.67446
-6.66397
-6.65821
-6.65347
-6.65531
-6.66596
-6.67916
-6.69777
-6.71438
-6.72561
-6.72827
-6.72449
-6.71108
-6.69643
-6.68042
-6.6656
-6.65612
-6.65127
-6.65152
-6.6563
-6.6729
-6.68861
-6.70908
-6.73097
-6.75331
-6.77068
-6.78007
-6.78609
-6.78145
-6.77198
-6.75612
-6.73656
-6.71077
-6.68619
-6.66287
-6.64384
-6.63312
-6.63178
-6.64078
-6.66324
-6.68604
-6.71042
-6.72989
-6.74224
-6.74665
-6.74725
-6.73979
-6.72716
-6.71297
-6.70048
-6.6893
-6.68202
-6.6792
-6.67979
-6.68437
-6.68958
-6.69327
-6.69518
-6.69542
-6.69198
-6.69024
-6.69204
-6.69276
-6.69297
-6.69459
-6.69838
-6.69904
-6.69968
-6.70086
-6.7003
-6.69962
-6.70307
-6.70697
-6.70998
-6.71313
-6.71357
-6.70568
-6.69226
-6.67606
-6.65608
-6.63755
-6.61909
-6.60533
-6.59741
-6.59467
-6.59794
-6.60437
-6.61266
-6.62134
-6.62863
-6.6324
-6.63126
-6.6292
-6.62681
-6.62709
-6.63015
-6.63894
-6.65269
-6.67296
-6.69385
-6.71493
-6.73716
-6.75835
-6.77645
-6.79273
-6.80408
-6.81178
-6.81616
-6.81449
-6.81145
-6.80013
-6.78383
-6.76549
-6.74501
-6.72534
-6.70594
-6.69129
-6.67988
-6.67082
-6.6657
-6.66527
-6.66874
-6.67538
-6.68493
-6.69709
-6.70881
-6.72006
-6.73477
-6.74401
-6.75065
-6.74419
-6.73146
-6.71028
-6.68636
-6.65541
-6.62621
-6.60086
-6.58172
-6.57276
-6.57539
-6.58911
-6.6129
-6.64354
-6.67526
-6.70169
-6.71988
-6.72924
-6.72726
-6.72022
-6.70375
-6.68655
-6.67268
-6.66502
-6.66265
-6.66997
-6.68496
-6.70347
-6.72504
-6.74583
-6.76403
-6.77469
-6.77769
-6.77118
-6.7569
-6.73702
-6.71601
-6.69674
-6.68207
-6.67405
-6.66804
-6.67017
-6.67456
-6.68034
-6.6875
-6.69447
-6.7006
-6.70522
-6.71097
-6.71624
-6.72201
-6.72501
-6.72786
-6.72775
-6.72087
-6.71205
-6.69679
-6.68413
-6.66854
-6.65762
-6.65206
-6.65071
-6.65519
-6.66395
-6.67217
-6.68288
-6.69326
-6.69971
-6.70577
-6.70872
-6.7084
-6.71225
-6.71524
-6.72188
-6.72998
-6.7374
-6.74542
-6.74751
-6.74531
-6.73469
-6.71822
-6.69987
-6.67669
-6.65162
-6.62903
-6.61123
-6.60223
-6.60303
-6.61372
-6.62982
-6.65213
-6.67763
-6.70151
-6.72203
-6.73525
-6.74582
-6.74394
-6.73211
-6.71069
-6.68125
-6.64409
-6.60745
-6.57489
-6.55033
-6.54108
-6.54832
-6.56844
-6.59611
-6.62321
-6.6485
-6.6722
-6.69308
-6.71153
-6.72903
-6.74337
-6.75924
-6.77476
-6.79101
-6.80634
-6.81845
-6.828
-6.83159
-6.83184
-6.82296
-6.80813
-6.78866
-6.76603
-6.73812
-6.71206
-6.69171
-6.67223
-6.65785
-6.65329
-6.65449
-6.66387
-6.67592
-6.68907
-6.69887
-6.70672
-6.70781
-6.70499
-6.69821
-6.68739
-6.67364
-6.65784
-6.64143
-6.6274
-6.62074
-6.61584
-6.61404
-6.61482
-6.62083
-6.62579
-6.63088
-6.64163
-6.65583
-6.6748
-6.69842
-6.7247
-6.74609
-6.76386
-6.78055
-6.78777
-6.78933
-6.7847
-6.77571
-6.76021
-6.74431
-6.72751
-6.71462
-6.70607
-6.70192
-6.70078
-6.69959
-6.69964
-6.6972
-6.694
-6.68822
-6.68607
-6.68397
-6.68506
-6.69251
-6.701
-6.71265
-6.72199
-6.73102
-6.74164
-6.74671
-6.7465
-6.74086
-6.7321
-6.7201
-6.70752
-6.69632
-6.68876
-6.67991
-6.67103
-6.65917
-6.64886
-6.64163
-6.63545
-6.6371
-6.64252
-6.65336
-6.66802
-6.68711
-6.70811
-6.7292
-6.75302
-6.77343
-6.78713
-6.79332
-6.7841
-6.76542
-6.73903
-6.7071
-6.67633
-6.64907
-6.63127
-6.62142
-6.62302
-6.63773
-6.66084
-6.68466
-6.70636
-6.72278
-6.73025
-6.73312
-6.72855
-6.71941
-6.70574
-6.69235
-6.67898
-6.6664
-6.65523
-6.6493
-6.64732
-6.65055
-6.65644
-6.66661
-6.67664
-6.68458
-6.69303
-6.69907
-6.70392
-6.70781
-6.71275
-6.71515
-6.71676
-6.71944
-6.71962
-6.7189
-6.71556
-6.70972
-6.70797
-6.71279
-6.72127
-6.73646
-6.75212
-6.76335
-6.76901
-6.76994
-6.76329
-6.75218
-6.7353
-6.71339
-6.68947
-6.66407
-6.64311
-6.6225
-6.6091
-6.60755
-6.61621
-6.63125
-6.65208
-6.67251
-6.69409
-6.71028
-6.7232
-6.73007
-6.73266
-6.73441
-6.73579
-6.74035
-6.7457
-6.74627
-6.74613
-6.73927
-6.728
-6.71379
-6.69568
-6.67479
-6.65224
-6.63201
-6.61296
-6.60107
-6.59614
-6.60264
-6.61752
-6.64161
-6.6698
-6.69645
-6.71907
-6.7333
-6.74063
-6.74138
-6.73661
-6.7314
-6.7281
-6.72496
-6.73264
-6.74404
-6.76242
-6.78412
-6.80439
-6.81898
-6.82477
-6.82072
-6.80624
-6.78138
-6.7502
-6.71108
-6.67036
-6.63244
-6.60122
-6.5797
-6.56611
-6.56188
-6.5661
-6.57902
-6.59906
-6.62165
-6.64516
-6.66795
-6.68192
-6.69075
-6.6933
-6.69298
-6.6922
-6.69579
-6.70435
-6.71562
-6.72576
-6.73992
-6.74638
-6.75158
-6.75793
-6.75726
-6.75597
-6.75241
-6.74811
-6.74479
-6.73641
-6.72595
-6.71531
-6.69909
-6.68263
-6.66499
-6.65115
-6.64137
-6.63811
-6.64093
-6.651
-6.6627
-6.67948
-6.69106
-6.70408
-6.71519
-6.7201
-6.72057
-6.71609
-6.70931
-6.69721
-6.68387
-6.6674
-6.65084
-6.63974
-6.63228
-6.63166
-6.63617
-6.64296
-6.6502
-6.6585
-6.66476
-6.66849
-6.67195
-6.6762
-6.68229
-6.68775
-6.69111
-6.69473
-6.69804
-6.69856
-6.69481
-6.68428
-6.67646
-6.66796
-6.66053
-6.65617
-6.65722
-6.6618
-6.67165
-6.68207
-6.69477
-6.70815
-6.71756
-6.72266
-6.72476
-6.72222
-6.71549
-6.70429
-6.68975
-6.67545
-6.65852
-6.64719
-6.64276
-6.64963
-6.66518
-6.69031
-6.71936
-6.74805
-6.7764
-6.80158
-6.82429
-6.83943
-6.85099
-6.85698
-6.8552
-6.84749
-6.83027
-6.80792
-6.78031
-6.75013
-6.71373
-6.67497
-6.63586
-6.59948
-6.5663
-6.54129
-6.52689
-6.52406
-6.53079
-6.55272
-6.58435
-6.62229
-6.65709
-6.68802
-6.71432
-6.73528
-6.7492
-6.75607
-6.75918
-6.7587
-6.75111
-6.73589
-6.71632
-6.6903
-6.6639
-6.63535
-6.61118
-6.59598
-6.58901
-6.59005
-6.59423
-6.60229
-6.61235
-6.62628
-6.64237
-6.65902
-6.67927
-6.69874
-6.7152
-6.72764
-6.73783
-6.74159
-6.73846
-6.73672
-6.73837
-6.74675
-6.76242
-6.78496
-6.80775
-6.81942
-6.82203
-6.81457
-6.79614
-6.7716
-6.74746
-6.72689
-6.71546
-6.71058
-6.70855
-6.70483
-6.69626
-6.67832
-6.65274
-6.62826
-6.6043
-6.58878
-6.58301
-6.58953
-6.60788
-6.6368
-6.67165
-6.70738
-6.74066
-6.76667
-6.78308
-6.79065
-6.78533
-6.77192
-6.75471
-6.73209
-6.70948
-6.69413
-6.68313
-6.68899
-6.70587
-6.72997
-6.7591
-6.78623
-6.80591
-6.8156
-6.81477
-6.80675
-6.7918
-6.77221
-6.7482
-6.71919
-6.69436
-6.66947
-6.64671
-6.62532
-6.61245
-6.60513
-6.60534
-6.61573
-6.63611
-6.66376
-6.6935
-6.72356
-6.74894
-6.76622
-6.77365
-6.77001
-6.75944
-6.7408
-6.71726
-6.69335
-6.67238
-6.65297
-6.63748
-6.62391
-6.61555
-6.61095
-6.61207
-6.61539
-6.62234
-6.63389
-6.64335
-6.65594
-6.669
-6.6819
-6.68767
-6.69056
-6.68574
-6.67672
-6.6661
-6.6582
-6.65195
-6.65507
-6.66525
-6.68283
-6.70309
-6.72213
-6.74102
-6.75325
-6.76049
-6.76365
-6.7604
-6.75593
-6.74964
-6.73832
-6.7326
-6.73199
-6.73381
-6.73652
-6.74115
-6.74657
-6.7517
-6.75358
-6.75216
-6.74679
-6.73547
-6.7222
-6.70661
-6.69375
-6.68295
-6.67648
-6.67118
-6.66999
-6.67376
-6.68047
-6.6901
-6.69911
-6.70525
-6.70828
-6.71245
-6.71167
-6.70439
-6.69442
-6.68212
-6.66712
-6.65164
-6.63598
-6.62424
-6.61865
-6.61725
-6.62337
-6.63617
-6.64936
-6.66377
-6.68132
-6.69752
-6.71386
-6.72666
-6.73451
-6.74082
-6.74332
-6.74531
-6.74633
-6.74831
-6.74488
-6.73875
-6.72796
-6.71285
-6.69329
-6.6716
-6.65095
-6.63488
-6.63016
-6.62807
-6.63928
-6.65516
-6.67697
-6.69803
-6.7191
-6.73338
-6.73761
-6.73478
-6.72818
-6.71562
-6.69798
-6.68133
-6.66807
-6.65803
-6.65747
-6.66769
-6.68154
-6.69779
-6.71681
-6.73251
-6.74653
-6.75338
-6.75923
-6.7613
-6.75923
-6.75055
-6.7328
-6.70813
-6.68368
-6.66008
-6.64186
-6.63056
-6.62069
-6.61562
-6.6116
-6.6073
-6.60615
-6.60938
-6.61386
-6.6221
-6.62948
-6.64036
-6.6546
-6.67263
-6.69054
-6.70828
-6.7264
-6.7406
-6.75203
-6.75799
-6.76133
-6.75928
-6.75514
-6.75163
-6.74989
-6.74772
-6.7482
-6.7478
-6.74503
-6.73948
-6.73377
-6.72629
-6.71722
-6.7048
-6.69329
-6.6785
-6.67053
-6.66543
-6.66834
-6.67326
-6.68423
-6.69813
-6.71205
-6.72692
-6.742
-6.75478
-6.76458
-6.77122
-6.76783
-6.76052
-6.74707
-6.73311
-6.71142
-6.6879
-6.66362
-6.6419
-6.62162
-6.60544
-6.59349
-6.58497
-6.5841
-6.58811
-6.6001
-6.6164
-6.6357
-6.65608
-6.67419
-6.69044
-6.69998
-6.70291
-6.6984
-6.68803
-6.67432
-6.66374
-6.65418
-6.65126
-6.65312
-6.65609
-6.66151
-6.66586
-6.67135
-6.67246
-6.67412
-6.6745
-6.67492
-6.67477
-6.6745
-6.67599
-6.67957
-6.68756
-6.70046
-6.71847
-6.73669
-6.75267
-6.76194
-6.76678
-6.76268
-6.75304
-6.74118
-6.72935
-6.71614
-6.70712
-6.70309
-6.70443
-6.7128
-6.72645
-6.74397
-6.76056
-6.77124
-6.77995
-6.78225
-6.78084
-6.77127
-6.75458
-6.73388
-6.71451
-6.69455
-6.67528
-6.65801
-6.64372
-6.63322
-6.6271
-6.62534
-6.6303
-6.64279
-6.66003
-6.67956
-6.70005
-6.71683
-6.72783
-6.73185
-6.72853
-6.71929
-6.70866
-6.69302
-6.67835
-6.66482
-6.65343
-6.64173
-6.63463
-6.62663
-6.62616
-6.62947
-6.63731
-6.65067
-6.67128
-6.69365
-6.71076
-6.72196
-6.72302
-6.71581
-6.70225
-6.68672
-6.67168
-6.6569
-6.64176
-6.62676
-6.61542
-6.60858
-6.60389
-6.60733
-6.61812
-6.63276
-6.6559
-6.67978
-6.70518
-6.72772
-6.74615
-6.75741
-6.76682
-6.76915
-6.77113
-6.77011
-6.76987
-6.76853
-6.766
-6.76255
-6.75234
-6.74148
-6.72976
-6.71687
-6.70491
-6.69743
-6.69051
-6.68814
-6.68973
-6.69532
-6.70352
-6.7121
-6.72031
-6.72696
-6.73149
-6.73157
-6.72777
-6.72243
-6.71721
-6.71137
-6.70345
-6.69262
-6.68297
-6.67131
-6.66301
-6.65786
-6.66101
-6.66831
-6.68727
-6.71043
-6.73533
-6.75756
-6.77484
-6.779
-6.7715
-6.75156
-6.72605
-6.69609
-6.66336
-6.63653
-6.61524
-6.60294
-6.59309
-6.5853
-6.58253
-6.58098
-6.58406
-6.58958
-6.60248
-6.61459
-6.63181
-6.65124
-6.66835
-6.68333
-6.69123
-6.69327
-6.69007
-6.68493
-6.68183
-6.67645
-6.67445
-6.67535
-6.67965
-6.68755
-6.69813
-6.71327
-6.73029
-6.74902
-6.76636
-6.78198
-6.79633
-6.80519
-6.80776
-6.80804
-6.80241
-6.78869
-6.77
-6.74624
-6.72042
-6.6925
-6.66778
-6.65163
-6.64342
-6.64223
-6.64509
-6.65443
-6.66188
-6.66806
-6.67198
-6.67356
-6.67454
-6.67489
-6.67738
-6.67938
-6.6829
-6.68156
-6.68192
-6.68424
-6.69093
-6.69732
-6.70299
-6.70894
-6.71357
-6.71156
-6.70717
-6.69598
-6.68734
-6.67761
-6.67222
-6.67349
-6.68103
-6.69289
-6.70636
-6.71982
-6.73027
-6.73669
-6.74197
-6.74365
-6.74278
-6.74122
-6.73458
-6.7248
-6.71303
-6.69971
-6.68456
-6.66871
-6.65522
-6.64367
-6.63942
-6.64031
-6.64508
-6.65459
-6.6688
-6.68273
-6.69414
-6.70415
-6.71021
-6.70964
-6.70518
-6.69908
-6.69219
-6.68885
-6.68636
-6.68649
-6.68711
-6.6855
-6.68752
-6.68904
-6.68861
-6.68649
-6.68745
-6.68931
-6.69347
-6.70442
-6.71506
-6.72918
-6.73731
-6.74364
-6.74873
-6.74737
-6.74353
-6.74036
-6.73653
-6.73348
-6.7297
-6.72384
-6.71635
-6.70729
-6.69465
-6.67946
-6.65784
-6.63478
-6.60832
-6.58691
-6.57416
-6.56957
-6.57717
-6.59013
-6.61129
-6.63259
-6.65096
-6.66419
-6.67104
-6.67499
-6.67908
-6.67812
-6.68206
-6.68656
-6.69208
-6.70128
-6.70638
-6.70852
-6.70614
-6.69758
-6.6898
-6.68171
-6.68206
-6.68643
-6.69463
-6.70773
-6.72187
-6.73069
-6.73976
-6.74131
-6.73534
-6.72508
-6.71383
-6.70182
-6.69405
-6.69334
-6.69999
-6.70737
-6.72661
-6.74836
-6.76623
-6.77918
-6.78653
-6.78736
-6.78103
-6.76844
-6.74868
-6.72627
-6.70319
-6.68102
-6.66378
-6.65099
-6.6397
-6.63678
-6.63259
-6.63186
-6.63161
-6.63037
-6.62936
-6.63268
-6.64361
-6.6627
-6.68778
-6.71048
-6.73327
-6.75418
-6.766
-6.76994
-6.76957
-6.76908
-6.76327
-6.75785
-6.75314
-6.74591
-6.73717
-6.72388
-6.7066
-6.68566
-6.66574
-6.64815
-6.63587
-6.63396
-6.63718
-6.64974
-6.65985
-6.66686
-6.66971
-6.66447
-6.65389
-6.63831
-6.62774
-6.62504
-6.62816
-6.64141
-6.66239
-6.68938
-6.71659
-6.74521
-6.76829
-6.78701
-6.7987
-6.80765
-6.80598
-6.79853
-6.79164
-6.78263
-6.77003
-6.75698
-6.74368
-6.72863
-6.71241
-6.69544
-6.6785
-6.66134
-6.64463
-6.62988
-6.62016
-6.61425
-6.61421
-6.62018
-6.62415
-6.62998
-6.63621
-6.64608
-6.65868
-6.67181
-6.68607
-6.6988
-6.70912
-6.71487
-6.71617
-6.71066
-6.70511
-6.69944
-6.69229
-6.68759
-6.68632
-6.68544
-6.68621
-6.69055
-6.69432
-6.70428
-6.71538
-6.72966
-6.74157
-6.75334
-6.76081
-6.76211
-6.76204
-6.7546
-6.74389
-6.72925
-6.71044
-6.68836
-6.66738
-6.64441
-6.62586
-6.61457
-6.61046
-6.6146
-6.62802
-6.64815
-6.67096
-6.69365
-6.71674
-6.73191
-6.7408
-6.74061
-6.73272
-6.7208
-6.70802
-6.69145
-6.67764
-6.66728
-6.66073
-6.66217
-6.66652
-6.67456
-6.68339
-6.69099
-6.699
-6.70655
-6.71443
-6.72359
-6.73697
-6.75116
-6.7639
-6.77574
-6.78161
-6.78439
-6.77668
-6.76147
-6.74102
-6.71828
-6.69241
-6.66862
-6.64523
-6.63091
-6.61898
-6.61543
-6.62064
-6.63574
-6.65675
-6.67987
-6.6993
-6.71536
-6.7251
-6.73215
-6.73193
-6.73149
-6.73521
-6.74356
-6.753
-6.76296
-6.771
-6.77127
-6.76548
-6.75086
-6.72657
-6.69871
-6.67656
-6.65979
-6.64585
-6.64636
-6.6557
-6.67327
-6.6955
-6.7178
-6.73582
-6.74388
-6.7446
-6.73828
-6.72883
-6.714
-6.69706
-6.67901
-6.66275
-6.65175
-6.64407
-6.64176
-6.63682
-6.63523
-6.63476
-6.63833
-6.64813
-6.66259
-6.68341
-6.70365
-6.72113
-6.73325
-6.74172
-6.74513
-6.7418
-6.73866
-6.73687
-6.73659
-6.73758
-6.74585
-6.75333
-6.76236
-6.77082
-6.77102
-6.76529
-6.75381
-6.73728
-6.71657
-6.69157
-6.66621
-6.64372
-6.62686
-6.62235
-6.62683
-6.64144
-6.66006
-6.68314
-6.70034
-6.71105
-6.7159
-6.7168
-6.70997
-6.70686
-6.70152
-6.69197
-6.68228
-6.67419
-6.67122
-6.67105
-6.67186
-6.6766
-6.68365
-6.68816
-6.69827
-6.70624
-6.71436
-6.71857
-6.72627
-6.73444
-6.74018
-6.74524
-6.74976
-6.74636
-6.7321
-6.71455
-6.69283
-6.66965
-6.64954
-6.63211
-6.62386
-6.61809
-6.61881
-6.6243
-6.6359
-6.65047
-6.66864
-6.68944
-6.71177
-6.73624
-6.75622
-6.77384
-6.78985
-6.80219
-6.80771
-6.80626
-6.79738
-6.78498
-6.7666
-6.74467
-6.71846
-6.69436
-6.66774
-6.65134
-6.63821
-6.63246
-6.6333
-6.6413
-6.65467
-6.66859
-6.67993
-6.69497
-6.70727
-6.71899
-6.72719
-6.73377
-6.73349
-6.72592
-6.71418
-6.69717
-6.68123
-6.66825
-6.66039
-6.65998
-6.66998
-6.68543
-6.7083
-6.72964
-6.75085
-6.76699
-6.77827
-6.78199
-6.77933
-6.76754
-6.74961
-6.72377
-6.69847
-6.67279
-6.64757
-6.63371
-6.62823
-6.63161
-6.63702
-6.64555
-6.65169
-6.65713
-6.66316
-6.66608
-6.6715
-6.67263
-6.67105
-6.66446
-6.65581
-6.645
-6.63525
-6.62771
-6.62382
-6.62521
-6.62982
-6.63752
-6.65068
-6.66982
-6.69205
-6.71496
-6.739
-6.75676
-6.77102
-6.7764
-6.77508
-6.76446
-6.75039
-6.73273
-6.71663
-6.69906
-6.68562
-6.67728
-6.67219
-6.67684
-6.68617
-6.7023
-6.72012
-6.74081
-6.75913
-6.77439
-6.78468
-6.78878
-6.79073
-6.78289
-6.77486
-6.765
-6.75347
-6.73957
-6.72497
-6.70552
-6.68218
-6.65755
-6.6324
-6.60325
-6.57979
-6.563
-6.55522
-6.56494
-6.58607
-6.616
-6.65087
-6.68512
-6.71254
-6.73332
-6.73856
-6.73479
-6.7259
-6.71572
-6.70221
-6.68943
-6.67657
-6.66589
-6.66067
-6.66641
-6.6788
-6.69993
-6.72656
-6.75454
-6.78472
-6.80685
-6.82251
-6.8276
-6.82217
-6.80559
-6.77838
-6.74746
-6.71291
-6.68489
-6.66415
-6.65263
-6.65042
-6.65545
-6.67062
-6.69274
-6.71634
-6.74161
-6.76351
-6.77741
-6.7876
-6.78977
-6.78422
-6.77024
-6.75065
-6.72509
-6.69801
-6.66861
-6.64068
-6.61903
-6.60491
-6.60023
-6.60289
-6.6141
-6.62557
-6.63633
-6.64551
-6.64949
-6.64988
-6.64653
-6.64401
-6.64808
-6.65466
-6.66779
-6.67909
-6.69202
-6.70745
-6.72193
-6.73618
-6.74375
-6.74648
-6.74304
-6.73734
-6.72685
-6.71448
-6.70471
-6.6996
-6.70226
-6.71255
-6.7288
-6.74022
-6.74865
-6.74873
-6.74067
-6.72688
-6.70955
-6.69256
-6.67373
-6.66014
-6.65496
-6.65386
-6.66621
-6.68783
-6.71485
-6.74757
-6.77999
-6.80621
-6.82564
-6.83431
-6.83274
-6.81675
-6.78839
-6.7521
-6.71159
-6.66875
-6.62912
-6.59312
-6.56472
-6.54603
-6.53351
-6.53112
-6.53022
-6.53615
-6.54693
-6.56108
-6.58136
-6.60828
-6.64303
-6.68806
-6.73259
-6.77602
-6.81877
-6.8471
-6.87025
-6.87914
-6.88226
-6.87308
-6.85298
-6.82176
-6.78203
-6.73414
-6.68551
-6.63706
-6.59704
-6.56571
-6.54852
-6.54734
-6.55979
-6.58245
-6.61237
-6.64397
-6.6731
-6.6965
-6.71906
-6.7332
-6.74356
-6.75275
-6.75603
-6.76213
-6.76856
-6.77656
-6.78321
-6.78741
-6.7836
-6.77282
-6.7589
-6.74377
-6.72608
-6.71592
-6.71166
-6.7085
-6.70946
-6.70973
-6.70724
-6.70558
-6.69743
-6.68563
-6.66695
-6.65357
-6.64035
-6.63477
-6.63505
-6.63873
-6.64453
-6.65531
-6.66447
-6.6746
-6.68421
-6.6924
-6.69638
-6.69808
-6.69614
-6.68831
-6.67471
-6.65576
-6.63242
-6.60736
-6.58871
-6.58059
-6.58155
-6.59641
-6.62208
-6.65623
-6.69875
-6.73847
-6.77337
-6.7992
-6.8136
-6.81811
-6.80982
-6.79026
-6.76404
-6.73631
-6.71051
-6.69065
-6.68007
-6.67686
-6.67707
-6.67679
-6.67438
-6.66961
-6.6618
-6.65698
-6.64764
-6.63853
-6.63239
-6.62586
-6.6252
-6.62466
-6.62831
-6.63632
-6.64903
-6.66601
-6.68523
-6.70034
-6.71053
-6.7148
-6.71264
-6.70765
-6.698
-6.68143
-6.66319
-6.64876
-6.63572
-6.63082
-6.63225
-6.64284
-6.65841
-6.67633
-6.6953
-6.71501
-6.73734
-6.76132
-6.78143
-6.80294
-6.82333
-6.83884
-6.85326
-6.85675
-6.85274
-6.84041
-6.81599
-6.78691
-6.7511
-6.71323
-6.68106
-6.65413
-6.63361
-6.62631
-6.62803
-6.64005
-6.65602
-6.67539
-6.69661
-6.71254
-6.72477
-6.7293
-6.7246
-6.71298
-6.6942
-6.67743
-6.6618
-6.65313
-6.64871
-6.65051
-6.65716
-6.66559
-6.669
-6.67377
-6.67411
-6.67448
-6.67283
-6.66762
-6.66404
-6.6576
-6.65189
-6.64945
-6.65156
-6.65701
-6.66325
-6.67115
-6.67908
-6.68294
-6.68436
-6.67926
-6.66907
-6.65648
-6.6457
-6.63788
-6.63313
-6.63567
-6.64789
-6.66301
-6.68449
-6.70455
-6.72032
-6.73251
-6.74103
-6.74427
-6.74184
-6.73784
-6.72881
-6.71889
-6.70333
-6.6852
-6.66578
-6.64885
-6.63558
-6.62978
-6.63088
-6.64161
-6.66075
-6.68487
-6.7147
-6.74843
-6.77752
-6.80237
-6.81717
-6.82557
-6.82208
-6.81134
-6.78923
-6.76069
-6.73202
-6.70265
-6.67883
-6.66088
-6.6514
-6.64997
-6.65404
-6.66352
-6.67624
-6.68621
-6.68838
-6.68242
-6.6711
-6.65852
-6.64963
-6.6448
-6.64073
-6.63681
-6.63267
-6.6313
-6.63111
-6.63821
-6.65124
-6.66833
-6.68804
-6.70822
-6.72715
-6.74317
-6.75529
-6.76741
-6.77372
-6.77604
-6.7716
-6.76308
-6.75358
-6.74229
-6.72886
-6.71657
-6.70428
-6.69352
-6.68756
-6.68287
-6.6802
-6.68172
-6.68544
-6.6898
-6.69274
-6.6927
-6.68972
-6.68113
-6.66973
-6.65849
-6.6482
-6.64314
-6.64149
-6.64562
-6.6469
-6.65055
-6.65015
-6.65088
-6.65532
-6.66402
-6.67527
-6.69017
-6.7109
-6.73369
-6.75535
-6.77109
-6.77846
-6.77309
-6.76305
-6.74984
-6.73461
-6.71832
-6.70588
-6.69221
-6.68436
-6.67848
-6.67414
-6.66624
-6.65713
-6.64822
-6.63785
-6.62733
-6.6208
-6.61807
-6.62033
-6.62777
-6.64079
-6.65965
-6.68235
-6.70593
-6.72878
-6.74774
-6.76095
-6.76762
-6.76496
-6.75001
-6.7267
-6.69582
-6.66879
-6.64304
-6.62834
-6.63177
-6.64796
-6.67409
-6.70553
-6.73605
-6.76257
-6.78427
-6.80067
-6.81149
-6.81646
-6.81674
-6.8103
-6.79816
-6.77708
-6.7527
-6.73057
-6.71135
-6.69789
-6.68991
-6.68923
-6.6925
-6.69293
-6.69336
-6.69011
-6.68211
-6.66897
-6.65333
-6.63681
-6.62188
-6.6086
-6.60155
-6.5987
-6.59842
-6.59784
-6.59577
-6.5913
-6.58697
-6.58315
-6.58175
-6.5815
-6.58547
-6.593
-6.59957
-6.60386
-6.61365
-6.62506
-6.63873
-6.6548
-6.67476
-6.6953
-6.71468
-6.72706
-6.73562
-6.73857
-6.73632
-6.73125
-6.72578
-6.72185
-6.71599
-6.70741
-6.69805
-6.68966
-6.68735
-6.68529
-6.69334
-6.70785
-6.72591
-6.74305
-6.75487
-6.76072
-6.75859
-6.74566
-6.73041
-6.71508
-6.70105
-6.69538
-6.69528
-6.70225
-6.71181
-6.71877
-6.72803
-6.7322
-6.73181
-6.7254
-6.71304
-6.69964
-6.68432
-6.67593
-6.67063
-6.67403
-6.68463
-6.70156
-6.72037
-6.7419
-6.75859
-6.77465
-6.78848
-6.79546
-6.7983
-6.79484
-6.78734
-6.77427
-6.75891
-6.7414
-6.72457
-6.70622
-6.69282
-6.67732
-6.65949
-6.64376
-6.62805
-6.61376
-6.59956
-6.58363
-6.5712
-6.55783
-6.55033
-6.54467
-6.54647
-6.55476
-6.57026
-6.59151
-6.62174
-6.65561
-6.69216
-6.72822
-6.75858
-6.78282
-6.79843
-6.80597
-6.8091
-6.80309
-6.79539
-6.78502
-6.77193
-6.7571
-6.74246
-6.72793
-6.71623
-6.71029
-6.70851
-6.70522
-6.70375
-6.70123
-6.69486
-6.68977
-6.68569
-6.69005
-6.69618
-6.70505
-6.71401
-6.71853
-6.71853
-6.71358
-6.70334
-6.69198
-6.68193
-6.67447
-6.67092
-6.67029
-6.67226
-6.67276
-6.67992
-6.68706
-6.69578
-6.70383
-6.70864
-6.7123
-6.70834
-6.7019
-6.69298
-6.68189
-6.67102
-6.66465
-6.66148
-6.66209
-6.67009
-6.68051
-6.69433
-6.70791
-6.72156
-6.73133
-6.7395
-6.74636
-6.75405
-6.75827
-6.75518
-6.74827
-6.73721
-6.72153
-6.70015
-6.67786
-6.6518
-6.6228
-6.59857
-6.58167
-6.56989
-6.56765
-6.57629
-6.59378
-6.61606
-6.6408
-6.66132
-6.67623
-6.68368
-6.68576
-6.68081
-6.6751
-6.66949
-6.66486
-6.65997
-6.66057
-6.66229
-6.66738
-6.67875
-6.69221
-6.70795
-6.72361
-6.73412
-6.74187
-6.74506
-6.7494
-6.75243
-6.75748
-6.76141
-6.76874
-6.77772
-6.7879
-6.79523
-6.80158
-6.80184
-6.79471
-6.77942
-6.75761
-6.73287
-6.70486
-6.6788
-6.66036
-6.65401
-6.65596
-6.66845
-6.68478
-6.70512
-6.72809
-6.74897
-6.76348
-6.76873
-6.77219
-6.76434
-6.74879
-6.72916
-6.70342
-6.67915
-6.6575
-6.64057
-6.63108
-6.63291
-6.64626
-6.66457
-6.68854
-6.70878
-6.72244
-6.7284
-6.72571
-6.712
-6.69662
-6.67695
-6.65876
-6.63943
-6.62465
-6.61163
-6.5998
-6.59433
-6.59214
-6.59573
-6.60124
-6.61113
-6.62318
-6.63683
-6.64935
-6.65863
-6.66355
-6.66715
-6.67294
-6.67746
-6.6848
-6.68885
-6.68954
-6.689
-6.68492
-6.68522
-6.69354
-6.71026
-6.72944
-6.75357
-6.77959
-6.80051
-6.82145
-6.83337
-6.83664
-6.83135
-6.81453
-6.79195
-6.76516
-6.73772
-6.71033
-6.68743
-6.67355
-6.66542
-6.66511
-6.67145
-6.67874
-6.69028
-6.70271
-6.712
-6.71782
-6.71832
-6.71666
-6.71064
-6.70243
-6.69149
-6.68398
-6.67901
-6.68071
-6.68955
-6.70622
-6.72875
-6.75099
-6.76755
-6.77348
-6.7692
-6.75196
-6.72414
-6.69134
-6.65594
-6.62464
-6.60064
