-5.5232
-5.52417
-5.52352
-5.52449
-5.52416
-5.52545
-5.52416
-5.52448
-5.52383
-5.52157
-5.52027
-5.52286
-5.52448
-5.52416
-5.52546
-5.52287
-5.52449
-5.52481
-5.52643
-5.52708
-5.52838
-5.52708
-5.52902
-5.52999
-5.52902
-5.53129
-5.53096
-5.53032
-5.52967
-5.5287
-5.52935
-5.52773
-5.52741
-5.52708
-5.52611
-5.52384
-5.52449
-5.52255
-5.52319
-5.52352
-5.52417
-5.52255
-5.52287
-5.52482
-5.52514
-5.52482
-5.52643
-5.52417
-5.52223
-5.52611
-5.52579
-5.52709
-5.52839
-5.53001
-5.52774
-5.52839
-5.52579
-5.52579
-5.52352
-5.52611
-5.52546
-5.52546
-5.52352
-5.5219
-5.52547
-5.5245
-5.5245
-5.52353
-5.52158
-5.5219
-5.52093
-5.52287
-5.52125
-5.52061
-5.51899
-5.51997
-5.52029
-5.52093
-5.5219
-5.5219
-5.52157
-5.52319
-5.5232
-5.52773
-5.52871
-5.52871
-5.52838
-5.52773
-5.52708
-5.52675
-5.52805
-5.5274
-5.52481
-5.52352
-5.52481
-5.52514
-5.52417
-5.52287
-5.52093
-5.5219
-5.52287
-5.52158
-5.5206
-5.52222
-5.52222
-5.52287
-5.52351
-5.52319
-5.52319
-5.52416
-5.52513
-5.5261
-5.52416
-5.52416
-5.52416
-5.52319
-5.52255
-5.52384
-5.52546
-5.52675
-5.52643
-5.52707
-5.52772
-5.52772
-5.5274
-5.52675
-5.52707
-5.52772
-5.52773
-5.52643
-5.52352
-5.52319
-5.52384
-5.52352
-5.52481
-5.52449
-5.52319
-5.51995
-5.52254
-5.52448
-5.52481
-5.52319
-5.52318
-5.5248
-5.52546
-5.52902
-5.5287
-5.52838
-5.52676
-5.52417
-5.52611
-5.5261
-5.52578
-5.52739
-5.52804
-5.52772
-5.52837
-5.52869
-5.52869
-5.52804
-5.52836
-5.52739
-5.52545
-5.5261
-5.52481
-5.52546
-5.52708
-5.52902
-5.5287
-5.53032
-5.53097
-5.52967
-5.52902
-5.52869
-5.52869
-5.52804
-5.5261
-5.52771
-5.52707
-5.5261
-5.52675
-5.52545
-5.52383
-5.52448
-5.5248
-5.52416
-5.52254
-5.52222
-5.52125
-5.52287
-5.52255
-5.52384
-5.52546
-5.52643
-5.52513
-5.52545
-5.52674
-5.52836
-5.52965
-5.52965
-5.52804
-5.52836
-5.52836
-5.52675
-5.52448
-5.52513
-5.52611
-5.52384
-5.52546
-5.5261
-5.52545
-5.52448
-5.52383
-5.52351
-5.52254
-5.52254
-5.52318
-5.52351
-5.52286
-5.52383
-5.52416
-5.52319
-5.52319
-5.52319
-5.52157
-5.52416
-5.52739
-5.52804
-5.52577
-5.52674
-5.52642
-5.52771
-5.52674
-5.52707
-5.52707
-5.5248
-5.52513
-5.52577
-5.52642
-5.52642
-5.52609
-5.52577
-5.52448
-5.52545
-5.5261
-5.52545
-5.52772
-5.52772
-5.5274
-5.52642
-5.52642
-5.52577
-5.52383
-5.5248
-5.52415
-5.52415
-5.52577
-5.52544
-5.52544
-5.52415
-5.52609
-5.52512
-5.52707
-5.52804
-5.52642
-5.52707
-5.5261
-5.52836
-5.52933
-5.52868
-5.52868
-5.52966
-5.53095
-5.5303
-5.52901
-5.52998
-5.52739
-5.52739
-5.52934
-5.52998
-5.52933
-5.52739
-5.52706
-5.52447
-5.52383
-5.52674
-5.5261
-5.52643
-5.52545
-5.5248
-5.52416
-5.5248
-5.52448
-5.52577
-5.52674
-5.52415
-5.52577
-5.52642
-5.5261
-5.52416
-5.52222
-5.52157
-5.52319
-5.52157
-5.52319
-5.52319
-5.52383
-5.52545
-5.5248
-5.52545
-5.52706
-5.52771
-5.52771
-5.52901
-5.52642
-5.5261
-5.52481
-5.52611
-5.52546
-5.52481
-5.52513
-5.52642
-5.52739
-5.52674
-5.52739
-5.52739
-5.52772
-5.52578
-5.52643
-5.52708
-5.5261
-5.52869
-5.5261
-5.5261
-5.52707
-5.52772
-5.5274
-5.52481
-5.52611
-5.52675
-5.52578
-5.52481
-5.52578
-5.52513
-5.52545
-5.52675
-5.52513
-5.52384
-5.52254
-5.52254
-5.52578
-5.52578
-5.52513
-5.52611
-5.5274
-5.52546
-5.52513
-5.52449
-5.52319
-5.5219
-5.52287
-5.52578
-5.52384
-5.52481
-5.52319
-5.52384
-5.52513
-5.52513
-5.52578
-5.52805
-5.52869
-5.52707
-5.52805
-5.52773
-5.5274
-5.52708
-5.52708
-5.52903
-5.52968
-5.53
-5.52773
-5.5287
-5.52805
-5.5274
-5.52772
-5.5274
-5.52902
-5.5261
-5.52449
-5.52481
-5.52676
-5.52773
-5.52806
-5.52676
-5.52676
-5.52741
-5.52643
-5.52773
-5.52805
-5.52772
-5.52805
-5.5287
-5.52805
-5.52644
-5.52579
-5.52676
-5.52838
-5.52741
-5.52741
-5.52741
-5.5274
-5.52675
-5.52578
-5.52578
-5.52513
-5.52707
-5.5274
-5.52448
-5.52416
-5.52384
-5.52546
-5.52579
-5.52546
-5.52611
-5.52481
-5.52254
-5.52222
-5.51963
-5.51995
-5.51866
-5.5164
-5.51672
-5.51898
-5.5219
-5.52417
-5.52514
-5.52384
-5.52449
-5.52352
-5.52287
-5.52352
-5.52449
-5.52579
-5.52482
-5.52514
-5.52288
-5.52158
-5.52288
-5.5232
-5.5232
-5.5219
-5.5219
-5.5232
-5.52191
-5.52385
-5.52482
-5.52482
-5.5245
-5.52191
-5.52417
-5.52579
-5.52449
-5.52449
-5.52514
-5.52352
-5.52514
-5.52708
-5.52773
-5.52547
-5.5245
-5.52579
-5.52774
-5.52903
-5.52774
-5.52806
-5.52871
-5.53033
-5.52838
-5.52968
-5.5287
-5.52902
-5.52838
-5.52903
-5.52806
-5.52677
-5.52677
-5.52677
-5.5258
-5.52547
-5.52579
-5.52482
-5.52417
-5.52482
-5.52579
-5.52806
-5.52644
-5.52838
-5.52741
-5.52805
-5.52805
-5.52676
-5.5287
-5.52611
-5.52223
-5.52353
-5.52612
-5.52677
-5.52579
-5.52579
-5.52676
-5.52773
-5.52773
-5.52773
-5.52838
-5.52741
-5.52644
-5.52482
-5.52352
-5.52158
-5.52287
-5.5219
-5.52287
-5.5232
-5.52449
-5.52417
-5.52223
-5.52158
-5.52158
-5.52287
-5.52255
-5.52384
-5.52093
-5.52158
-5.52547
-5.52482
-5.52482
-5.52482
-5.52385
-5.52773
-5.52644
-5.52709
-5.52547
-5.52676
-5.52773
-5.52741
-5.53
-5.5313
-5.53065
-5.52936
-5.52968
-5.52774
-5.52806
-5.52741
-5.52838
-5.52741
-5.52741
-5.52677
-5.52579
-5.52515
-5.52482
-5.52482
-5.5245
-5.52611
-5.52644
-5.52611
-5.52676
-5.52903
-5.52774
-5.52936
-5.53033
-5.52806
-5.52677
-5.52709
-5.52774
-5.52741
-5.52806
-5.52838
-5.52708
-5.52417
-5.52546
-5.5274
-5.52935
-5.52611
-5.52676
-5.52741
-5.52644
-5.52741
-5.52936
-5.53032
-5.52968
-5.53032
-5.53032
-5.52708
-5.52578
-5.52675
-5.52805
-5.52675
-5.52643
-5.52514
-5.52384
-5.52352
-5.52546
-5.52643
-5.52643
-5.52384
-5.5219
-5.52222
-5.52157
-5.52286
-5.52189
-5.52125
-5.52028
-5.52061
-5.52222
-5.52417
-5.52514
-5.52514
-5.52676
-5.52805
-5.52643
-5.52546
-5.52643
-5.5274
-5.52416
-5.52319
-5.52384
-5.5232
-5.52287
-5.52125
-5.5219
-5.52384
-5.52611
-5.52449
-5.52448
-5.52805
-5.52837
-5.5274
-5.52546
-5.52481
-5.52546
-5.52514
-5.52417
-5.52352
-5.52352
-5.52352
-5.52254
-5.52287
-5.52319
-5.52255
-5.52222
-5.52579
-5.52579
-5.52449
-5.52676
-5.52643
-5.52805
-5.52902
-5.52805
-5.52708
-5.5287
-5.52708
-5.52643
-5.52805
-5.52805
-5.5261
-5.52384
-5.52028
-5.52254
-5.52157
-5.52287
-5.5219
-5.52287
-5.52287
-5.52643
-5.52643
-5.52578
-5.52675
-5.52708
-5.52546
-5.52417
-5.52546
-5.52547
-5.52514
-5.52417
-5.52449
-5.52579
-5.52417
-5.52773
-5.52837
-5.52837
-5.5274
-5.52934
-5.52999
-5.52934
-5.53032
-5.52837
-5.53129
-5.53097
-5.53
-5.5287
-5.5287
-5.52676
-5.52612
-5.52579
-5.52514
-5.5245
-5.52579
-5.52805
-5.52578
-5.52676
-5.52708
-5.52773
-5.52643
-5.52546
-5.52514
-5.52449
-5.52482
-5.52417
-5.52255
-5.52352
-5.52482
-5.52579
-5.52676
-5.52676
-5.52676
-5.52611
-5.52675
-5.52837
-5.5274
-5.52611
-5.52546
-5.52579
-5.52384
-5.52482
-5.52708
-5.52547
-5.52676
-5.52578
-5.52643
-5.52611
-5.52481
-5.52449
-5.52416
-5.52481
-5.52643
-5.52546
-5.52675
-5.5274
-5.52676
-5.5274
-5.52773
-5.52838
-5.52676
-5.52676
-5.52838
-5.52838
-5.52806
-5.5287
-5.52805
-5.52676
-5.52643
-5.52805
-5.52773
-5.52773
-5.52546
-5.52611
-5.52579
-5.52482
-5.52514
-5.52546
-5.52708
-5.52546
-5.52287
-5.52384
-5.52514
-5.52741
-5.52805
-5.52741
-5.52546
-5.52546
-5.52546
-5.52482
-5.52449
-5.52223
-5.52223
-5.52579
-5.52449
-5.52319
-5.52352
-5.52384
-5.52513
-5.52611
-5.52675
-5.52869
-5.52999
-5.52999
-5.52902
-5.52805
-5.5287
-5.52676
-5.52611
-5.52385
-5.52223
-5.52255
-5.52061
-5.52222
-5.52255
-5.52546
-5.52352
-5.52449
-5.52514
-5.52547
-5.52741
-5.52741
-5.52967
-5.5287
-5.52935
-5.52902
-5.52837
-5.52675
-5.52578
-5.52513
-5.52513
-5.52902
-5.52773
-5.5287
-5.53033
-5.52774
-5.52838
-5.52774
-5.52838
-5.52903
-5.5287
-5.52805
-5.52676
-5.52676
-5.52611
-5.52579
-5.52741
-5.52709
-5.52644
-5.52677
-5.52644
-5.52514
-5.52482
-5.52611
-5.52546
-5.52579
-5.52417
-5.52449
-5.52417
-5.52255
-5.52125
-5.52126
-5.52029
-5.52126
-5.52256
-5.52385
-5.52385
-5.52385
-5.52384
-5.52514
-5.5261
-5.52675
-5.52643
-5.52578
-5.5261
-5.52546
-5.52449
-5.52352
-5.52288
-5.52126
-5.52061
-5.52222
-5.52287
-5.52352
-5.52384
-5.52384
-5.52513
-5.52578
-5.52642
-5.52545
-5.52545
-5.52481
-5.52578
-5.5261
-5.52611
-5.52578
-5.52708
-5.52481
-5.52417
-5.52416
-5.52028
-5.51963
-5.5193
-5.51898
-5.51865
-5.52156
-5.5248
-5.52319
-5.52319
-5.52546
-5.52675
-5.52449
-5.52384
-5.52384
-5.52352
-5.52351
-5.52416
-5.52416
-5.52642
-5.52837
-5.53096
-5.52934
-5.52837
-5.52805
-5.52966
-5.52837
-5.52805
-5.52805
-5.52902
-5.52902
-5.52869
-5.52837
-5.52643
-5.52449
-5.52449
-5.52643
-5.52643
-5.52611
-5.52319
-5.52157
-5.52222
-5.52222
-5.52351
-5.52416
-5.52254
-5.52286
-5.52415
-5.52416
-5.52707
-5.52352
-5.5232
-5.52222
-5.52093
-5.52222
-5.52125
-5.5219
-5.52449
-5.52448
-5.52416
-5.52351
-5.52448
-5.5248
-5.52382
-5.52285
-5.52286
-5.52253
-5.52254
-5.52319
-5.52578
-5.52611
-5.52578
-5.52578
-5.52837
-5.52837
-5.52578
-5.5248
-5.52448
-5.52254
-5.52221
-5.5248
-5.52578
-5.52675
-5.52513
-5.52449
-5.52449
-5.52643
-5.52481
-5.52351
-5.52189
-5.52189
-5.52254
-5.52448
-5.52707
-5.52577
-5.5261
-5.5274
-5.52772
-5.52772
-5.52707
-5.5274
-5.5274
-5.52999
-5.5316
-5.52901
-5.52934
-5.52545
-5.52383
-5.52286
-5.52319
-5.52319
-5.52254
-5.52383
-5.52772
-5.52804
-5.52869
-5.52934
-5.52934
-5.5261
-5.5261
-5.52772
-5.52643
-5.52772
-5.52708
-5.52481
-5.52124
-5.52221
-5.52189
-5.52254
-5.52254
-5.52157
-5.52125
-5.52351
-5.52351
-5.52254
-5.52384
-5.52416
-5.52449
-5.52513
-5.52707
-5.5274
-5.52675
-5.5261
-5.52675
-5.52546
-5.52578
-5.52545
-5.52448
-5.52577
-5.52739
-5.52901
-5.52836
-5.52934
-5.53031
-5.52966
-5.52869
-5.52837
-5.52869
-5.53063
-5.52901
-5.52836
-5.52609
-5.52545
-5.52545
-5.52642
-5.52804
-5.52901
-5.52803
-5.52803
-5.529
-5.52997
-5.53127
-5.53192
-5.53257
-5.53322
-5.53387
-5.5329
-5.53225
-5.5316
-5.53128
-5.53322
-5.53354
-5.53225
-5.52965
-5.52868
-5.52804
-5.52804
-5.52804
-5.52447
-5.5235
-5.52285
-5.52188
-5.52318
-5.5248
-5.52188
-5.52188
-5.52156
-5.52188
-5.52253
-5.52317
-5.52318
-5.52285
-5.52285
-5.52317
-5.52285
-5.51993
-5.52188
-5.52511
-5.52512
-5.52544
-5.52576
-5.52706
-5.52576
-5.52414
-5.52382
-5.52608
-5.52479
-5.52381
-5.5264
-5.5264
-5.52446
-5.52576
-5.52674
-5.5248
-5.52351
-5.52383
-5.52415
-5.52577
-5.52415
-5.52512
-5.52446
-5.52382
-5.52414
-5.52576
-5.52608
-5.52673
-5.52673
-5.52609
-5.52479
-5.5235
-5.52285
-5.5222
-5.52188
-5.52447
-5.52479
-5.52609
-5.52576
-5.52609
-5.52641
-5.52738
-5.52868
-5.52868
-5.52997
-5.53127
-5.52997
-5.53191
-5.53191
-5.53094
-5.52932
-5.52868
-5.52868
-5.52706
-5.52673
-5.52608
-5.52673
-5.52738
-5.5277
-5.52706
-5.52641
-5.52577
-5.52836
-5.52544
-5.52577
-5.52544
-5.52706
-5.52674
-5.52803
-5.52836
-5.52997
-5.52933
-5.52641
-5.52543
-5.52543
-5.52478
-5.52479
-5.52446
-5.5222
-5.52285
-5.5235
-5.52382
-5.52479
-5.52447
-5.5222
-5.5222
-5.52155
-5.52317
-5.52252
-5.52478
-5.52673
-5.52446
-5.52673
-5.52673
-5.52802
-5.5264
-5.52608
-5.52802
-5.52511
-5.52284
-5.52284
-5.52155
-5.52025
-5.51993
-5.52317
-5.52382
-5.52479
-5.52673
-5.52738
-5.5277
-5.52673
-5.52932
-5.52964
-5.5277
-5.52705
-5.52641
-5.52479
-5.52446
-5.52576
-5.52446
-5.52511
-5.52446
-5.52641
-5.52641
-5.52576
-5.52641
-5.52577
-5.52609
-5.52577
-5.52641
-5.52512
-5.52576
-5.52544
-5.52511
-5.52544
-5.52285
-5.52252
-5.52479
-5.52479
-5.52447
-5.52252
-5.52479
-5.52188
-5.51961
-5.51864
-5.51929
-5.52059
-5.52123
-5.52479
-5.52252
-5.52349
-5.52284
-5.52479
-5.52349
-5.52285
-5.5235
-5.52252
-5.52285
-5.52026
-5.51896
-5.51961
-5.5209
-5.52414
-5.52576
-5.5277
-5.52803
-5.52673
-5.52641
-5.52609
-5.52414
-5.5222
-5.52317
-5.52544
-5.52382
-5.52284
-5.52414
-5.52544
-5.52641
-5.52673
-5.52803
-5.52803
-5.52673
-5.52641
-5.52511
-5.52219
-5.52284
-5.52511
-5.52608
-5.52835
-5.5264
-5.52511
-5.52479
-5.52512
-5.52641
-5.52771
-5.52933
-5.53094
-5.52997
-5.5303
-5.52803
-5.52738
-5.52835
-5.52771
-5.52673
-5.52479
-5.52285
-5.52285
-5.5235
-5.52285
-5.52609
-5.52739
-5.52706
-5.52739
-5.52642
-5.52545
-5.5248
-5.52609
-5.52804
-5.52771
-5.52609
-5.52544
-5.52512
-5.52609
-5.52674
-5.52739
-5.52448
-5.52189
-5.52415
-5.52674
-5.52836
-5.52869
-5.52739
-5.52869
-5.52837
-5.5274
-5.52999
-5.52999
-5.52902
-5.52869
-5.52772
-5.52869
-5.5274
-5.52707
-5.52771
-5.52674
-5.52609
-5.52707
-5.52513
-5.5248
-5.52416
-5.52448
-5.52675
-5.52674
-5.52739
-5.52706
-5.52803
-5.52738
-5.52706
-5.52512
-5.52512
-5.52512
-5.52188
-5.52188
-5.52253
-5.5248
-5.52382
-5.52382
-5.52414
-5.52284
-5.52478
-5.52381
-5.52284
-5.52414
-5.52349
-5.52187
-5.52285
-5.52576
-5.52447
-5.52447
-5.52641
-5.52739
-5.52836
-5.52739
-5.52965
-5.53062
-5.5277
-5.52705
-5.52738
-5.52705
-5.52673
-5.52641
-5.52705
-5.52803
-5.52803
-5.52835
-5.529
-5.52803
-5.52835
-5.52705
-5.52576
-5.52446
-5.52349
-5.52382
-5.52349
-5.5235
-5.52577
-5.52674
-5.52771
-5.52803
-5.52965
-5.53062
-5.53127
-5.53095
-5.52965
-5.52965
-5.5303
-5.52932
-5.52771
-5.5248
-5.5248
-5.52512
-5.5248
-5.5235
-5.52285
-5.52415
-5.52317
-5.52123
-5.52155
-5.52058
-5.52188
-5.52026
-5.52026
-5.52382
-5.52447
-5.52446
-5.52349
-5.52382
-5.52446
-5.52382
-5.52511
-5.52641
-5.52512
-5.52415
-5.52803
-5.52544
-5.52609
-5.52576
-5.52479
-5.52673
-5.52608
-5.52382
-5.52479
-5.52512
-5.52544
-5.52512
-5.52544
-5.52544
-5.52382
-5.52317
-5.52447
-5.52382
-5.52382
-5.52479
-5.52608
-5.52705
-5.5277
-5.52705
-5.52737
-5.52834
-5.5277
-5.52641
-5.52576
-5.52576
-5.52738
-5.52705
-5.5264
-5.52673
-5.5277
-5.52673
-5.5277
-5.52673
-5.52608
-5.52543
-5.52446
-5.52413
-5.5209
-5.52155
-5.52252
-5.52543
-5.52511
-5.52543
-5.52349
-5.52317
-5.52252
-5.52446
-5.52414
-5.5277
-5.52511
-5.52349
-5.52478
-5.5251
-5.52413
-5.52445
-5.52284
-5.52187
-5.52251
-5.52511
-5.5264
-5.52446
-5.52544
-5.52511
-5.52608
-5.52446
-5.52317
-5.52155
-5.52155
-5.52122
-5.52317
-5.52381
-5.52511
-5.52543
-5.52543
-5.52446
-5.52478
-5.52446
-5.52252
-5.52252
-5.52284
-5.52284
-5.52219
-5.52252
-5.52187
-5.52381
-5.52641
-5.52673
-5.52576
-5.52609
-5.52576
-5.52641
-5.52511
-5.52479
-5.52479
-5.52608
-5.52511
-5.5264
-5.52478
-5.52705
-5.52737
-5.52835
-5.52705
-5.52576
-5.52706
-5.52803
-5.52835
-5.52705
-5.52672
-5.52705
-5.52575
-5.52446
-5.52316
-5.52284
-5.52543
-5.52607
-5.5251
-5.52575
-5.52769
-5.52543
-5.52349
-5.52284
-5.52122
-5.52316
-5.52413
-5.52381
-5.52575
-5.5264
-5.52543
-5.52705
-5.52834
-5.52802
-5.52802
-5.52575
-5.52672
-5.52607
-5.52607
-5.52445
-5.52445
-5.52575
-5.52705
-5.52737
-5.52867
-5.52834
-5.52899
-5.52704
-5.52704
-5.52704
-5.52672
-5.52413
-5.5251
-5.5264
-5.52446
-5.52445
-5.5264
-5.5251
-5.5251
-5.52478
-5.52413
-5.52381
-5.52283
-5.52445
-5.52575
-5.52704
-5.52607
-5.52672
-5.52769
-5.52704
-5.52445
-5.52381
-5.52348
-5.52478
-5.52381
-5.52283
-5.52381
-5.52413
-5.5251
-5.52672
-5.52704
-5.52672
-5.52412
-5.52477
-5.52413
-5.52478
-5.52445
-5.52413
-5.52542
-5.52542
-5.52607
-5.52801
-5.52736
-5.52704
-5.52705
-5.5264
-5.52705
-5.52543
-5.52284
-5.52607
-5.5251
-5.52283
-5.52478
-5.52607
-5.52575
-5.52413
-5.52348
-5.52477
-5.52445
-5.52445
-5.52542
-5.52704
-5.52477
-5.5238
-5.52218
-5.52251
-5.52315
-5.5251
-5.52704
-5.52607
-5.52769
-5.52477
-5.5238
-5.52186
-5.5225
-5.52348
-5.52315
-5.52186
-5.52056
-5.52056
-5.5225
-5.5225
-5.5212
-5.52152
-5.52314
-5.52315
-5.52509
-5.52314
-5.52412
-5.52509
-5.52509
-5.52639
-5.52639
-5.52801
-5.52736
-5.52541
-5.52509
-5.52444
-5.52573
-5.52605
-5.5267
-5.52508
-5.52508
-5.52573
-5.52379
-5.52185
-5.52379
-5.52444
-5.52218
-5.52315
-5.52185
-5.5212
-5.52055
-5.52217
-5.52152
-5.52087
-5.51958
-5.52023
-5.52508
-5.52476
-5.52411
-5.52476
-5.52281
-5.52314
-5.52249
-5.51861
-5.51893
-5.51925
-5.52184
-5.52217
-5.52184
-5.52249
-5.52248
-5.52378
-5.52346
-5.52443
-5.5254
-5.52637
-5.52637
-5.52637
-5.52637
-5.52832
-5.52832
-5.52735
-5.52962
-5.52703
-5.52573
-5.52411
-5.52217
-5.5199
-5.51925
-5.52022
-5.51958
-5.52023
-5.52217
-5.52476
-5.52411
-5.52508
-5.52379
-5.52314
-5.52314
-5.52508
-5.52508
-5.52476
-5.52509
-5.52671
-5.52606
-5.52606
-5.52509
-5.52639
-5.52639
-5.52639
-5.52768
-5.52639
-5.52477
-5.52704
-5.52606
-5.52477
-5.52509
-5.52768
-5.52476
-5.52444
-5.52282
-5.5238
-5.52412
-5.52607
-5.52574
-5.52412
-5.52574
-5.52574
-5.52412
-5.5238
-5.52445
-5.52477
-5.52574
-5.52704
-5.52509
-5.52607
-5.52477
-5.52672
-5.52736
-5.52639
-5.52704
-5.52833
-5.5293
-5.52995
-5.5293
-5.52963
-5.52866
-5.52866
-5.52866
-5.52834
-5.5306
-5.52963
-5.52704
-5.52477
-5.52477
-5.52704
-5.52736
-5.52736
-5.52704
-5.52801
-5.52671
-5.52607
-5.52413
-5.52186
-5.52251
-5.52348
-5.52154
-5.52089
-5.52186
-5.52153
-5.52121
-5.5225
-5.52412
-5.52574
-5.52477
-5.52445
-5.52121
-5.52186
-5.52412
-5.52218
-5.52153
-5.52089
-5.52056
-5.52057
-5.52316
-5.52542
-5.52672
-5.52542
-5.5264
-5.52834
-5.52542
-5.52412
-5.52348
-5.52251
-5.52218
-5.52218
-5.52153
-5.52056
-5.52024
-5.52348
-5.52446
-5.52575
-5.52867
-5.52866
-5.52834
-5.52704
-5.52769
-5.52672
-5.52413
-5.52511
-5.52479
-5.52511
-5.52576
-5.52608
-5.52705
-5.52899
-5.52996
-5.5277
-5.52575
-5.52608
-5.52511
-5.52382
-5.5222
-5.52349
-5.52641
-5.52576
-5.52479
-5.52479
-5.52608
-5.52641
-5.52544
-5.52803
-5.52867
-5.52673
-5.529
-5.52641
-5.52641
-5.52609
-5.52576
-5.52738
-5.52641
-5.52738
-5.52835
-5.5264
-5.5264
-5.52575
-5.52802
-5.53029
-5.52964
-5.52899
-5.52608
-5.52576
-5.52544
-5.52641
-5.52414
-5.52253
-5.52317
-5.52544
-5.52512
-5.52544
-5.52414
-5.52609
-5.52479
-5.52641
-5.52608
-5.52673
-5.52543
-5.5277
-5.52446
-5.52511
-5.52414
-5.52447
-5.52447
-5.52512
-5.52415
-5.52415
-5.52448
-5.52674
-5.52577
-5.52383
-5.52479
-5.52738
-5.52673
-5.52511
-5.52609
-5.52738
-5.52868
-5.52868
-5.52771
-5.52641
-5.52803
-5.52835
-5.52803
-5.52803
-5.52576
-5.52512
-5.52447
-5.52479
-5.52609
-5.52673
-5.52673
-5.52479
-5.52575
-5.52673
-5.5277
-5.52932
-5.5277
-5.52608
-5.52544
-5.52576
-5.52706
-5.52706
-5.52512
-5.52673
-5.52673
-5.52414
-5.52511
-5.52608
-5.52446
-5.52414
-5.5235
-5.52447
-5.52576
-5.52738
-5.52544
-5.52479
-5.52673
-5.52965
-5.52835
-5.53029
-5.52997
-5.529
-5.52835
-5.52738
-5.52738
-5.52641
-5.52932
-5.5277
-5.52803
-5.52738
-5.52609
-5.52738
-5.52576
-5.52641
-5.52446
-5.52414
-5.52641
-5.52349
-5.52349
-5.52381
-5.52155
-5.52058
-5.52187
-5.52414
-5.5235
-5.52382
-5.52382
-5.52188
-5.5235
-5.52317
-5.52252
-5.52414
-5.52187
-5.52381
-5.52414
-5.52349
-5.52446
-5.52382
-5.52447
-5.52511
-5.52447
-5.52511
-5.52641
-5.52673
-5.52835
-5.52576
-5.52641
-5.52608
-5.52641
-5.52609
-5.52512
-5.52447
-5.52447
-5.52188
-5.52415
-5.52512
-5.52544
-5.52738
-5.52511
-5.52382
-5.52349
-5.52284
-5.52252
-5.52187
-5.52187
-5.52122
-5.52123
-5.51961
-5.51961
-5.51993
-5.52187
-5.52252
-5.52382
-5.52317
-5.52479
-5.52382
-5.52318
-5.52415
-5.52512
-5.52577
-5.52544
-5.52415
-5.52609
-5.5277
-5.52576
-5.52705
-5.52543
-5.52608
-5.52576
-5.52641
-5.52415
-5.52545
-5.52577
-5.52383
-5.52674
-5.52771
-5.52609
-5.52544
-5.52577
-5.52706
-5.52576
-5.5277
-5.52803
-5.52803
-5.52835
-5.52868
-5.53062
-5.52965
-5.52673
-5.52738
-5.52512
-5.52479
-5.52155
-5.5222
-5.52317
-5.52511
-5.5277
-5.52964
-5.52835
-5.52964
-5.529
-5.52803
-5.52836
-5.52868
-5.53063
-5.53127
-5.53386
-5.53354
-5.53159
-5.53127
-5.5303
-5.529
-5.52771
-5.52512
-5.52447
-5.52382
-5.52188
-5.5222
-5.52382
-5.5209
-5.51928
-5.52025
-5.51993
-5.51961
-5.52025
-5.51896
-5.51961
-5.5222
-5.52317
-5.52382
-5.52447
-5.52577
-5.5248
-5.52674
-5.52674
-5.52641
-5.52771
-5.52641
-5.52576
-5.52317
-5.52609
-5.52285
-5.5235
-5.52285
-5.52285
-5.52156
-5.52285
-5.52479
-5.52576
-5.52511
-5.52252
-5.52026
-5.51993
-5.52058
-5.5222
-5.52415
-5.52641
-5.52479
-5.5248
-5.5248
-5.52512
-5.52383
-5.52577
-5.52609
-5.52771
-5.52803
-5.52771
-5.529
-5.52932
-5.53062
-5.52836
-5.529
-5.52868
-5.52803
-5.52771
-5.52803
-5.52998
-5.52706
-5.52739
-5.52966
-5.52869
-5.53063
-5.53031
-5.52901
-5.52965
-5.52868
-5.52868
-5.52739
-5.52706
-5.52706
-5.52545
-5.5261
-5.52577
-5.5248
-5.5235
-5.52286
-5.52253
-5.52189
-5.51994
-5.52027
-5.52286
-5.52318
-5.52383
-5.52253
-5.52318
-5.52221
-5.52253
-5.52285
-5.52382
-5.52479
-5.52674
-5.52609
-5.52545
-5.52674
-5.5248
-5.5261
-5.52512
-5.52707
-5.52642
-5.529
-5.52868
-5.52479
-5.52511
-5.52447
-5.52512
-5.52544
-5.52609
-5.52577
-5.52642
-5.52609
-5.52577
-5.5248
-5.52544
-5.5235
-5.52479
-5.5235
-5.52383
-5.52383
-5.5248
-5.5235
-5.52544
-5.52577
-5.5235
-5.52448
-5.52448
-5.52286
-5.52221
-5.52319
-5.52384
-5.52513
-5.52578
-5.52383
-5.52351
-5.52383
-5.52416
-5.52448
-5.52092
-5.5235
-5.52318
-5.52382
-5.52415
-5.52286
-5.52286
-5.52221
-5.52351
-5.52286
-5.52545
-5.52577
-5.52707
-5.52772
-5.52772
-5.52901
-5.52675
-5.52675
-5.5274
-5.52675
-5.52609
-5.52706
-5.52674
-5.52738
-5.52641
-5.52738
-5.52642
-5.5248
-5.5248
-5.52416
-5.52416
-5.52319
-5.52513
-5.52351
-5.52708
-5.52934
-5.52902
-5.5261
-5.52643
-5.5261
-5.52578
-5.52513
-5.52383
-5.52513
-5.5248
-5.52286
-5.52091
-5.52318
-5.52706
-5.52577
-5.52545
-5.52383
-5.52545
-5.5261
-5.5261
-5.5274
-5.52708
-5.52676
-5.52773
-5.52838
-5.52902
-5.52708
-5.52416
-5.52352
-5.52351
-5.52319
-5.52156
-5.52318
-5.52318
-5.52415
-5.52318
-5.52318
-5.52545
-5.52448
-5.52351
-5.52481
-5.52384
-5.52481
-5.52416
-5.52319
-5.52546
-5.52578
-5.52707
-5.52707
-5.52836
-5.52642
-5.52383
-5.52351
-5.52643
-5.5287
-5.52805
-5.52579
-5.52546
-5.52417
-5.52319
-5.52157
-5.52092
-5.52221
-5.52221
-5.52157
-5.52222
-5.52189
-5.52351
-5.52546
-5.52514
-5.52578
-5.52514
-5.52546
-5.52578
-5.52773
-5.52999
-5.5287
-5.52773
-5.52708
-5.52838
-5.52805
-5.5274
-5.52546
-5.52481
-5.52383
-5.52351
-5.52545
-5.52642
-5.5274
-5.52675
-5.52805
-5.52675
-5.52546
-5.52675
-5.52578
-5.52676
-5.52546
-5.52579
-5.52449
-5.52579
-5.52352
-5.5219
-5.52222
-5.52189
-5.52222
-5.52124
-5.52157
-5.52286
-5.52416
-5.52481
-5.52611
-5.52643
-5.52546
-5.52514
-5.52384
-5.52448
-5.5248
-5.52416
-5.52448
-5.5248
-5.5261
-5.52416
-5.52513
-5.52675
-5.52481
-5.52448
-5.52189
-5.52416
-5.52319
-5.52319
-5.52254
-5.52255
-5.52255
-5.52514
-5.52546
-5.52482
-5.52417
-5.52644
-5.52773
-5.52838
-5.52805
-5.52934
-5.52902
-5.52772
-5.52675
-5.52514
-5.52481
-5.52352
-5.52579
-5.52417
-5.52709
-5.52774
-5.52612
-5.52644
-5.52838
-5.52838
-5.5287
-5.5274
-5.52708
-5.52481
-5.52449
-5.52319
-5.52255
-5.52287
-5.52449
-5.5245
-5.52418
-5.52547
-5.52418
-5.52515
-5.5232
-5.52223
-5.52515
-5.52353
-5.52417
-5.5245
-5.5232
-5.52449
-5.52223
-5.52223
-5.52255
-5.52255
-5.52417
-5.52223
-5.52255
-5.52352
-5.52255
-5.52288
-5.5232
-5.52353
-5.5232
-5.52418
-5.52159
-5.52223
-5.52482
-5.52547
-5.52482
-5.52644
-5.52644
-5.5245
-5.52385
-5.52353
-5.52256
-5.52288
-5.52094
-5.51997
-5.51965
-5.51965
-5.52061
-5.52191
-5.52256
-5.52418
-5.52353
-5.52256
-5.52321
-5.52418
-5.52417
-5.52256
-5.5232
-5.52255
-5.52288
-5.52255
-5.52223
-5.5245
-5.52547
-5.52514
-5.52482
-5.52515
-5.52288
-5.52191
-5.5245
-5.52418
-5.52483
-5.52483
-5.52547
-5.52547
-5.52547
-5.52579
-5.52417
-5.52514
-5.52352
-5.52223
-5.52061
-5.52126
-5.52029
-5.51673
-5.51997
-5.52094
-5.52288
-5.52256
-5.52451
-5.52451
-5.52612
-5.52742
-5.52677
-5.52806
-5.52839
-5.52968
-5.52709
-5.52742
-5.52645
-5.52548
-5.5258
-5.52483
-5.52191
-5.52126
-5.52353
-5.52612
-5.52677
-5.52612
-5.52612
-5.52579
-5.52644
-5.52579
-5.52547
-5.52515
-5.52547
-5.5245
-5.5245
-5.52321
-5.52385
-5.5245
-5.52676
-5.52838
-5.52838
-5.52741
-5.52611
-5.52579
-5.5232
-5.52449
-5.52385
-5.52385
-5.5219
-5.52417
-5.52773
-5.52838
-5.52741
-5.52579
-5.52514
-5.52546
-5.52579
-5.52676
-5.52449
-5.52417
-5.52514
-5.52385
-5.52514
-5.52482
-5.52546
-5.52611
-5.52579
-5.52482
-5.52287
-5.52223
-5.5219
-5.52093
-5.52061
-5.52158
-5.52547
-5.52546
-5.52352
-5.52385
-5.5219
-5.52126
-5.52061
-5.52482
-5.52353
-5.5245
-5.52515
-5.52547
-5.52482
-5.52611
-5.52482
-5.52579
-5.52709
-5.52676
-5.52709
-5.52871
-5.52579
-5.52515
-5.52839
-5.52677
-5.5258
-5.52613
-5.52742
-5.52871
-5.52936
-5.52709
-5.52677
-5.52547
-5.52774
-5.52806
-5.52774
-5.52871
-5.52774
-5.52547
-5.52483
-5.52548
-5.5271
-5.52451
-5.52353
-5.52353
-5.52483
-5.52515
-5.52548
-5.52774
-5.52807
-5.52774
-5.52904
-5.52903
-5.52644
-5.52644
-5.52515
-5.52515
-5.52709
-5.52839
-5.52645
-5.52936
-5.52871
-5.52807
-5.52774
-5.5271
-5.5271
-5.52871
-5.52904
-5.52969
-5.53033
-5.52871
-5.52742
-5.52806
-5.52645
-5.52709
-5.5258
-5.52386
-5.52289
-5.52127
-5.52062
-5.52256
-5.52159
-5.52288
-5.52483
-5.52515
-5.52482
-5.5245
-5.52482
-5.5245
-5.52353
-5.5245
-5.52644
-5.52612
-5.5258
-5.52677
-5.52612
-5.52547
-5.52677
-5.52385
-5.5258
-5.52612
-5.5258
-5.52645
-5.52645
-5.52871
-5.52806
-5.52903
-5.52968
-5.52806
-5.52838
-5.52677
-5.52839
-5.52677
-5.52386
-5.52515
-5.5258
-5.52579
-5.5245
-5.52449
-5.5232
-5.5232
-5.52255
-5.52482
-5.52644
-5.52806
-5.52806
-5.52676
-5.52935
-5.52935
-5.53259
-5.53033
-5.52903
-5.53162
-5.53065
-5.53065
-5.53065
-5.52968
-5.52741
-5.52774
-5.52871
-5.52871
-5.52774
-5.52968
-5.52612
-5.52385
-5.52288
-5.52223
-5.52288
-5.52352
-5.52417
-5.52223
-5.52288
-5.52223
-5.52223
-5.52158
-5.5232
-5.52417
-5.52676
-5.52644
-5.52741
-5.52806
-5.52871
-5.52839
-5.52644
-5.52838
-5.52936
-5.53
-5.53033
-5.52871
-5.52838
-5.5313
-5.53098
-5.53
-5.53065
-5.53033
-5.52839
-5.52677
-5.52838
-5.5287
-5.53129
-5.52967
-5.53097
-5.53194
-5.53097
-5.53324
-5.53259
-5.53227
-5.53227
-5.53227
-5.5313
-5.53
-5.52935
-5.53065
-5.52871
-5.52935
-5.52805
-5.52773
-5.52741
-5.52546
-5.52514
-5.52547
-5.52418
-5.52353
-5.52288
-5.52191
-5.52224
-5.52547
-5.52385
-5.5245
-5.52548
-5.52483
-5.52709
-5.52806
-5.52773
-5.52643
-5.52643
-5.52546
-5.52578
-5.52319
-5.52643
-5.52579
-5.52676
-5.52611
-5.52579
-5.52482
-5.52773
-5.52838
-5.52741
-5.52741
-5.52806
-5.5245
-5.52482
-5.52547
-5.52515
-5.52288
-5.5245
-5.52288
-5.52288
-5.52191
-5.52256
-5.52385
-5.52482
-5.52644
-5.52514
-5.5245
-5.5245
-5.52515
-5.52482
-5.52579
-5.52547
-5.52514
-5.52644
-5.52579
-5.52644
-5.5287
-5.52611
-5.52546
-5.52611
-5.52611
-5.52741
-5.52871
-5.52742
-5.52709
-5.52644
-5.52547
-5.52385
-5.52482
-5.52352
-5.52352
-5.52417
-5.52255
-5.52158
-5.52417
-5.52255
-5.52514
-5.5232
-5.5232
-5.52255
-5.52579
-5.52384
-5.5232
-5.52287
-5.52449
-5.52287
-5.5232
-5.52352
-5.52288
-5.52514
-5.52611
-5.52708
-5.52644
-5.52546
-5.52417
-5.52385
-5.52352
-5.52547
-5.52547
-5.52417
-5.52417
-5.52547
-5.52709
-5.52547
-5.52482
-5.52255
-5.52255
-5.52384
-5.52417
-5.52255
-5.52094
-5.51997
-5.52094
-5.52159
-5.5232
-5.5245
-5.5245
-5.52256
-5.52353
-5.52321
-5.52418
-5.52353
-5.5245
-5.5245
-5.52418
-5.52515
-5.52579
-5.5258
-5.52677
-5.52774
-5.52774
-5.52709
-5.52709
-5.52482
-5.52385
-5.5245
-5.5232
-5.52385
-5.52515
-5.52644
-5.5258
-5.52774
-5.52774
-5.52807
-5.52677
-5.52547
-5.52515
-5.52709
-5.52644
-5.52741
-5.5245
-5.52288
-5.52482
-5.52547
-5.5258
-5.52515
-5.52644
-5.52579
-5.52514
-5.52417
-5.52449
-5.52352
-5.52287
-5.52255
-5.52255
-5.52384
-5.52482
-5.52417
-5.52385
-5.52644
-5.5245
-5.52676
-5.52709
-5.52709
-5.52741
-5.52482
-5.52159
-5.52321
-5.52612
-5.52482
-5.52417
-5.52353
-5.5245
-5.52547
-5.52579
-5.52514
-5.52385
-5.52514
-5.5245
-5.52579
-5.52515
-5.52385
-5.52321
-5.52224
-5.52224
-5.52191
-5.52353
-5.52288
-5.52385
-5.52353
-5.52579
-5.52677
-5.52935
-5.52806
-5.5287
-5.52741
-5.52741
-5.52936
-5.52904
-5.52904
-5.52904
-5.53098
-5.52936
-5.53098
-5.52936
-5.52871
-5.52677
-5.5258
-5.5245
-5.52385
-5.52418
-5.52742
-5.52742
-5.52904
-5.52871
-5.52677
-5.52645
-5.52547
-5.52612
-5.52385
-5.52321
-5.52612
-5.52644
-5.52903
-5.52806
-5.52774
-5.52871
-5.52774
-5.52806
-5.52806
-5.52644
-5.52547
-5.5245
-5.52385
-5.52482
-5.52612
-5.52579
-5.52418
-5.52418
-5.5245
-5.5245
-5.52547
-5.52418
-5.52483
-5.52515
-5.52224
-5.52321
-5.5258
-5.5271
-5.5258
-5.52515
-5.52742
-5.53001
-5.52969
-5.53098
-5.53131
-5.53066
-5.52904
-5.52839
-5.52645
-5.52742
-5.52548
-5.52418
-5.52548
-5.52612
-5.52645
-5.52612
-5.52612
-5.52612
-5.52904
-5.52904
-5.52969
-5.52807
-5.52646
-5.52613
-5.52743
-5.52645
-5.52807
-5.52742
-5.52839
-5.52775
-5.5271
-5.5271
-5.52645
-5.52742
-5.52742
-5.52613
-5.52742
-5.52775
-5.5271
-5.52807
-5.52646
-5.52581
-5.52516
-5.52548
-5.52645
-5.52677
-5.5258
-5.5258
-5.5258
-5.52257
-5.52225
-5.52128
-5.52289
-5.52354
-5.52192
-5.51997
-5.52159
-5.52256
-5.52256
-5.52159
-5.52289
-5.52354
-5.5216
-5.52483
-5.52516
-5.52646
-5.52549
-5.52646
-5.52678
-5.52937
-5.52904
-5.52839
-5.5271
-5.52677
-5.52483
-5.52289
-5.52321
-5.52257
-5.51966
-5.51998
-5.52063
-5.51998
-5.51901
-5.52192
-5.52192
-5.52257
-5.51965
-5.519
-5.51868
-5.52257
-5.52321
-5.52548
-5.52419
-5.5271
-5.52711
-5.52808
-5.53099
-5.53002
-5.53034
-5.53033
-5.52774
-5.5258
-5.52386
-5.5271
-5.52808
-5.52711
-5.52581
-5.52419
-5.5229
-5.52419
-5.52387
-5.52225
-5.52386
-5.52483
-5.52386
-5.52386
-5.52354
-5.52224
-5.52257
-5.52516
-5.52451
-5.52581
-5.52225
-5.5229
-5.5229
-5.52354
-5.52354
-5.52646
-5.5271
-5.52678
-5.5258
-5.52451
-5.52515
-5.52418
-5.52321
-5.52256
-5.5258
-5.52484
-5.52386
-5.52354
-5.52289
-5.52419
-5.52322
-5.52225
-5.5229
-5.51998
-5.51998
-5.51966
-5.5203
-5.5216
-5.51998
-5.52127
-5.52224
-5.52225
-5.52289
-5.52646
-5.52484
-5.52484
-5.52614
-5.52808
-5.5284
-5.52581
-5.52678
-5.52742
-5.5271
-5.52742
-5.52872
-5.52775
-5.52807
-5.52743
-5.5271
-5.5271
-5.5271
-5.5271
-5.52937
-5.52678
-5.5271
-5.52678
-5.52613
-5.52581
-5.52354
-5.52419
-5.52419
-5.52646
-5.52646
-5.52484
-5.5271
-5.52872
-5.52937
-5.53002
-5.5297
-5.52905
-5.52678
-5.52743
-5.52484
-5.52452
-5.52581
-5.52516
-5.52484
-5.52549
-5.52516
-5.52517
-5.52517
-5.52744
-5.52711
-5.52808
-5.52873
-5.52711
-5.52678
-5.52743
-5.52873
-5.5297
-5.52938
-5.52873
-5.52938
-5.52906
-5.52906
-5.52744
-5.52647
-5.52549
-5.52744
-5.53035
-5.53164
-5.53099
-5.53002
-5.53002
-5.52776
-5.52743
-5.52679
-5.52808
-5.52906
-5.52873
-5.52938
-5.52905
-5.52743
-5.52679
-5.52743
-5.52711
-5.52905
-5.52549
-5.52776
-5.52776
-5.52711
-5.52744
-5.52614
-5.52518
-5.5255
-5.52841
-5.52776
-5.52873
-5.52808
-5.52646
-5.52549
-5.52484
-5.52388
-5.52582
-5.52485
-5.52484
-5.52646
-5.52581
-5.52808
-5.52905
-5.53002
-5.53067
-5.53164
-5.53099
-5.52872
-5.5284
-5.52711
-5.52646
-5.52517
-5.52387
-5.5242
-5.52679
-5.52646
-5.52711
-5.52647
-5.52776
-5.52841
-5.52743
-5.52775
-5.5284
-5.5284
-5.5297
-5.5284
-5.52743
-5.52873
-5.5297
-5.531
-5.531
-5.53165
-5.53197
-5.52874
-5.52874
-5.52776
-5.52873
-5.52776
-5.52776
-5.52582
-5.52549
-5.5216
-5.52193
-5.52193
-5.51998
-5.52096
-5.52064
-5.52225
-5.52226
-5.52258
-5.52064
-5.52032
-5.52096
-5.52193
-5.52388
-5.52484
-5.52743
-5.52679
-5.52679
-5.52549
-5.52549
-5.52614
-5.52452
-5.52517
-5.52549
-5.52387
-5.52484
-5.52419
-5.52387
-5.5229
-5.52095
-5.51804
-5.51966
-5.52128
-5.52128
-5.5242
-5.52452
-5.52517
-5.5242
-5.52452
-5.52452
-5.52387
-5.52484
-5.52581
-5.52646
-5.52614
-5.52614
-5.52549
-5.52355
-5.52452
-5.52322
-5.52452
-5.52549
-5.52581
-5.52646
-5.52775
-5.52808
-5.52937
-5.52645
-5.52548
-5.52516
-5.52451
-5.52905
-5.52937
-5.53034
-5.52807
-5.52872
-5.52613
-5.5258
-5.52289
-5.52386
-5.5245
-5.52645
-5.52742
-5.5258
-5.52742
-5.52839
-5.52516
-5.52548
-5.52613
-5.52775
-5.52872
-5.52678
-5.52549
-5.52387
-5.52549
-5.52646
-5.52872
-5.52969
-5.53066
-5.53163
-5.53098
-5.52904
-5.5271
-5.52516
-5.52613
-5.5271
-5.52905
-5.52937
-5.52904
-5.5271
-5.5271
-5.5258
-5.52613
-5.52807
-5.52839
-5.52904
-5.52709
-5.52807
-5.52774
-5.52742
-5.52742
-5.52839
-5.52871
-5.52871
-5.52871
-5.53001
-5.52839
-5.52644
-5.52709
-5.52774
-5.5258
-5.52515
-5.52516
-5.52516
-5.52418
-5.52483
-5.52386
-5.52515
-5.52483
-5.52321
-5.52256
-5.52418
-5.52418
-5.52288
-5.52159
-5.5245
-5.52515
-5.52482
-5.52515
-5.52644
-5.52612
-5.52709
-5.52515
-5.52418
-5.52515
-5.52677
-5.5271
-5.52774
-5.52548
-5.52742
-5.52612
-5.52709
-5.52612
-5.52548
-5.52709
-5.52515
-5.52548
-5.5271
-5.5258
-5.52483
-5.52386
-5.52288
-5.5245
-5.52386
-5.52127
-5.52191
-5.52353
-5.52288
-5.52321
-5.52548
-5.52483
-5.52516
-5.52451
-5.5258
-5.52515
-5.5271
-5.52645
-5.52612
-5.5258
-5.52483
-5.52321
-5.52321
-5.5258
-5.52677
-5.52515
-5.52482
-5.52353
-5.52482
-5.52353
-5.52255
-5.52288
-5.52352
-5.52449
-5.52514
-5.52482
-5.5245
-5.52191
-5.52417
-5.52288
-5.52191
-5.52223
-5.52385
-5.52255
-5.52579
-5.52515
-5.52385
-5.52321
-5.52256
-5.52385
-5.52385
-5.52482
-5.5258
-5.52385
-5.5245
-5.52418
-5.5245
-5.52418
-5.52482
-5.52547
-5.52547
-5.5232
-5.5245
-5.52418
-5.52353
-5.52386
-5.52288
-5.52159
-5.52223
-5.52255
-5.52223
-5.5258
-5.52418
-5.52612
-5.52677
-5.52418
-5.52548
-5.52645
-5.52353
-5.51997
-5.52061
-5.52223
-5.5232
-5.52256
-5.52385
-5.52256
-5.52353
-5.52548
-5.5258
-5.52516
-5.52677
-5.52904
-5.52969
-5.5284
-5.52775
-5.52483
-5.52516
-5.52581
-5.52257
-5.52386
-5.52386
-5.52322
-5.52387
-5.52386
-5.52451
-5.52354
-5.52549
-5.52679
-5.52743
-5.52549
-5.52419
-5.52549
-5.52419
-5.52354
-5.52451
-5.52419
-5.52386
-5.52354
-5.52257
-5.52322
-5.52322
-5.52452
-5.52614
-5.52517
-5.52452
-5.52678
-5.5284
-5.52743
-5.52775
-5.5271
-5.5258
-5.52613
-5.52677
-5.52677
-5.52419
-5.52548
-5.52484
-5.52354
-5.52452
-5.52419
-5.52613
-5.52678
-5.52678
-5.52581
-5.52613
-5.52613
-5.52678
-5.52872
-5.52937
-5.52937
-5.52711
-5.52776
-5.52743
-5.52581
-5.52645
-5.5271
-5.52613
-5.52677
-5.52645
-5.52678
-5.52645
-5.52645
-5.52484
-5.52354
-5.52711
-5.52646
-5.52679
-5.52776
-5.52808
-5.53067
-5.5297
-5.53099
-5.53099
-5.53034
-5.52742
-5.52645
-5.5271
-5.52645
-5.52613
-5.52613
-5.52516
-5.52516
-5.52387
-5.52516
-5.52419
-5.52419
-5.52289
-5.52386
-5.52516
-5.52516
-5.52354
-5.52484
-5.52354
-5.52419
-5.52516
-5.52387
-5.52387
-5.52225
-5.52387
-5.52419
-5.52452
-5.52419
-5.52549
-5.52516
-5.52451
-5.52419
-5.52516
-5.52581
-5.52549
-5.52873
-5.52711
-5.52614
-5.52614
-5.52679
-5.52484
-5.52517
-5.52646
-5.52549
-5.52645
-5.52451
-5.52387
-5.52516
-5.52419
-5.52613
-5.52711
-5.52776
-5.52679
-5.52841
-5.52517
-5.52776
-5.52776
-5.52614
-5.52614
-5.52516
-5.52322
-5.5216
-5.52095
-5.5216
-5.52289
-5.52451
-5.52581
-5.52679
-5.52582
-5.52646
-5.52581
-5.52613
-5.5258
-5.52516
-5.52419
-5.52386
-5.52549
-5.52517
-5.52582
-5.52485
-5.52582
-5.52582
-5.52614
-5.52484
-5.52419
-5.52257
-5.52418
-5.52386
-5.52613
-5.52516
-5.52289
-5.52354
-5.52419
-5.52679
-5.52711
-5.52776
-5.52678
-5.52678
-5.52743
-5.52743
-5.52775
-5.52678
-5.52775
-5.52872
-5.52645
-5.52613
-5.52483
-5.52807
-5.52775
-5.5271
-5.52775
-5.52743
-5.52872
-5.5284
-5.52743
-5.52808
-5.52872
-5.52872
-5.52872
-5.5271
-5.52937
-5.52969
-5.52872
-5.5271
-5.52452
-5.52646
-5.52678
-5.52387
-5.52354
-5.52581
-5.52613
-5.5284
-5.52807
-5.52839
-5.5258
-5.52451
-5.52515
-5.52548
-5.52419
-5.52451
-5.52516
-5.52743
-5.5271
-5.52775
-5.5284
-5.52613
-5.52646
-5.52516
-5.52581
-5.52678
-5.52678
-5.52645
-5.52742
-5.52645
-5.52515
-5.52645
-5.52839
-5.52871
-5.52774
-5.52742
-5.52807
-5.53098
-5.52872
-5.52807
-5.53098
-5.53163
-5.53163
-5.53325
-5.53228
-5.53033
-5.5258
-5.5258
-5.52644
-5.52482
-5.52483
-5.52418
-5.5245
-5.52385
-5.52385
-5.52352
-5.52514
-5.52546
-5.52385
-5.5232
-5.52547
-5.52482
-5.52515
-5.52709
-5.52839
-5.53163
-5.52903
-5.52774
-5.52741
-5.52709
-5.52838
-5.52871
-5.52904
-5.52904
-5.52612
-5.52548
-5.52742
-5.52644
-5.52741
-5.52741
-5.52514
-5.52676
-5.52547
-5.52612
-5.5245
-5.52482
-5.52546
-5.52417
-5.52611
-5.52352
-5.52384
-5.5232
-5.52191
-5.52514
-5.52612
-5.52579
-5.52579
-5.52935
-5.52903
-5.53
-5.52773
-5.52579
-5.52514
-5.52579
-5.52579
-5.52643
-5.52643
-5.52676
-5.52579
-5.52611
-5.52482
-5.52288
-5.52256
-5.52191
-5.52385
-5.52708
-5.52579
-5.52417
-5.52255
-5.52222
-5.52287
-5.52352
-5.52158
-5.52353
-5.52385
-5.52515
-5.52742
-5.52774
-5.52483
-5.52256
-5.52288
-5.52353
-5.52483
-5.52709
-5.52611
-5.52579
-5.52741
-5.52838
-5.53
-5.52805
-5.52546
-5.52449
-5.5232
-5.52223
-5.5245
-5.52741
-5.52482
-5.5245
-5.52644
-5.52709
-5.52644
-5.52968
-5.53098
-5.53001
-5.53098
-5.53131
-5.5313
-5.5313
-5.52839
-5.52904
-5.52677
-5.52612
-5.5258
-5.52677
-5.52903
-5.53033
-5.53001
-5.52871
-5.52677
-5.52709
-5.52547
-5.5245
-5.5258
-5.52482
-5.52547
-5.52579
-5.52353
-5.52385
-5.52256
-5.52061
-5.51964
-5.51899
-5.51899
-5.52126
-5.52255
-5.5232
-5.52385
-5.52514
-5.52385
-5.5232
-5.52321
-5.5245
-5.52418
-5.52353
-5.52418
-5.52709
-5.52644
-5.52644
-5.53
-5.52903
-5.52676
-5.5245
-5.52611
-5.52806
-5.53065
-5.5313
-5.5313
-5.53001
-5.52677
-5.52548
-5.52742
-5.52677
-5.52547
-5.52483
-5.52353
-5.52483
-5.52483
-5.5258
-5.52645
-5.52515
-5.52256
-5.52256
-5.52353
-5.5245
-5.52353
-5.52386
-5.52677
-5.52742
-5.52807
-5.52774
-5.52742
-5.52644
-5.52547
-5.52645
-5.52612
-5.52483
-5.52386
-5.52354
-5.52418
-5.5271
-5.5271
-5.52872
-5.52612
-5.52709
-5.52839
-5.52742
-5.52677
-5.52677
-5.52677
-5.52741
-5.52677
-5.52677
-5.5245
-5.5258
-5.5271
-5.52839
-5.52969
-5.52872
-5.52678
-5.52678
-5.52742
-5.52613
-5.52612
-5.52774
-5.52742
-5.52709
-5.52677
-5.5258
-5.52321
-5.52515
-5.52515
-5.52483
-5.52288
-5.52321
-5.52321
-5.52191
-5.52515
-5.5258
-5.5271
-5.52742
-5.52612
-5.52548
-5.5258
-5.5258
-5.5258
-5.52548
-5.5258
-5.52839
-5.52742
-5.52677
-5.52742
-5.52678
-5.52516
-5.52354
-5.52418
-5.52483
-5.52548
-5.5245
-5.52353
-5.52321
-5.52418
-5.52515
-5.52289
-5.52354
-5.52257
-5.52289
-5.52354
-5.52386
-5.5258
-5.52709
-5.52677
-5.52515
-5.52385
-5.52223
-5.52191
-5.52288
-5.52482
-5.52353
-5.52547
-5.52677
-5.52677
-5.5271
-5.5271
-5.52839
-5.52969
-5.53066
-5.52775
-5.52839
-5.52677
-5.52515
-5.52418
-5.52386
-5.52289
-5.5245
-5.52386
-5.52418
-5.52386
-5.5245
-5.52224
-5.52386
-5.52353
-5.52256
-5.52289
-5.52483
-5.52483
-5.5258
-5.52483
-5.5258
-5.5258
-5.52645
-5.52645
-5.52483
-5.5258
-5.52612
-5.52612
-5.52515
-5.52515
-5.52386
-5.52547
-5.52612
-5.5245
-5.52579
-5.52515
-5.52644
-5.52676
-5.52709
-5.52968
-5.53001
-5.52871
-5.52969
-5.53033
-5.53066
-5.53131
-5.53066
-5.53034
-5.52839
-5.52936
-5.52612
-5.52482
-5.5245
-5.52579
-5.52612
-5.52677
-5.52579
-5.52612
-5.52644
-5.52612
-5.52871
-5.52774
-5.5245
-5.52742
-5.52871
-5.52742
-5.52612
-5.52677
-5.52515
-5.52807
-5.52904
-5.52936
-5.52742
-5.5258
-5.52548
-5.52677
-5.5258
-5.52418
-5.52191
-5.52126
-5.52094
-5.52127
-5.52289
-5.52418
-5.52547
-5.52515
-5.52385
-5.52321
-5.52515
-5.52385
-5.52418
-5.52126
-5.52094
-5.52062
-5.52127
-5.52094
-5.52159
-5.52256
-5.52548
-5.52515
-5.52321
-5.52483
-5.52418
-5.52515
-5.52515
-5.52256
-5.52385
-5.52418
-5.5245
-5.52547
-5.52515
-5.52321
-5.5245
-5.52483
-5.52321
-5.52385
-5.52385
-5.5245
-5.52547
-5.52579
-5.52547
-5.52547
-5.52612
-5.52741
-5.52806
-5.52903
-5.52903
-5.52709
-5.52612
-5.52353
-5.52385
-5.52256
-5.52385
-5.52385
-5.52159
-5.51997
-5.52158
-5.52093
-5.51996
-5.51866
-5.51899
-5.5219
-5.5232
-5.5232
-5.52385
-5.52288
-5.52255
-5.52255
-5.52223
-5.52579
-5.5232
-5.52546
-5.52449
-5.52838
-5.52838
-5.52773
-5.52773
-5.52838
-5.52838
-5.52773
-5.5274
-5.52675
-5.52546
-5.52611
-5.52708
-5.52514
-5.52612
-5.52644
-5.52709
-5.52741
-5.52709
-5.52741
-5.52644
-5.52611
-5.52385
-5.52514
-5.52417
-5.52417
-5.5274
-5.52676
-5.52708
-5.52644
-5.52611
-5.52417
-5.52515
-5.52482
-5.5245
-5.52515
-5.52482
-5.52547
-5.52579
-5.52644
-5.52611
-5.52805
-5.52741
-5.52708
-5.52546
-5.52611
-5.52708
-5.52611
-5.5287
-5.52935
-5.53032
-5.53
-5.53129
-5.52935
-5.52935
-5.53032
-5.53097
-5.53032
-5.52643
-5.52481
-5.52384
-5.52319
-5.52449
-5.52319
-5.52449
-5.52384
-5.52254
-5.52319
-5.52319
-5.52222
-5.52158
-5.5232
-5.52514
-5.52611
-5.52384
-5.52287
-5.52319
-5.52416
-5.52449
-5.52546
-5.52578
-5.5274
-5.52643
-5.5274
-5.52643
-5.52578
-5.52643
-5.52902
-5.52773
-5.52708
-5.52482
-5.52546
-5.52482
-5.52514
-5.52417
-5.52417
-5.52416
-5.52416
-5.52481
-5.52222
-5.52351
-5.52286
-5.52319
-5.52578
-5.52255
-5.5232
-5.52223
-5.52061
-5.52352
-5.52384
-5.52514
-5.52805
-5.52773
-5.52773
-5.52805
-5.52902
-5.52837
-5.52804
-5.52739
-5.52739
-5.52707
-5.52674
-5.5248
-5.5261
-5.52481
-5.5261
-5.52319
-5.52449
-5.52481
-5.52351
-5.52254
-5.52351
-5.52124
-5.52189
-5.52221
-5.52383
-5.52512
-5.5261
-5.52642
-5.52804
-5.52869
-5.52804
-5.52577
-5.52415
-5.5261
-5.52545
-5.52253
-5.52221
-5.52285
-5.52609
-5.52674
-5.52577
-5.52512
-5.52318
-5.52383
-5.52512
-5.52512
-5.52286
-5.52448
-5.52448
-5.52415
-5.52447
-5.52544
-5.52609
-5.52674
-5.52804
-5.52674
-5.52674
-5.52706
-5.52739
-5.52706
-5.52706
-5.52674
-5.52609
-5.52706
-5.52512
-5.52674
-5.52674
-5.52804
-5.52966
-5.52642
-5.52416
-5.5261
-5.52513
-5.52448
-5.52416
-5.5248
-5.52512
-5.52674
-5.52739
-5.53062
-5.52868
-5.5303
-5.52869
-5.52901
-5.52674
-5.5261
-5.52415
-5.52674
-5.52642
-5.52772
-5.52836
-5.52706
-5.5248
-5.52415
-5.5248
-5.52382
-5.52479
-5.52253
-5.52285
-5.52447
-5.52609
-5.52576
-5.52317
-5.52155
-5.52091
-5.52155
-5.52284
-5.52349
-5.52381
-5.52252
-5.52317
-5.52511
-5.52414
-5.52641
-5.52739
-5.52706
-5.52836
-5.52868
-5.5303
-5.52997
-5.53062
-5.53029
-5.53029
-5.52835
-5.52706
-5.52803
-5.52706
-5.52576
-5.52317
-5.52349
-5.52317
-5.52349
-5.52349
-5.52284
-5.51993
-5.5209
-5.52123
-5.52188
-5.52576
-5.52609
-5.52479
-5.52382
-5.52382
-5.52576
-5.52706
-5.52673
-5.5277
-5.52835
-5.52835
-5.52705
-5.5277
-5.52705
-5.52803
-5.52609
-5.52641
-5.52641
-5.52577
-5.52641
-5.52447
-5.52512
-5.52577
-5.5248
-5.52447
-5.5235
-5.52544
-5.52705
-5.5277
-5.52899
-5.529
-5.52932
-5.53029
-5.53094
-5.529
-5.52965
-5.52965
-5.52771
-5.52706
-5.52738
-5.52576
-5.52382
-5.52544
-5.52382
-5.52252
-5.52349
-5.5235
-5.52382
-5.52674
-5.52771
-5.529
-5.52835
-5.52835
-5.52835
-5.5277
-5.52803
-5.52544
-5.52511
-5.52512
-5.52706
-5.52609
-5.52479
-5.52447
-5.52414
-5.52349
-5.52284
-5.52317
-5.52381
-5.52349
-5.52576
-5.52512
-5.52447
-5.52415
-5.52771
-5.52707
-5.52933
-5.52966
-5.5303
-5.5316
-5.53225
-5.5316
-5.52965
-5.52998
-5.52836
-5.52868
-5.52836
-5.52869
-5.52933
-5.52739
-5.52739
-5.52933
-5.529
-5.52868
-5.52868
-5.5303
-5.52965
-5.52771
-5.52739
-5.52836
-5.52804
-5.52803
-5.52933
-5.52738
-5.52803
-5.52932
-5.529
-5.52771
-5.52869
-5.52707
-5.52707
-5.52804
-5.52674
-5.5248
-5.52642
-5.52739
-5.52707
-5.52512
-5.52641
-5.52608
-5.52576
-5.52511
-5.52576
-5.52673
-5.52868
-5.52803
-5.52641
-5.52674
-5.52544
-5.52544
-5.52512
-5.52317
-5.5235
-5.52155
-5.5235
-5.52447
-5.52576
-5.52705
-5.52738
-5.52867
-5.5277
-5.5264
-5.52317
-5.52219
-5.52414
-5.52543
-5.52511
-5.52349
-5.52414
-5.52608
-5.52576
-5.52641
-5.52447
-5.52673
-5.52576
-5.52803
-5.52835
-5.52867
-5.52673
-5.52608
-5.52738
-5.5277
-5.52673
-5.52544
-5.52414
-5.52544
-5.52479
-5.52608
-5.5277
-5.52511
-5.52705
-5.52673
-5.52738
-5.52673
-5.52641
-5.52641
-5.52738
-5.52803
-5.529
-5.52738
-5.52673
-5.52802
-5.52673
-5.52511
-5.52317
-5.52479
-5.52414
-5.52446
-5.52575
-5.5251
-5.52316
-5.52413
-5.52284
-5.52122
-5.52025
-5.51895
-5.51798
-5.52154
-5.52251
-5.52316
-5.52413
-5.52575
-5.52543
-5.52575
-5.52608
-5.52575
-5.52575
-5.52802
-5.52802
-5.52607
-5.5251
-5.52348
-5.52154
-5.52219
-5.52251
-5.52122
-5.52154
-5.52413
-5.52802
-5.52964
-5.53126
-5.53126
-5.53126
-5.52737
-5.5264
-5.52607
-5.5251
-5.52413
-5.52446
-5.52575
-5.52608
-5.52835
-5.52673
-5.52673
-5.52705
-5.5277
-5.52608
-5.52608
-5.52544
-5.52965
-5.53062
-5.52933
-5.5277
-5.52738
-5.52608
-5.52673
-5.52705
-5.52575
-5.52608
-5.52316
-5.52608
-5.5277
-5.52803
-5.52576
-5.52868
-5.52771
-5.52706
-5.52576
-5.52738
-5.52803
-5.529
-5.52738
-5.52737
-5.52608
-5.52867
-5.52737
-5.52705
-5.52835
-5.52803
-5.52965
-5.5303
-5.53062
-5.529
-5.52868
-5.5277
-5.52932
-5.5277
-5.52803
-5.529
-5.52835
-5.53029
-5.53094
-5.52867
-5.52705
-5.52673
-5.52544
-5.52479
-5.52479
-5.5222
-5.52349
-5.52381
-5.52479
-5.52252
-5.52252
-5.52187
-5.52252
-5.52479
-5.52479
-5.52381
-5.52478
-5.52705
-5.52672
-5.5251
-5.52639
-5.52737
-5.52834
-5.52672
-5.52801
-5.5251
-5.52607
-5.52543
-5.5251
-5.52478
-5.52672
-5.5277
-5.52964
-5.52931
-5.52996
-5.53255
-5.53125
-5.52963
-5.52899
-5.52899
-5.52834
-5.52931
-5.52834
-5.52931
-5.52834
-5.52672
-5.52348
-5.52412
-5.52606
-5.52542
-5.52639
-5.52445
-5.52412
-5.52607
-5.52413
-5.5251
-5.52445
-5.52575
-5.52607
-5.52834
-5.52542
-5.52575
-5.52445
-5.52445
-5.5238
-5.52542
-5.52445
-5.5238
-5.5238
-5.52219
-5.52186
-5.5238
-5.52445
-5.52477
-5.5251
-5.52445
-5.52413
-5.5238
-5.52315
-5.52477
-5.52801
-5.52639
-5.52639
-5.52575
-5.52283
-5.52413
-5.5238
-5.52316
-5.5238
-5.52413
-5.52575
-5.52348
-5.52251
-5.52154
-5.52186
-5.52186
-5.52154
-5.5238
-5.5251
-5.52639
-5.52834
-5.52834
-5.53222
-5.5306
-5.52996
-5.53028
-5.52964
-5.52963
-5.5264
-5.52607
-5.52542
-5.52478
-5.52446
-5.52349
-5.52608
-5.52672
-5.52672
-5.52575
-5.52672
-5.52769
-5.52639
-5.52218
-5.52186
-5.52283
-5.52348
-5.52056
-5.52121
-5.52057
-5.52057
-5.52413
-5.52543
-5.52478
-5.5251
-5.52737
-5.52705
-5.5264
-5.52866
-5.52898
-5.52834
-5.52931
-5.52769
-5.52769
-5.52802
-5.52834
-5.52899
-5.52607
-5.5251
-5.52575
-5.5264
-5.52543
-5.52478
-5.5264
-5.52607
-5.52477
-5.52477
-5.5225
-5.51991
-5.52089
-5.52186
-5.52477
-5.52348
-5.52413
-5.5251
-5.52769
-5.52801
-5.52477
-5.5238
-5.52477
-5.52445
-5.52477
-5.52412
-5.52348
-5.5225
-5.5238
-5.52348
-5.52315
-5.52413
-5.52348
-5.52251
-5.52348
-5.52413
-5.52413
-5.52543
-5.52769
-5.52736
-5.52801
-5.52574
-5.52704
-5.52639
-5.52704
-5.52639
-5.52736
-5.52607
-5.5251
-5.52704
-5.52413
-5.52445
-5.52316
-5.52348
-5.52446
-5.52446
-5.52413
-5.52316
-5.52478
-5.5251
-5.52348
-5.52477
-5.52672
-5.52736
-5.52671
-5.52801
-5.52866
-5.52802
-5.52802
-5.5277
-5.52543
-5.52705
-5.52608
-5.52381
-5.52187
-5.52251
-5.52283
-5.52316
-5.52478
-5.52478
-5.52607
-5.52672
-5.52736
-5.52704
-5.52639
-5.52574
-5.52542
-5.52477
-5.52477
-5.52413
-5.52672
-5.52769
-5.52607
-5.52574
-5.52639
-5.52704
-5.52606
-5.52477
-5.52541
-5.52671
-5.52865
-5.52768
-5.52704
-5.52639
-5.52607
-5.52866
-5.52963
-5.52801
-5.52704
-5.52671
-5.52736
-5.52574
-5.52736
-5.52444
-5.5225
-5.52315
-5.52542
-5.52477
-5.52704
-5.52542
-5.52477
-5.52509
-5.52444
-5.52476
-5.52282
-5.52153
-5.52121
-5.52185
-5.52282
-5.52412
-5.52315
-5.52412
-5.52412
-5.52477
-5.52476
-5.52541
-5.52703
-5.5267
-5.52509
-5.52671
-5.52444
-5.52606
-5.52574
-5.52412
-5.52444
-5.52509
-5.52476
-5.52412
-5.52639
-5.52768
-5.52736
-5.52703
-5.52735
-5.52833
-5.52509
-5.52508
-5.5254
-5.52864
-5.53026
-5.52897
-5.53123
-5.53091
-5.53026
-5.52735
-5.52767
-5.5267
-5.52379
-5.52574
-5.52638
-5.52703
-5.52736
-5.52703
-5.52735
-5.528
-5.52929
-5.52864
-5.52896
-5.52799
-5.52702
-5.5267
-5.52573
-5.52768
-5.52865
-5.52833
-5.52573
-5.52541
-5.52541
-5.52444
-5.52606
-5.5267
-5.52605
-5.52573
-5.52443
-5.52152
-5.52217
-5.52249
-5.52314
-5.52314
-5.52347
-5.5212
-5.52152
-5.52023
-5.52508
-5.52541
-5.52508
-5.52703
-5.5267
-5.52865
-5.52768
-5.52897
-5.52962
-5.528
-5.52897
-5.52962
-5.53027
-5.53092
-5.53059
-5.52865
-5.52606
-5.52638
-5.52444
-5.52347
-5.52217
-5.52023
-5.52023
-5.5199
-5.51958
-5.51893
-5.51829
-5.5199
-5.52023
-5.52055
-5.52088
-5.52185
-5.52217
-5.52379
-5.52444
-5.52476
-5.52606
-5.52671
-5.52736
-5.52736
-5.52477
-5.5238
-5.5238
-5.52282
-5.52412
-5.52509
-5.52574
-5.52541
-5.52703
-5.52768
-5.52768
-5.52704
-5.52672
-5.52672
-5.52575
-5.52445
-5.5238
-5.52445
-5.52412
-5.52347
-5.52282
-5.52218
-5.52315
-5.52444
-5.52574
-5.52671
-5.52542
-5.52478
-5.52736
-5.52769
-5.52898
-5.52801
-5.52542
-5.52736
-5.52704
-5.52736
-5.52704
-5.52866
-5.52737
-5.52802
-5.52737
-5.52511
-5.5264
-5.5251
-5.52672
-5.52284
-5.52413
-5.52219
-5.52283
-5.52381
-5.52316
-5.52284
-5.52381
-5.5264
-5.52866
-5.53125
-5.53191
-5.53191
-5.53061
-5.53029
-5.52997
-5.52802
-5.52802
-5.5264
-5.52543
-5.52414
-5.52446
-5.52543
-5.52608
-5.52413
-5.52284
-5.52413
-5.52575
-5.52575
-5.52672
-5.52672
-5.52705
-5.52575
-5.52608
-5.52835
-5.52932
-5.53126
-5.5332
-5.53288
-5.52964
-5.52996
-5.53061
-5.53028
-5.5306
-5.53125
-5.52996
-5.52866
-5.52963
-5.52769
-5.52542
-5.52542
-5.52316
-5.52381
-5.52575
-5.52672
-5.52802
-5.52867
-5.5264
-5.52543
-5.52413
-5.5251
-5.5251
-5.52477
-5.52542
-5.52542
-5.52575
-5.52607
-5.52769
-5.52639
-5.52704
-5.5251
-5.5251
-5.52154
-5.52025
-5.52025
-5.52154
-5.52348
-5.52186
-5.52478
-5.52575
-5.52607
-5.5251
-5.52477
-5.52413
-5.52283
-5.52348
-5.52186
-5.52348
-5.52413
-5.5251
-5.52672
-5.52607
-5.52574
-5.52736
-5.52801
-5.52801
-5.52639
-5.52672
-5.52704
-5.52671
-5.52639
-5.52671
-5.52737
-5.52413
-5.52445
-5.52575
-5.52639
-5.52607
-5.52477
-5.52542
-5.52606
-5.52606
-5.52542
-5.52703
-5.52542
-5.52574
-5.52574
-5.52477
-5.52574
-5.52639
-5.52639
-5.52736
-5.52768
-5.52865
-5.52866
-5.52801
-5.52542
-5.52736
-5.52542
-5.52542
-5.52509
-5.52444
-5.52574
-5.52671
-5.52671
-5.52509
-5.52412
-5.52509
-5.52639
-5.52509
-5.52509
-5.52347
-5.52347
-5.52509
-5.52606
-5.52477
-5.52445
-5.52477
-5.52671
-5.52639
-5.52541
-5.52509
-5.52638
-5.52541
-5.52703
-5.52671
-5.52574
-5.52639
-5.52477
-5.52477
-5.52542
-5.52574
-5.52574
-5.52574
-5.52444
-5.52639
-5.52801
-5.52801
-5.52801
-5.52833
-5.52639
-5.52639
-5.52606
-5.52509
-5.52509
-5.52671
-5.52671
-5.52768
-5.52897
-5.53027
-5.52962
-5.52962
-5.53124
-5.53059
-5.53092
-5.52995
-5.52865
-5.52898
-5.53027
-5.52898
-5.52671
-5.52606
-5.52574
-5.52412
-5.52477
-5.52347
-5.52477
-5.52379
-5.52315
-5.52185
-5.52152
-5.52314
-5.52314
-5.52412
-5.52606
-5.52671
-5.52671
-5.52898
-5.52768
-5.52898
-5.5293
-5.52801
-5.52606
-5.52412
-5.52509
-5.52445
-5.52315
-5.52283
-5.52315
-5.52347
-5.52315
-5.5212
-5.52185
-5.51926
-5.51796
-5.52055
-5.52185
-5.5212
-5.52379
-5.52282
-5.5238
-5.52348
-5.52154
-5.52218
-5.52445
-5.5238
-5.52348
-5.52283
-5.52218
-5.52121
-5.52023
-5.52023
-5.52282
-5.52412
-5.52476
-5.52541
-5.52314
-5.52379
-5.52509
-5.52411
-5.5267
-5.52768
-5.52735
-5.528
-5.52736
-5.52638
-5.528
-5.52736
-5.52671
-5.52477
-5.52639
-5.5238
-5.52347
-5.5238
-5.52379
-5.52541
-5.528
-5.52929
-5.52961
-5.52897
-5.52897
-5.52703
-5.52671
-5.52574
-5.52541
-5.52703
-5.52638
-5.52541
-5.52476
-5.52281
-5.52346
-5.52314
-5.52152
-5.52153
-5.52282
-5.5212
-5.52023
-5.52185
-5.52153
-5.52185
-5.52444
-5.52703
-5.5267
-5.52864
-5.52864
-5.52379
-5.52282
-5.52347
-5.52476
-5.528
-5.528
-5.52995
-5.53318
-5.53286
-5.53157
-5.52962
-5.52994
-5.52929
-5.52962
-5.52735
-5.52897
-5.52994
-5.53123
-5.5322
-5.53123
-5.52864
-5.5267
-5.52735
-5.52444
-5.52444
-5.52509
-5.52477
-5.52541
-5.52509
-5.52476
-5.52541
-5.52606
-5.52638
-5.52735
-5.52508
-5.52508
-5.52443
-5.52411
-5.52379
-5.52249
-5.52088
-5.52153
-5.52315
-5.52412
-5.52444
-5.52476
-5.52444
-5.52508
-5.52638
-5.52767
-5.52767
-5.52703
-5.52703
-5.52735
-5.52768
-5.52898
-5.52866
-5.52963
-5.52768
-5.528
-5.52573
-5.52508
-5.5254
-5.52346
-5.52216
-5.52119
-5.52119
-5.52314
-5.52346
-5.52411
-5.5254
-5.52508
-5.5267
-5.5267
-5.52703
-5.5267
-5.52573
-5.52541
-5.52929
-5.52864
-5.53026
-5.53027
-5.52865
-5.5293
-5.53027
-5.52768
-5.52735
-5.52638
-5.52476
-5.52702
-5.52734
-5.52604
-5.52572
-5.52475
-5.52572
-5.52734
-5.52702
-5.52832
-5.52864
-5.52897
-5.5267
-5.52638
-5.52832
-5.52508
-5.52508
-5.52508
-5.52703
-5.52767
-5.52994
-5.52929
-5.53123
-5.52896
-5.52669
-5.52572
-5.5267
-5.5267
-5.52638
-5.52702
-5.528
-5.52735
-5.52541
-5.52735
-5.52379
-5.52346
-5.52087
-5.5212
-5.52249
-5.52476
-5.52638
-5.52476
-5.52508
-5.52347
-5.5225
-5.52347
-5.52217
-5.52412
-5.52314
-5.52541
-5.52476
-5.52411
-5.52443
-5.52508
-5.52476
-5.52443
-5.52411
-5.52476
-5.52444
-5.52638
-5.52638
-5.52736
-5.52833
-5.5293
-5.52768
-5.528
-5.52832
-5.52864
-5.52961
-5.52929
-5.52605
-5.52573
-5.5267
-5.52444
-5.52346
-5.52184
-5.52119
-5.52054
-5.52054
-5.52054
-5.51989
-5.51957
-5.52216
-5.52184
-5.52184
-5.52379
-5.52476
-5.52412
-5.52412
-5.52574
-5.52412
-5.52217
-5.52541
-5.52444
-5.52314
-5.52444
-5.52508
-5.52638
-5.52444
-5.5225
-5.52347
-5.52541
-5.52703
-5.528
-5.52638
-5.5267
-5.5267
-5.52509
-5.52185
-5.52282
-5.52282
-5.52315
-5.52347
-5.52218
-5.52218
-5.52347
-5.52218
-5.52153
-5.52412
-5.52379
-5.52444
-5.5225
-5.52315
-5.52218
-5.52153
-5.52282
-5.52217
-5.52185
-5.5238
-5.52412
-5.52671
-5.52769
-5.52833
-5.52704
-5.52671
-5.52542
-5.52412
-5.52412
-5.52412
-5.52509
-5.52509
-5.52412
-5.52412
-5.5238
-5.52348
-5.52412
-5.5251
-5.52413
-5.5238
-5.5238
-5.52607
-5.52769
-5.52801
-5.5251
-5.52639
-5.52768
-5.52736
-5.52509
-5.52509
-5.52445
-5.52509
-5.52574
-5.52574
-5.52671
-5.52509
-5.52217
-5.52185
-5.51926
-5.52153
-5.52283
-5.52477
-5.52574
-5.52542
-5.52542
-5.52477
-5.52574
-5.52574
-5.52542
-5.52704
-5.52607
-5.52445
-5.52477
-5.52542
-5.52445
-5.52348
-5.5225
-5.51991
-5.51991
-5.52023
-5.51926
-5.51797
-5.51668
-5.51765
-5.51765
-5.51667
-5.51829
-5.51829
-5.51764
-5.51699
-5.51732
-5.51959
-5.52023
-5.52121
-5.52315
-5.52283
-5.52121
-5.52186
-5.5238
-5.52218
-5.52445
-5.52671
-5.52412
-5.52347
-5.52639
-5.52671
-5.52898
-5.52898
-5.52898
-5.52704
-5.52671
-5.52574
-5.52542
-5.52477
-5.52607
-5.52542
-5.52607
-5.52477
-5.52445
-5.52348
-5.52477
-5.5238
-5.52283
-5.52348
-5.52348
-5.52478
-5.5264
-5.52348
-5.52478
-5.52348
-5.52348
-5.52575
-5.52704
-5.52704
-5.52769
-5.52898
-5.52963
-5.52898
-5.52866
-5.52704
-5.52705
-5.52932
-5.52997
-5.52964
-5.52996
-5.53191
-5.52931
-5.52834
-5.52834
-5.52834
-5.52673
-5.52673
-5.52769
-5.52899
-5.52704
-5.52477
-5.52672
-5.52575
-5.52737
-5.52834
-5.52737
-5.52769
-5.52672
-5.52737
-5.52769
-5.5264
-5.52737
-5.52704
-5.52801
-5.52704
-5.52251
-5.52542
-5.52672
-5.52607
-5.52413
-5.5238
-5.52575
-5.52607
-5.52607
-5.52607
-5.52866
-5.52834
-5.52866
-5.52931
-5.52866
-5.52963
-5.5306
-5.53028
-5.53028
-5.52996
-5.52996
-5.52931
-5.52704
-5.52639
-5.52672
-5.52736
-5.52607
-5.52639
-5.52477
-5.52283
-5.52153
-5.52153
-5.5225
-5.52088
-5.52121
-5.51959
-5.51862
-5.5183
-5.52186
-5.52348
-5.52186
-5.52542
-5.52737
-5.52704
-5.52964
-5.52931
-5.53029
-5.52867
-5.52738
-5.52673
-5.52543
-5.52575
-5.5251
-5.5251
-5.52445
-5.52542
-5.5251
-5.52477
-5.52348
-5.52316
-5.52186
-5.52219
-5.52186
-5.52219
-5.52381
-5.52284
-5.52478
-5.52543
-5.52446
-5.5251
-5.5251
-5.52607
-5.52737
-5.52705
-5.52867
-5.52899
-5.52672
-5.52834
-5.52931
-5.52834
-5.52737
-5.52866
-5.52996
-5.52931
-5.52737
-5.52607
-5.52704
-5.52704
-5.52866
-5.52769
-5.52672
-5.52898
-5.52672
-5.52283
-5.52316
-5.52381
-5.52575
-5.52672
-5.52737
-5.52672
-5.52575
-5.5251
-5.52316
-5.52413
-5.5251
-5.52445
-5.52283
-5.52381
-5.52575
-5.5277
-5.52705
-5.52543
-5.52737
-5.5264
-5.5251
-5.52801
-5.52898
-5.52801
-5.53027
-5.52963
-5.52833
-5.52866
-5.52834
-5.52802
-5.52608
-5.5222
-5.52317
-5.52381
-5.52608
-5.52867
-5.52867
-5.53061
-5.52834
-5.52866
-5.52834
-5.52801
-5.52769
-5.52672
-5.52575
-5.52542
-5.52607
-5.52769
-5.52899
-5.53061
-5.52899
-5.52932
-5.52931
-5.52996
-5.53191
-5.53061
-5.52996
-5.52932
-5.52964
-5.52964
-5.52867
-5.52835
-5.52834
-5.53029
-5.52996
-5.52931
-5.52834
-5.52834
-5.52898
-5.52769
-5.52801
-5.52801
-5.52834
-5.52963
-5.52931
-5.52704
-5.52737
-5.52737
-5.52413
-5.52478
-5.52445
-5.5238
-5.52315
-5.52607
-5.52607
-5.52639
-5.52801
-5.52898
-5.53028
-5.52704
-5.52899
-5.52769
-5.52899
-5.52543
-5.52283
-5.52348
-5.52283
-5.5238
-5.52186
-5.52283
-5.52316
-5.52315
-5.52153
-5.52024
-5.51991
-5.52056
-5.52056
-5.52283
-5.52316
-5.52543
-5.52446
-5.52575
-5.5264
-5.52542
-5.5251
-5.52413
-5.52315
-5.5251
-5.52639
-5.52737
-5.52834
-5.52834
-5.52705
-5.52672
-5.52705
-5.52769
-5.52575
-5.52413
-5.52542
-5.5238
-5.52477
-5.52477
-5.52477
-5.52639
-5.52575
-5.5251
-5.5238
-5.52413
-5.52186
-5.52154
-5.52219
-5.52251
-5.5238
-5.52218
-5.52218
-5.52251
-5.52251
-5.52574
-5.52639
-5.5264
-5.52705
-5.52575
-5.52445
-5.52542
-5.52801
-5.52833
-5.52898
-5.52833
-5.5251
-5.5251
-5.52478
-5.52381
-5.52316
-5.52187
-5.52381
-5.52219
-5.52316
-5.52381
-5.52348
-5.52251
-5.52381
-5.52478
-5.52445
-5.52413
-5.52607
-5.52672
-5.52802
-5.52737
-5.52899
-5.52738
-5.52673
-5.52835
-5.52674
-5.52673
-5.52414
-5.52479
-5.52511
-5.52413
-5.52478
-5.52607
-5.52608
-5.52673
-5.52641
-5.52706
-5.52738
-5.52868
-5.52868
-5.52803
-5.52771
-5.52803
-5.52673
-5.52705
-5.52543
-5.52349
-5.52381
-5.52187
-5.52381
-5.52446
-5.52414
-5.52576
-5.52544
-5.52479
-5.52609
-5.52577
-5.52415
-5.52447
-5.52447
-5.52479
-5.52608
-5.5264
-5.52543
-5.52478
-5.52414
-5.52543
-5.52479
-5.52641
-5.52576
-5.5277
-5.52738
-5.5277
-5.52673
-5.52544
-5.52867
-5.52835
-5.53029
-5.52867
-5.52899
-5.52802
-5.52737
-5.52607
-5.52445
-5.52543
-5.52607
-5.52575
-5.52705
-5.52802
-5.52672
-5.52575
-5.52316
-5.52284
-5.52349
-5.52543
-5.52705
-5.52899
-5.52834
-5.52769
-5.52672
-5.52575
-5.5251
-5.52672
-5.52478
-5.5264
-5.5251
-5.52769
-5.52834
-5.52963
-5.52898
-5.52963
-5.52898
-5.52672
-5.52542
-5.52671
-5.52509
-5.52639
-5.52834
-5.52931
-5.52834
-5.52996
-5.5319
-5.52995
-5.52898
-5.52769
-5.5251
-5.52413
-5.52445
-5.52607
-5.52639
-5.52704
-5.52834
-5.52866
-5.52866
-5.52834
-5.52736
-5.52575
-5.52542
-5.52672
-5.52769
-5.52736
-5.52639
-5.52672
-5.52575
-5.52672
-5.52704
-5.52607
-5.52607
-5.52218
-5.52348
-5.52348
-5.52445
-5.52607
-5.52574
-5.52412
-5.52639
-5.52704
-5.52769
-5.52769
-5.52899
-5.52899
-5.53061
-5.52932
-5.52867
-5.52835
-5.52802
-5.52867
-5.52738
-5.52899
-5.529
-5.53029
-5.53029
-5.53126
-5.52997
-5.52997
-5.53223
-5.52964
-5.52835
-5.52867
-5.52673
-5.5277
-5.52835
-5.52964
-5.52802
-5.52511
-5.52705
-5.5264
-5.52673
-5.5264
-5.52575
-5.5251
-5.52769
-5.52802
-5.52672
-5.5277
-5.52414
-5.52349
-5.52154
-5.52122
-5.52122
-5.52123
-5.5222
-5.5235
-5.52382
-5.52544
-5.52382
-5.52576
-5.52382
-5.52382
-5.52511
-5.52511
-5.52414
-5.52317
-5.52252
-5.52219
-5.52219
-5.52381
-5.52607
-5.5251
-5.52543
-5.52511
-5.52673
-5.5277
-5.52738
-5.52706
-5.52609
-5.52803
-5.52674
-5.52738
-5.52835
-5.52834
-5.52834
-5.52705
-5.52705
-5.52511
-5.5264
-5.52576
-5.52608
-5.52479
-5.52512
-5.52414
-5.52609
-5.5277
-5.52835
-5.52478
-5.52381
-5.52446
-5.52316
-5.52317
-5.52414
-5.52511
-5.52511
-5.52349
-5.52478
-5.52219
-5.52413
-5.52511
-5.52608
-5.52673
-5.52705
-5.52867
-5.52867
-5.52835
-5.52705
-5.52575
-5.52705
-5.52672
-5.52575
-5.52478
-5.52705
-5.52705
-5.52802
-5.52738
-5.5277
-5.52673
-5.5277
-5.52673
-5.5277
-5.52932
-5.52802
-5.5277
-5.52575
-5.52608
-5.5251
-5.52511
-5.52608
-5.52511
-5.52381
-5.52413
-5.52705
-5.5277
-5.52607
-5.52672
-5.52608
-5.5264
-5.52672
-5.52672
-5.52575
-5.52446
-5.52543
-5.52608
-5.52737
-5.5251
-5.52575
-5.52607
-5.52316
-5.52218
-5.52283
-5.52218
-5.52283
-5.52154
-5.52186
-5.52154
-5.52154
-5.52187
-5.52316
-5.52284
-5.52316
-5.52251
-5.52283
-5.52575
-5.52639
-5.52801
-5.52704
-5.52607
-5.52704
-5.52607
-5.5251
-5.52445
-5.5251
-5.5238
-5.52445
-5.52412
-5.52736
-5.5293
-5.52931
-5.52866
-5.52801
-5.52769
-5.52737
-5.52834
-5.52705
-5.52769
-5.5264
-5.52736
-5.52671
-5.52606
-5.52606
-5.52704
-5.52801
-5.52574
-5.52607
-5.5238
-5.52218
-5.52153
-5.52412
-5.52153
-5.52088
-5.52218
-5.52315
-5.52412
-5.52379
-5.52379
-5.52315
-5.52638
-5.52574
-5.52671
-5.52574
-5.52509
-5.52574
-5.52736
-5.52671
-5.52671
-5.52671
-5.52477
-5.52445
-5.52348
-5.52412
-5.52477
-5.52412
-5.52412
-5.52347
-5.52347
-5.52315
-5.52315
-5.52379
-5.52477
-5.52444
-5.52444
-5.52412
-5.52509
-5.52282
-5.52509
-5.52639
-5.52639
-5.52769
-5.5251
-5.52542
-5.52413
-5.52445
-5.52251
-5.5238
-5.52412
-5.52217
-5.52249
-5.52314
-5.52411
-5.52509
-5.52736
-5.52477
-5.52607
-5.52704
-5.52866
-5.53061
-5.52963
-5.53222
-5.53157
-5.53027
-5.5293
-5.52898
-5.52833
-5.52801
-5.52833
-5.52768
-5.52736
-5.52574
-5.52542
-5.52348
-5.52704
-5.52736
-5.52704
-5.52639
-5.52931
-5.52704
-5.52899
-5.52963
-5.52736
-5.52833
-5.52671
-5.52671
-5.52703
-5.52801
-5.52736
-5.52866
-5.52769
-5.52801
-5.52898
-5.52672
-5.52477
-5.52639
-5.52672
-5.52672
-5.52543
-5.52445
-5.52478
-5.5251
-5.52478
-5.5251
-5.52445
-5.52413
-5.52477
-5.52672
-5.52445
-5.52348
-5.52219
-5.52154
-5.51992
-5.51927
-5.52089
-5.52056
-5.52315
-5.52348
-5.52445
-5.52413
-5.5251
-5.52445
-5.52477
-5.52704
-5.52769
-5.52672
-5.52769
-5.52737
-5.53158
-5.53287
-5.53222
-5.53093
-5.52931
-5.52737
-5.52704
-5.52736
-5.52834
-5.52737
-5.52866
-5.52996
-5.52931
-5.52834
-5.52801
-5.52737
-5.52672
-5.52704
-5.52737
-5.52542
-5.52413
-5.52477
-5.52542
-5.52283
-5.52283
-5.52283
-5.52381
-5.52413
-5.52543
-5.52542
-5.52671
-5.52898
-5.52833
-5.52801
-5.52801
-5.52899
-5.52834
-5.52866
-5.52931
-5.52736
-5.52769
-5.52672
-5.52769
-5.52607
-5.52737
-5.52736
-5.52672
-5.52672
-5.52672
-5.52574
-5.52574
-5.52574
-5.52607
-5.52737
-5.52834
-5.52639
-5.52477
-5.52412
-5.52542
-5.52833
-5.52575
-5.52283
-5.52186
-5.52348
-5.52284
-5.52381
-5.52316
-5.5251
-5.52478
-5.5238
-5.52445
-5.52671
-5.52606
-5.52671
-5.52639
-5.52412
-5.52477
-5.52575
-5.52672
-5.52639
-5.52704
-5.52931
-5.53028
-5.52931
-5.52866
-5.52607
-5.52833
-5.52704
-5.52477
-5.5238
-5.5238
-5.52121
-5.52121
-5.5225
-5.51991
-5.52089
-5.52283
-5.52413
-5.52316
-5.52349
-5.52252
-5.52284
-5.52382
-5.52414
-5.52576
-5.52641
-5.52705
-5.5264
-5.52673
-5.52737
-5.52802
-5.52705
-5.53029
-5.5277
-5.52705
-5.52802
-5.52575
-5.52802
-5.52672
-5.52737
-5.52607
-5.52446
-5.52446
-5.52575
-5.52607
-5.52478
-5.52381
-5.52348
-5.52575
-5.52899
-5.53029
-5.52964
-5.53288
-5.53287
-5.53319
-5.53708
-5.53514
-5.53255
-5.52996
-5.52835
-5.529
-5.52673
-5.52641
-5.52479
-5.52414
-5.5222
-5.52284
-5.52414
-5.52316
-5.52381
-5.52607
-5.52575
-5.52737
-5.52802
-5.52835
-5.52932
-5.53029
-5.52608
-5.52608
-5.5277
-5.52673
-5.52835
-5.52673
-5.52738
-5.52673
-5.52576
-5.52479
-5.52446
-5.52446
-5.52414
-5.52544
-5.52544
-5.52738
-5.52738
-5.52835
-5.52803
-5.529
-5.52706
-5.52738
-5.52512
-5.52349
-5.52187
-5.52511
-5.52576
-5.52447
-5.52609
-5.52674
-5.52706
-5.529
-5.52933
-5.52868
-5.53159
-5.53256
-5.53192
-5.53094
-5.5303
-5.53256
-5.53094
-5.53062
-5.53094
-5.52965
-5.52997
-5.52965
-5.52998
-5.52771
-5.52901
-5.52836
-5.52835
-5.52803
-5.52738
-5.529
-5.52609
-5.52739
-5.52739
-5.52674
-5.52804
-5.52868
-5.52966
-5.52804
-5.52771
-5.52609
-5.52382
-5.5235
-5.5235
-5.52253
-5.52156
-5.5222
-5.52123
-5.52156
-5.5222
-5.5222
-5.5222
-5.52512
-5.52447
-5.52382
-5.52285
-5.5235
-5.52512
-5.52576
-5.52414
-5.52511
-5.52447
-5.5222
-5.52155
-5.52252
-5.52414
-5.52447
-5.52673
-5.52706
-5.52771
-5.529
-5.52868
-5.52868
-5.52738
-5.52641
-5.52803
-5.52997
-5.529
-5.52868
-5.52803
-5.52771
-5.52673
-5.52933
-5.52868
-5.52835
-5.529
-5.52705
-5.5277
-5.52446
-5.52641
-5.52446
-5.52479
-5.52576
-5.52609
-5.52479
-5.52512
-5.52576
-5.52576
-5.52479
-5.52284
-5.52317
-5.52316
-5.52446
-5.52349
-5.5222
-5.52414
-5.52511
-5.52382
-5.5235
-5.5235
-5.52285
-5.52544
-5.52673
-5.52609
-5.52706
-5.52544
-5.52479
-5.52188
-5.51961
-5.52091
-5.52285
-5.52156
-5.52382
-5.5222
-5.52285
-5.52317
-5.52382
-5.52349
-5.52447
-5.52576
-5.52609
-5.52512
-5.5235
-5.52414
-5.52608
-5.52738
-5.52705
-5.52641
-5.52511
-5.52479
-5.52511
-5.52381
-5.52284
-5.52284
-5.52284
-5.52155
-5.52154
-5.52316
-5.52316
-5.52446
-5.52478
-5.52381
-5.52673
-5.52544
-5.52511
-5.52576
-5.52575
-5.52413
-5.52575
-5.52574
-5.52736
-5.52963
-5.53061
-5.52931
-5.52737
-5.5277
-5.5277
-5.52705
-5.52608
-5.52705
-5.52542
-5.52607
-5.52639
-5.52769
-5.5293
-5.52769
-5.52963
-5.52801
-5.52899
-5.52931
-5.52899
-5.52737
-5.52834
-5.52802
-5.52704
-5.52704
-5.52542
-5.52672
-5.52802
-5.52543
-5.52608
-5.52737
-5.5264
-5.52672
-5.52349
-5.52316
-5.52219
-5.52219
-5.52251
-5.52154
-5.52445
-5.52381
-5.52672
-5.52542
-5.52672
-5.52607
-5.52769
-5.52737
-5.52834
-5.52769
-5.52607
-5.52801
-5.52834
-5.52801
-5.52931
-5.52866
-5.52737
-5.52899
-5.52964
-5.52802
-5.52899
-5.52672
-5.52608
-5.52608
-5.52867
-5.52672
-5.52672
-5.52672
-5.52672
-5.52672
-5.52705
-5.52932
-5.52932
-5.529
-5.5277
-5.52738
-5.52835
-5.52834
-5.5251
-5.52705
-5.52672
-5.52963
-5.52899
-5.52543
-5.52478
-5.52511
-5.52575
-5.52608
-5.52511
-5.52316
-5.52252
-5.52381
-5.52187
-5.52349
-5.52738
-5.52834
-5.52834
-5.52802
-5.52931
-5.52932
-5.52705
-5.52673
-5.52705
-5.52737
-5.52737
-5.52866
-5.52801
-5.52866
-5.52898
-5.52996
-5.52996
-5.52802
-5.5264
-5.52769
-5.5264
-5.52445
-5.52251
-5.52283
-5.52251
-5.52315
-5.52542
-5.52445
-5.52412
-5.5238
-5.52251
-5.52154
-5.52349
-5.52446
-5.52317
-5.52252
-5.52349
-5.52413
-5.52381
-5.52251
-5.5238
-5.52251
-5.52348
-5.5251
-5.52478
-5.52607
-5.52704
-5.52866
-5.52834
-5.52575
-5.52575
-5.52413
-5.52608
-5.5251
-5.52543
-5.52446
-5.5251
-5.5251
-5.52834
-5.52802
-5.52996
-5.52802
-5.52964
-5.52996
-5.5319
-5.53287
-5.53255
-5.53126
-5.52899
-5.52673
-5.5277
-5.52576
-5.52576
-5.52447
-5.52349
-5.52479
-5.52543
-5.5264
-5.52575
-5.52477
-5.52672
-5.52639
-5.52737
-5.52769
-5.52607
-5.52672
-5.52446
-5.52316
-5.52252
-5.52122
-5.52057
-5.52025
-5.52122
-5.52155
-5.52122
-5.5209
-5.52122
-5.52284
-5.52543
-5.5264
-5.52866
-5.52834
-5.52769
-5.52737
-5.52575
-5.52511
-5.52673
-5.52608
-5.52382
-5.52382
-5.52706
-5.52576
-5.52414
-5.52284
-5.52511
-5.52316
-5.52672
-5.52737
-5.5251
-5.52446
-5.52543
-5.52446
-5.52381
-5.52284
-5.52348
-5.52186
-5.52154
-5.52122
-5.52251
-5.52348
-5.52381
-5.52575
-5.52673
-5.52608
-5.52544
-5.52479
-5.52414
-5.52543
-5.52608
-5.52381
-5.52316
-5.52413
-5.52478
-5.52478
-5.52542
-5.52672
-5.52575
-5.52737
-5.52802
-5.52543
-5.5251
-5.52543
-5.5264
-5.52446
-5.52576
-5.52673
-5.52576
-5.52608
-5.52511
-5.52479
-5.52316
-5.52219
-5.52186
-5.52089
-5.52381
-5.52542
-5.52575
-5.52575
-5.52608
-5.5264
-5.52576
-5.52543
-5.52705
-5.52738
-5.52835
-5.52899
-5.52834
-5.52866
-5.52737
-5.52802
-5.52866
-5.52866
-5.52802
-5.52801
-5.52542
-5.52478
-5.52154
-5.52089
-5.52349
-5.52478
-5.52737
-5.52834
-5.52769
-5.52931
-5.52963
-5.52866
-5.52931
-5.52704
-5.52704
-5.52445
-5.52251
-5.52121
-5.52024
-5.52251
-5.52316
-5.52413
-5.5264
-5.52543
-5.5251
-5.52446
-5.52348
-5.52478
-5.5251
-5.52834
-5.52705
-5.52737
-5.52802
-5.52802
-5.52769
-5.53028
-5.52898
-5.52736
-5.52639
-5.52413
-5.52542
-5.52445
-5.52704
-5.52704
-5.52737
-5.52866
-5.52964
-5.52705
-5.5277
-5.52899
-5.5277
-5.52996
-5.53061
-5.53093
-5.52931
-5.52964
-5.52834
-5.52737
-5.52608
-5.52575
-5.52575
-5.52446
-5.52284
-5.52154
-5.5183
-5.51992
-5.52251
-5.52348
-5.52445
-5.5251
-5.5251
-5.52672
-5.52737
-5.52705
-5.52672
-5.52705
-5.52705
-5.52834
-5.52931
-5.52737
-5.53191
-5.52867
-5.529
-5.52997
-5.53126
-5.52996
-5.52802
-5.52834
-5.52834
-5.52835
-5.52867
-5.52834
-5.52964
-5.52802
-5.52932
-5.52867
-5.5277
-5.52802
-5.5277
-5.52802
-5.5277
-5.52672
-5.52607
-5.52478
-5.52445
-5.52219
-5.52284
-5.52348
-5.52186
-5.52219
-5.52316
-5.52445
-5.52477
-5.52542
-5.52736
-5.53028
-5.52931
-5.52996
-5.53028
-5.53028
-5.53061
-5.53029
-5.52996
-5.53158
-5.52802
-5.52607
-5.52769
-5.52737
-5.52737
-5.52769
-5.52607
-5.52704
-5.52866
-5.52834
-5.52737
-5.52931
-5.52931
-5.52802
-5.52673
-5.52964
-5.52835
-5.52673
-5.52641
-5.52478
-5.52446
-5.52446
-5.5251
-5.5251
-5.52478
-5.5251
-5.52284
-5.52187
-5.52025
-5.5196
-5.52058
-5.52252
-5.52251
-5.52446
-5.52543
-5.52705
-5.52607
-5.5251
-5.5251
-5.52705
-5.52737
-5.52705
-5.52511
-5.52414
-5.52381
-5.52284
-5.52317
-5.52349
-5.52316
-5.52381
-5.52284
-5.52381
-5.52284
-5.52511
-5.52317
-5.52317
-5.52479
-5.52349
-5.52123
-5.5222
-5.5209
-5.52252
-5.52479
-5.52576
-5.52381
-5.52187
-5.5209
-5.52123
-5.52026
-5.51993
-5.51961
-5.51896
-5.51896
-5.51961
-5.52025
-5.5196
-5.52025
-5.52058
-5.52025
-5.52543
-5.52544
-5.52576
-5.52609
-5.52544
-5.52479
-5.52544
-5.52447
-5.52317
-5.52317
-5.52317
-5.52382
-5.52414
-5.52317
-5.52187
-5.52608
-5.52576
-5.52641
-5.52479
-5.5277
-5.52738
-5.5277
-5.52738
-5.52868
-5.52803
-5.52544
-5.52511
-5.52479
-5.52285
-5.52479
-5.52479
-5.52479
-5.52608
-5.52608
-5.52673
-5.52737
-5.52705
-5.5277
-5.52835
-5.52803
-5.529
-5.52867
-5.52705
-5.52673
-5.52802
-5.5264
-5.52737
-5.52478
-5.52575
-5.52672
-5.52575
-5.52446
-5.52478
-5.52317
-5.52446
-5.52414
-5.52544
-5.52576
-5.52705
-5.52705
-5.52608
-5.52575
-5.52672
-5.52607
-5.5251
-5.52608
-5.52575
-5.52608
-5.52867
-5.52673
-5.52867
-5.52834
-5.53061
-5.53093
-5.53158
-5.52834
-5.52963
-5.52995
-5.5306
-5.52834
-5.52737
-5.52802
-5.5264
-5.52608
-5.52673
-5.52899
-5.52672
-5.52543
-5.5264
-5.5251
-5.52413
-5.52445
-5.52251
-5.52154
-5.52316
-5.52251
-5.52219
-5.52316
-5.52381
-5.52478
-5.52575
-5.5251
-5.52575
-5.52478
-5.52316
-5.52316
-5.52381
-5.52316
-5.52089
-5.52251
-5.52445
-5.52154
-5.52089
-5.52121
-5.52284
-5.52607
-5.5264
-5.52737
-5.52608
-5.5264
-5.52737
-5.52801
-5.52801
-5.52606
-5.52477
-5.5238
-5.52413
-5.52316
-5.52381
-5.52381
-5.52348
-5.52251
-5.52187
-5.52316
-5.52543
-5.52543
-5.52607
-5.52542
-5.52413
-5.52542
-5.52542
-5.52412
-5.52412
-5.52315
-5.52348
-5.52283
-5.52445
-5.52445
-5.52348
-5.52219
-5.52445
-5.52413
-5.52348
-5.52348
-5.52412
-5.52153
-5.52218
-5.52121
-5.52056
-5.52089
-5.5238
-5.52315
-5.5225
-5.52347
-5.52121
-5.52186
-5.52219
-5.52251
-5.52186
-5.52283
-5.52089
-5.52186
-5.5225
-5.5225
-5.5238
-5.52445
-5.52444
-5.52315
-5.52801
-5.52704
-5.52736
-5.52769
-5.52963
-5.53028
-5.52866
-5.5306
-5.52898
-5.52898
-5.52801
-5.52769
-5.52445
-5.52413
-5.52412
-5.5238
-5.52347
-5.52186
-5.51991
-5.52316
-5.52251
-5.52381
-5.52446
-5.52478
-5.52478
-5.52802
-5.52866
-5.52769
-5.52672
-5.52704
-5.52639
-5.52574
-5.52477
-5.52283
-5.52219
-5.52186
-5.52154
-5.52186
-5.52283
-5.52154
-5.52218
-5.52542
-5.52607
-5.52477
-5.52413
-5.52575
-5.5251
-5.52575
-5.52801
-5.52866
-5.52801
-5.52931
-5.52898
-5.52704
-5.52672
-5.52737
-5.52478
-5.52219
-5.52154
-5.52025
-5.52121
-5.52057
-5.52057
-5.52089
-5.52057
-5.52122
-5.52154
-5.52219
-5.52348
-5.5251
-5.52575
-5.52413
-5.52348
-5.52283
-5.52316
-5.52251
-5.52251
-5.52218
-5.52413
-5.52413
-5.52348
-5.52445
-5.52575
-5.52607
-5.52737
-5.52704
-5.52672
-5.52704
-5.52575
-5.52801
-5.52704
-5.52542
-5.52477
-5.52348
-5.52315
-5.52218
-5.52413
-5.52639
-5.52704
-5.52704
-5.52704
-5.52672
-5.52607
-5.52542
-5.5251
-5.52283
-5.51992
-5.52219
-5.52284
-5.52673
-5.52478
-5.52446
-5.52316
-5.5251
-5.52348
-5.5238
-5.52445
-5.52412
-5.5238
-5.52315
-5.52186
-5.52121
-5.52186
-5.52283
-5.52251
-5.52187
-5.52251
-5.52219
-5.52543
-5.52445
-5.5238
-5.52348
-5.52348
-5.52153
-5.52218
-5.52445
-5.52575
-5.52769
-5.52899
-5.53061
-5.53029
-5.52996
-5.52867
-5.52737
-5.52575
-5.52478
-5.5238
-5.52315
-5.5238
-5.52121
-5.52251
-5.52316
-5.52348
-5.52445
-5.5251
-5.5251
-5.5238
-5.5238
-5.52348
-5.52413
-5.52316
-5.52413
-5.52542
-5.52413
-5.5251
-5.52283
-5.52445
-5.52218
-5.52153
-5.52186
-5.52154
-5.52251
-5.52413
-5.52284
-5.52316
-5.52381
-5.52252
-5.52349
-5.52381
-5.52219
-5.52446
-5.52413
-5.5251
-5.52575
-5.52543
-5.52737
-5.52705
-5.5277
-5.52608
-5.52478
-5.52672
-5.52705
-5.52607
-5.5251
-5.52348
-5.52283
-5.52283
-5.5238
-5.52283
-5.52316
-5.52445
-5.52446
-5.52381
-5.5209
-5.52252
-5.5209
-5.51993
-5.52025
-5.52219
-5.52284
-5.52542
-5.52736
-5.52671
-5.52671
-5.52768
-5.52866
-5.52931
-5.52705
-5.52478
-5.52478
-5.52607
-5.52801
-5.5306
-5.53028
-5.53092
-5.5306
-5.53092
-5.53125
-5.5306
-5.53092
-5.52995
-5.53125
-5.52963
-5.52833
-5.52801
-5.52865
-5.52606
-5.52509
-5.52735
-5.52606
-5.52379
-5.52412
-5.52282
-5.52347
-5.52282
-5.52218
-5.51992
-5.51959
-5.51765
-5.51733
-5.5183
-5.51959
-5.52089
-5.52121
-5.51991
-5.51829
-5.52056
-5.52121
-5.52218
-5.52348
-5.52769
-5.52801
-5.5251
-5.52413
-5.52283
-5.52283
-5.52478
-5.52802
-5.52705
-5.52543
-5.5277
-5.52673
-5.52672
-5.52672
-5.52769
-5.52607
-5.52607
-5.52478
-5.52477
-5.5251
-5.52575
-5.52639
-5.52575
-5.52672
-5.5264
-5.52639
-5.52413
-5.52478
-5.52381
-5.52348
-5.5264
-5.52704
-5.52802
-5.5251
-5.52219
-5.52316
-5.52251
-5.52154
-5.52025
-5.52025
-5.51992
-5.51992
-5.52057
-5.52348
-5.52413
-5.52478
-5.52316
-5.52348
-5.52574
-5.52574
-5.52833
-5.52866
-5.52898
-5.52898
-5.53028
-5.5306
-5.52834
-5.52769
-5.52607
-5.52478
-5.52672
-5.52543
-5.52575
-5.5264
-5.52542
-5.52542
-5.52477
-5.52606
-5.52509
-5.52412
-5.52574
-5.52833
-5.52866
-5.52834
-5.52769
-5.5251
-5.52542
-5.5251
-5.52542
-5.52445
-5.5251
-5.52542
-5.52477
-5.52283
-5.52283
-5.52315
-5.52477
-5.5251
-5.52639
-5.52574
-5.52316
-5.52283
-5.52251
-5.52316
-5.52413
-5.52639
-5.52574
-5.52413
-5.52445
-5.52445
-5.5264
-5.52769
-5.52607
-5.5251
-5.5251
-5.52316
-5.52445
-5.52608
-5.5264
-5.5264
-5.52769
-5.52737
-5.52802
-5.52769
-5.5264
-5.52607
-5.52542
-5.52769
-5.52574
-5.5238
-5.52477
-5.52672
-5.52704
-5.52769
-5.52575
-5.52607
-5.52478
-5.52543
-5.52511
-5.52413
-5.52381
-5.52284
-5.52413
-5.52608
-5.52478
-5.52608
-5.52511
-5.52446
-5.52511
-5.52511
-5.52446
-5.52317
-5.52381
-5.52316
-5.52445
-5.52445
-5.52542
-5.52413
-5.52381
-5.52381
-5.52349
-5.52446
-5.52446
-5.52511
-5.52543
-5.52446
-5.52511
-5.52705
-5.52543
-5.52802
-5.5264
-5.5251
-5.52414
-5.52349
-5.52317
-5.52285
-5.52285
-5.52285
-5.5222
-5.52349
-5.52252
-5.52187
-5.52154
-5.52154
-5.52251
-5.52219
-5.52252
-5.52316
-5.52478
-5.52673
-5.52673
-5.52673
-5.529
-5.52835
-5.52932
-5.52932
-5.52867
-5.5264
-5.52511
-5.52511
-5.52543
-5.52414
-5.52802
-5.52641
-5.52608
-5.52932
-5.5277
-5.52737
-5.5264
-5.52608
-5.52802
-5.5264
-5.52478
-5.52576
-5.52414
-5.52446
-5.52381
-5.52446
-5.52413
-5.52381
-5.52316
-5.52446
-5.52381
-5.5264
-5.52349
-5.52317
-5.52349
-5.52155
-5.52026
-5.51961
-5.52187
-5.52284
-5.52511
-5.5251
-5.52381
-5.52445
-5.52348
-5.52381
-5.52478
-5.52543
-5.52575
-5.5277
-5.52866
-5.52802
-5.52737
-5.52705
-5.52769
-5.52704
-5.52445
-5.52348
-5.52478
-5.52672
-5.52802
-5.52542
-5.52704
-5.52769
-5.52737
-5.52672
-5.52736
-5.52736
-5.52898
-5.52866
-5.52963
-5.5319
-5.53223
-5.53126
-5.53093
-5.52996
-5.52899
-5.5277
-5.52672
-5.52834
-5.52704
-5.52737
-5.52671
-5.52704
-5.52574
-5.52607
-5.52575
-5.52381
-5.52284
-5.52187
-5.52284
-5.52155
-5.52252
-5.52413
-5.52446
-5.52543
-5.52349
-5.52284
-5.52284
-5.52543
-5.52575
-5.52607
-5.52639
-5.52736
-5.52671
-5.52671
-5.52736
-5.52768
-5.52477
-5.52509
-5.52607
-5.52866
-5.52802
-5.52705
-5.52705
-5.52802
-5.52802
-5.5264
-5.52608
-5.52737
-5.52737
-5.52608
-5.52672
-5.52608
-5.52769
-5.52639
-5.5251
-5.52575
-5.52672
-5.52866
-5.52834
-5.52802
-5.52672
-5.52672
-5.5264
-5.52446
-5.52478
-5.52446
-5.52316
-5.52187
-5.52381
-5.52511
-5.52381
-5.52478
-5.52542
-5.52542
-5.52478
-5.5264
-5.52932
-5.5277
-5.52738
-5.52835
-5.52802
-5.52737
-5.52769
-5.52704
-5.52769
-5.52737
-5.5264
-5.52608
-5.5277
-5.52803
-5.52673
-5.52834
-5.52737
-5.52737
-5.5264
-5.52542
-5.52445
-5.52478
-5.52575
-5.52673
-5.52835
-5.529
-5.52868
-5.52965
-5.52803
-5.52738
-5.52932
-5.52867
-5.52705
-5.52802
-5.5251
-5.52769
-5.52866
-5.52672
-5.52576
-5.52544
-5.52511
-5.52447
-5.52317
-5.52382
-5.52511
-5.52737
-5.52867
-5.5264
-5.52802
-5.52802
-5.5277
-5.52543
-5.52705
-5.52769
-5.52737
-5.52737
-5.52769
-5.5277
-5.52608
-5.52576
-5.52608
-5.52673
-5.52738
-5.52673
-5.5277
-5.52705
-5.52543
-5.52478
-5.52607
-5.52607
-5.52607
-5.52381
-5.52284
-5.52219
-5.52413
-5.5251
-5.5264
-5.52899
-5.52672
-5.52608
-5.52608
-5.52802
-5.52673
-5.5277
-5.52641
-5.52543
-5.52511
-5.5264
-5.52478
-5.52542
-5.52543
-5.5264
-5.5264
-5.52479
-5.52544
-5.52382
-5.52252
-5.52252
-5.5209
-5.52187
-5.52349
-5.5209
-5.52284
-5.52705
-5.52964
-5.52899
-5.52737
-5.52576
-5.52543
-5.52543
-5.52673
-5.52867
-5.52835
-5.52835
-5.52673
-5.52705
-5.52737
-5.52899
-5.52802
-5.52705
-5.52705
-5.52673
-5.52737
-5.52705
-5.52511
-5.52252
-5.52446
-5.52544
-5.52414
-5.52414
-5.52511
-5.52543
-5.52575
-5.52446
-5.52381
-5.52446
-5.52348
-5.52413
-5.5264
-5.52543
-5.52381
-5.5251
-5.52608
-5.52899
-5.53061
-5.52964
-5.52931
-5.52705
-5.52575
-5.52478
-5.5264
-5.52511
-5.52478
-5.52446
-5.52478
-5.52478
-5.52446
-5.52348
-5.52186
-5.5238
-5.51959
-5.52056
-5.51992
-5.52154
-5.52186
-5.52478
-5.52607
-5.52413
-5.52251
-5.52413
-5.52542
-5.5251
-5.52606
-5.52704
-5.52444
-5.52282
-5.5238
-5.5225
-5.52089
-5.52218
-5.52218
-5.52348
-5.52089
-5.52089
-5.52153
-5.5238
-5.52639
-5.52704
-5.52639
-5.528
-5.528
-5.52768
-5.52833
-5.52639
-5.52704
-5.52704
-5.52477
-5.52348
-5.52445
-5.52477
-5.52704
-5.52639
-5.52671
-5.52736
-5.52866
-5.52736
-5.5251
-5.52445
-5.52316
-5.5238
-5.52413
-5.52639
-5.52639
-5.52574
-5.52574
-5.52671
-5.52639
-5.52833
-5.52963
-5.5293
-5.52736
-5.52672
-5.52607
-5.52607
-5.5251
-5.52672
-5.52477
-5.52671
-5.52639
-5.52801
-5.52606
-5.52606
-5.52639
-5.52542
-5.52509
-5.52574
-5.52607
-5.52671
-5.52866
-5.52574
-5.52445
-5.52251
-5.52509
-5.52412
-5.52412
-5.52444
-5.52639
-5.52703
-5.52768
-5.52768
-5.52574
-5.52574
-5.52444
-5.52477
-5.5238
-5.52218
-5.52089
-5.51959
-5.52122
-5.52251
-5.52413
-5.52478
-5.52445
-5.52315
-5.52445
-5.5238
-5.52542
-5.52736
-5.52704
-5.52737
-5.5264
-5.52737
-5.5251
-5.52446
-5.52348
-5.52348
-5.52381
-5.52445
-5.52607
-5.52704
-5.52768
-5.52768
-5.52833
-5.52769
-5.52704
-5.5251
-5.52575
-5.52445
-5.52316
-5.52316
-5.52445
-5.52348
-5.5238
-5.52445
-5.52445
-5.5251
-5.52575
-5.52737
-5.52802
-5.52543
-5.52543
-5.52478
-5.52672
-5.52673
-5.52511
-5.52349
-5.5251
-5.52575
-5.5251
-5.52381
-5.52284
-5.52284
-5.52348
-5.52316
-5.52284
-5.52316
-5.52284
-5.52219
-5.52317
-5.52414
-5.52511
-5.52576
-5.52543
-5.52446
-5.52575
-5.52413
-5.52413
-5.52478
-5.52607
-5.52478
-5.52543
-5.52219
-5.52316
-5.52381
-5.52348
-5.52219
-5.52284
-5.52381
-5.52317
-5.52414
-5.52381
-5.52316
-5.52187
-5.52186
-5.52348
-5.5251
-5.5251
-5.52348
-5.52316
-5.52413
-5.52283
-5.52381
-5.5251
-5.52316
-5.52413
-5.52284
-5.52316
-5.52349
-5.52446
-5.52381
-5.5264
-5.52575
-5.52705
-5.5264
-5.52705
-5.52737
-5.52802
-5.52996
-5.52769
-5.52705
-5.52705
-5.5264
-5.52608
-5.52834
-5.52802
-5.52802
-5.52737
-5.52672
-5.52608
-5.52511
-5.52478
-5.52511
-5.52608
-5.52543
-5.52349
-5.52219
-5.52284
-5.52446
-5.52543
-5.52479
-5.52608
-5.52511
-5.52575
-5.52575
-5.52802
-5.52672
-5.52899
-5.52899
-5.52802
-5.52673
-5.5277
-5.52641
-5.52576
-5.52414
-5.52543
-5.5264
-5.52413
-5.52348
-5.52219
-5.52381
-5.52316
-5.52154
-5.52284
-5.52316
-5.5251
-5.52543
-5.52834
-5.52575
-5.52478
-5.52478
-5.52414
-5.52576
-5.52608
-5.52608
-5.52478
-5.52349
-5.52446
-5.52219
-5.52154
-5.52154
-5.52219
-5.52316
-5.52316
-5.52413
-5.52413
-5.52446
-5.52381
-5.52349
-5.5251
-5.5251
-5.52316
-5.52381
-5.52413
-5.52252
-5.52219
-5.52219
-5.52348
-5.52283
-5.52186
-5.52283
-5.52348
-5.52316
-5.52089
-5.52219
-5.52154
-5.52154
-5.52186
-5.52186
-5.52219
-5.52186
-5.52348
-5.52477
-5.52801
-5.52639
-5.52542
-5.52445
-5.52574
-5.52542
-5.52445
-5.52542
-5.52801
-5.52769
-5.52898
-5.52672
-5.52833
-5.52736
-5.52639
-5.52607
-5.52607
-5.52607
-5.52574
-5.52574
-5.52477
-5.52283
-5.52315
-5.52315
-5.52348
-5.52542
-5.52445
-5.52283
-5.52218
-5.52283
-5.52347
-5.52347
-5.52379
-5.52217
-5.52282
-5.52314
-5.52217
-5.52153
-5.5225
-5.52218
-5.52089
-5.52218
-5.52477
-5.52574
-5.52639
-5.52703
-5.52671
-5.52865
-5.52962
-5.53124
-5.53156
-5.52833
-5.52833
-5.52833
-5.52736
-5.52509
-5.52509
-5.52379
-5.52185
-5.52412
-5.52476
-5.5293
-5.52962
-5.53059
-5.53286
-5.53091
-5.52832
-5.52767
-5.52702
-5.52735
-5.52703
-5.52508
-5.52282
-5.52153
-5.52055
-5.52185
-5.52152
-5.52314
-5.52185
-5.52217
-5.52379
-5.52346
-5.52476
-5.52282
-5.52412
-5.52476
-5.52509
-5.52477
-5.52282
-5.52185
-5.52347
-5.52088
-5.52249
-5.52282
-5.52217
-5.52476
-5.52541
-5.52735
-5.5293
-5.528
-5.52767
-5.52443
-5.52508
-5.52444
-5.52282
-5.52314
-5.52411
-5.52217
-5.52509
-5.52606
-5.52476
-5.52315
-5.52282
-5.52185
-5.52249
-5.52476
-5.52702
-5.52249
-5.52411
-5.52573
-5.52476
-5.52347
-5.52347
-5.52476
-5.52638
-5.528
-5.52703
-5.52606
-5.52509
-5.52379
-5.52444
-5.52541
-5.52347
-5.52606
-5.52476
-5.52573
-5.52703
-5.52703
-5.52541
-5.52379
-5.52346
-5.52476
-5.52735
-5.52606
-5.5267
-5.52994
-5.52994
-5.528
-5.5267
-5.52864
-5.52702
-5.52638
-5.5267
-5.52541
-5.52476
-5.52314
-5.52185
-5.52055
-5.52152
-5.52217
-5.52152
-5.52249
-5.52055
-5.52314
-5.52282
-5.52282
-5.52477
-5.52541
-5.52606
-5.52379
-5.52411
-5.52573
-5.52411
-5.52346
-5.52314
-5.52412
-5.52347
-5.52509
-5.52444
-5.52477
-5.52477
-5.52898
-5.52865
-5.52703
-5.52865
-5.52962
-5.52801
-5.52704
-5.52704
-5.52639
-5.52542
-5.52445
-5.52412
-5.5238
-5.52315
-5.52218
-5.52218
-5.52089
-5.52056
-5.52283
-5.52154
-5.52154
-5.52121
-5.52283
-5.52477
-5.52509
-5.52574
-5.52607
-5.52704
-5.52769
-5.52834
-5.52607
-5.52639
-5.52769
-5.52704
-5.52736
-5.5293
-5.52995
-5.5306
-5.53254
-5.53059
-5.53092
-5.52898
-5.52866
-5.52671
-5.52736
-5.52769
-5.52639
-5.52833
-5.52736
-5.52736
-5.52736
-5.52672
-5.52542
-5.52639
-5.52445
-5.52347
-5.5238
-5.52347
-5.52283
-5.52347
-5.52477
-5.52542
-5.52575
-5.52931
-5.53028
-5.5319
-5.5319
-5.53093
-5.53093
-5.53254
-5.53028
-5.52866
-5.52704
-5.5251
-5.52671
-5.52704
-5.52769
-5.52736
-5.52574
-5.52542
-5.52542
-5.52542
-5.52509
-5.52671
-5.52736
-5.52639
-5.52671
-5.52574
-5.52834
-5.52801
-5.52736
-5.52704
-5.52768
-5.52639
-5.52671
-5.52541
-5.5293
-5.5293
-5.52929
-5.52865
-5.5293
-5.52995
-5.5306
-5.5293
-5.5293
-5.52898
-5.53124
-5.5293
-5.52736
-5.52735
-5.52865
-5.52833
-5.52801
-5.52833
-5.52671
-5.52704
-5.52704
-5.52412
-5.52088
-5.52217
-5.52379
-5.52023
-5.52152
-5.52217
-5.52347
-5.52542
-5.52768
-5.52963
-5.52801
-5.52639
-5.52477
-5.52606
-5.52638
-5.52703
-5.52671
-5.52606
-5.52703
-5.52735
-5.52995
-5.528
-5.528
-5.52703
-5.52638
-5.52671
-5.52606
-5.52768
-5.52768
-5.52736
-5.52671
-5.52833
-5.52995
-5.528
-5.52735
-5.52735
-5.5267
-5.52411
-5.52541
-5.52347
-5.52282
-5.52412
-5.52218
-5.52088
-5.52088
-5.52218
-5.52412
-5.52444
-5.52444
-5.52412
-5.52282
-5.52444
-5.52444
-5.52509
-5.5238
-5.52574
-5.5251
-5.52413
-5.52413
-5.52574
-5.52315
-5.52606
-5.52768
-5.52574
-5.5238
-5.5225
-5.52412
-5.52541
-5.52444
-5.52477
-5.52574
-5.52347
-5.52671
-5.52801
-5.52963
-5.52736
-5.52833
-5.52931
-5.52769
-5.52672
-5.52899
-5.52963
-5.52704
-5.52802
-5.52899
-5.52898
-5.52931
-5.52769
-5.52996
-5.52931
-5.52963
-5.52898
-5.52899
-5.52737
-5.52608
-5.52543
-5.52543
-5.5277
-5.52673
-5.52575
-5.52673
-5.52867
-5.52932
-5.529
-5.52738
-5.52802
-5.5277
-5.52769
-5.52575
-5.5264
-5.52283
-5.52542
-5.5251
-5.52478
-5.52381
-5.52413
-5.52607
-5.52672
-5.52413
-5.52511
-5.52381
-5.52349
-5.52284
-5.52543
-5.52705
-5.52737
-5.52866
-5.52802
-5.52899
-5.52996
-5.52963
-5.52801
-5.52769
-5.52542
-5.5264
-5.52511
-5.52575
-5.52543
-5.52576
-5.52511
-5.52543
-5.52446
-5.52479
-5.52317
-5.52543
-5.52705
-5.52478
-5.52608
-5.5264
-5.52737
-5.52543
-5.52544
-5.52414
-5.52349
-5.52414
-5.5222
-5.52414
-5.52447
-5.52576
-5.52576
-5.52641
-5.52576
-5.52511
-5.52414
-5.52349
-5.52446
-5.52479
-5.52414
-5.52447
-5.52609
-5.52673
-5.52576
-5.52641
-5.52447
-5.52545
-5.52545
-5.52674
-5.52544
-5.52545
-5.52447
-5.52576
-5.52447
-5.52447
-5.52511
-5.52317
-5.52446
-5.52414
-5.52544
-5.52512
-5.52674
-5.52738
-5.52836
-5.529
-5.52868
-5.53127
-5.52836
-5.52836
-5.52868
-5.529
-5.52868
-5.52965
-5.52803
-5.52512
-5.52383
-5.5248
-5.52285
-5.52382
-5.52382
-5.52123
-5.52317
-5.52479
-5.52641
-5.52836
-5.52998
-5.52998
-5.53224
-5.52933
-5.52674
-5.52576
-5.52738
-5.52738
-5.52835
-5.52803
-5.5264
-5.52414
-5.52478
-5.52349
-5.52349
-5.52381
-5.52317
-5.52576
-5.52479
-5.52512
-5.52512
-5.52609
-5.52706
-5.52641
-5.52738
-5.52543
-5.52608
-5.5264
-5.5264
-5.52576
-5.52317
-5.52317
-5.52479
-5.52511
-5.52706
-5.52803
-5.52544
-5.52512
-5.52382
-5.52253
-5.52058
-5.52026
-5.51993
-5.52187
-5.52252
-5.52252
-5.52349
-5.52413
-5.52511
-5.52478
-5.52641
-5.52512
-5.52382
-5.5248
-5.52577
-5.52738
-5.52673
-5.52511
-5.52608
-5.52511
-5.52706
-5.52479
-5.52285
-5.52317
-5.52349
-5.52609
-5.52609
-5.52641
-5.52609
-5.52835
-5.529
-5.52835
-5.5277
-5.52608
-5.52511
-5.52544
-5.52835
-5.52706
-5.52706
-5.52545
-5.52318
-5.52188
-5.52188
-5.52446
-5.52446
-5.52576
-5.52835
-5.52543
-5.52543
-5.52511
-5.52317
-5.5235
-5.52415
-5.52318
-5.5235
-5.52383
-5.5261
-5.5261
-5.52447
-5.52318
-5.52285
-5.52188
-5.5222
-5.5209
-5.51961
-5.51961
-5.51799
-5.52026
-5.51929
-5.52123
-5.52382
-5.52447
-5.52447
-5.52317
-5.52187
-5.52479
-5.52447
-5.52447
-5.529
-5.52706
-5.52933
-5.52739
-5.52998
-5.53063
-5.53063
-5.52933
-5.52836
-5.52609
-5.52673
-5.52673
-5.529
-5.52867
-5.5277
-5.52705
-5.52608
-5.52511
-5.52576
-5.52674
-5.52706
-5.52544
-5.52771
-5.52641
-5.52577
-5.52738
-5.52512
-5.52609
-5.52673
-5.52836
-5.52933
-5.53063
-5.52868
-5.52544
-5.52415
-5.52447
-5.52188
-5.5235
-5.52609
-5.52512
-5.52544
-5.52479
-5.5235
-5.52674
-5.52771
-5.52868
-5.52479
-5.52576
-5.52382
-5.52447
-5.52544
-5.52512
-5.52382
-5.52577
-5.52512
-5.52512
-5.52544
-5.52641
-5.52609
-5.52674
-5.52739
-5.52674
-5.52609
-5.52609
-5.52609
-5.52512
-5.52641
-5.52932
-5.52899
-5.52899
-5.52738
-5.52511
-5.52673
-5.52609
-5.52577
-5.52512
-5.52415
-5.52544
-5.52577
-5.52479
-5.52382
-5.52349
-5.52252
-5.52122
-5.52155
-5.52252
-5.52285
-5.52188
-5.52058
-5.51993
-5.51896
-5.52252
-5.52188
-5.5209
-5.52187
-5.5209
-5.52349
-5.52284
-5.52219
-5.52122
-5.52058
-5.52123
-5.52349
-5.52382
-5.52382
-5.52382
-5.5235
-5.52577
-5.52771
-5.52576
-5.5235
-5.52414
-5.52252
-5.52284
-5.52187
-5.52285
-5.52349
-5.52349
-5.52317
-5.52285
-5.52447
-5.52706
-5.52544
-5.52576
-5.52674
-5.52609
-5.52933
-5.52836
-5.52804
-5.52836
-5.52544
-5.52544
-5.52382
-5.52188
-5.52349
-5.52446
-5.52284
-5.52381
-5.52349
-5.52511
-5.52511
-5.52576
-5.52803
-5.52739
-5.52803
-5.52836
-5.52804
-5.52868
-5.52738
-5.52932
-5.52964
-5.53126
-5.53062
-5.53062
-5.53191
-5.53353
-5.5303
-5.52965
-5.52641
-5.52544
-5.52511
-5.52382
-5.52608
-5.52608
-5.52576
-5.52608
-5.52738
-5.52835
-5.52738
-5.52706
-5.5277
-5.52706
-5.52803
-5.52706
-5.52512
-5.5235
-5.52414
-5.52543
-5.52479
-5.52446
-5.5264
-5.52511
-5.52673
-5.52674
-5.52512
-5.52447
-5.52544
-5.52609
-5.52512
-5.52577
-5.52415
-5.52447
-5.5222
-5.52026
-5.51897
-5.51994
-5.52123
-5.52349
-5.52381
-5.52414
-5.52414
-5.52252
-5.52285
-5.52641
-5.52771
-5.52997
-5.52965
-5.53192
-5.53192
-5.53386
-5.53224
-5.52964
-5.52932
-5.52738
-5.52705
-5.5264
-5.52673
-5.52737
-5.52673
-5.52673
-5.52836
-5.52933
-5.52803
-5.52577
-5.52382
-5.5222
-5.52187
-5.5222
-5.52155
-5.52123
-5.5209
-5.52187
-5.52025
-5.52057
-5.52122
-5.52154
-5.52219
-5.52317
-5.52414
-5.52414
-5.52252
-5.52381
-5.52317
-5.52317
-5.52122
-5.5196
-5.52057
-5.52219
-5.52284
-5.52446
-5.52478
-5.52446
-5.52608
-5.52575
-5.52413
-5.52381
-5.52381
-5.52414
-5.52446
-5.52479
-5.52608
-5.52576
-5.52543
-5.52575
-5.52478
-5.52478
-5.52381
-5.52575
-5.52414
-5.52543
-5.52316
-5.52155
-5.52187
-5.52349
-5.52381
-5.52349
-5.52511
-5.52673
-5.52835
-5.529
-5.52932
-5.52608
-5.52608
-5.52802
-5.52964
-5.52899
-5.52931
-5.52511
-5.52413
-5.52381
-5.52511
-5.52414
-5.52381
-5.52543
-5.5264
-5.5264
-5.5277
-5.52834
-5.52834
-5.52737
-5.52607
-5.52575
-5.52608
-5.52608
-5.5264
-5.52608
-5.52544
-5.52576
-5.52608
-5.52447
-5.52414
-5.52284
-5.5264
-5.52542
-5.5238
-5.52575
-5.52672
-5.52769
-5.52899
-5.52899
-5.52802
-5.52737
-5.52737
-5.5277
-5.5277
-5.52867
-5.529
-5.52997
-5.5277
-5.52575
-5.5264
-5.52672
-5.52672
-5.5251
-5.52478
-5.5251
-5.52251
-5.52251
-5.52316
-5.52381
-5.52349
-5.52349
-5.52348
-5.52381
-5.52251
-5.52316
-5.52414
-5.52543
-5.52608
-5.52608
-5.52479
-5.52414
-5.52349
-5.52381
-5.52316
-5.52446
-5.52737
-5.52802
-5.52543
-5.52705
-5.52802
-5.52802
-5.52705
-5.5277
-5.52867
-5.53061
-5.52964
-5.52997
-5.52964
-5.52802
-5.52608
-5.52511
-5.52673
-5.5277
-5.52737
-5.52705
-5.52672
-5.52899
-5.52575
-5.52575
-5.52607
-5.5264
-5.52608
-5.52479
-5.52511
-5.5264
-5.52478
-5.52543
-5.52607
-5.52413
-5.52445
-5.52413
-5.52607
-5.52769
-5.52575
-5.52705
-5.52608
-5.52511
-5.52381
-5.52219
-5.52349
-5.52349
-5.52704
-5.52672
-5.5264
-5.5251
-5.52446
-5.52316
-5.52478
-5.52349
-5.52446
-5.52673
-5.5264
-5.52705
-5.52705
-5.52834
-5.52834
-5.52866
-5.52769
-5.52704
-5.52413
-5.52575
-5.52542
-5.52316
-5.52316
-5.52284
-5.52316
-5.52284
-5.52025
-5.52057
-5.51863
-5.51992
-5.51895
-5.51992
-5.52089
-5.52186
-5.52122
-5.52283
-5.52316
-5.52413
-5.52608
-5.52705
-5.52899
-5.53029
-5.53093
-5.5332
-5.53093
-5.53061
-5.5306
-5.53028
-5.52963
-5.52931
-5.52769
-5.52607
-5.52671
-5.52834
-5.52672
-5.52704
-5.52769
-5.52574
-5.52477
-5.5225
-5.52477
-5.52477
-5.5251
-5.52575
-5.5251
-5.5251
-5.52575
-5.52542
-5.52575
-5.52639
-5.52672
-5.52737
-5.52769
-5.52801
-5.52478
-5.5264
-5.5264
-5.52704
-5.52737
-5.5264
-5.52769
-5.52575
-5.52575
-5.52672
-5.52704
-5.52672
-5.52769
-5.52704
-5.52477
-5.5251
-5.52445
-5.52542
-5.52575
-5.52672
-5.5251
-5.52348
-5.52251
-5.52478
-5.52672
-5.52542
-5.5251
-5.52575
-5.52672
-5.52607
-5.52736
-5.52639
-5.52251
-5.52153
-5.52348
-5.52315
-5.5225
-5.52218
-5.52186
-5.52121
-5.52251
-5.52316
-5.52446
-5.52543
-5.52737
-5.52672
-5.52737
-5.52802
-5.52802
-5.52543
-5.52575
-5.52446
-5.52348
-5.52543
-5.5264
-5.52802
-5.52996
-5.52899
-5.52834
-5.52575
-5.52575
-5.52478
-5.52543
-5.52413
-5.5251
-5.5264
-5.52802
-5.52737
-5.52867
-5.52932
-5.52997
-5.53029
-5.53061
-5.5319
-5.53028
-5.52737
-5.52575
-5.52769
-5.52834
-5.53028
-5.52866
-5.52672
-5.52672
-5.52737
-5.52705
-5.52446
-5.5277
-5.52705
-5.52543
-5.52543
-5.52349
-5.52478
-5.52705
-5.52834
-5.52769
-5.52704
-5.52737
-5.52543
-5.52673
-5.52673
-5.52641
-5.52673
-5.52706
-5.52382
-5.52414
-5.52284
-5.52349
-5.52187
-5.52284
-5.52317
-5.52187
-5.52349
-5.52414
-5.52575
-5.52446
-5.52349
-5.5222
-5.5222
-5.52285
-5.52317
-5.52188
-5.52058
-5.52123
-5.51993
-5.52188
-5.52285
-5.52382
-5.52609
-5.52447
-5.52349
-5.52446
-5.52738
-5.52738
-5.52867
-5.5303
-5.52771
-5.529
-5.52803
-5.52739
-5.52803
-5.52642
-5.52641
-5.52674
-5.52771
-5.52673
-5.52543
-5.52641
-5.52576
-5.52608
-5.52738
-5.52544
-5.52544
-5.52609
-5.52544
-5.52479
-5.52317
-5.52382
-5.52382
-5.52414
-5.52252
-5.52317
-5.52285
-5.52317
-5.52285
-5.52253
-5.52285
-5.52253
-5.52189
-5.52059
-5.52156
-5.52189
-5.52156
-5.52221
-5.52155
-5.52188
-5.52285
