1.18343
1.15548
1.1191
1.07841
1.03865
1.00499
0.98173
0.971654
0.976088
0.994819
1.02608
1.06673
1.11284
1.16052
1.20659
1.24876
1.28528
1.31463
1.33558
1.34733
1.34954
1.3428
1.32856
1.30906
1.28692
1.26476
1.24488
1.22881
1.21712
1.20923
1.20344
1.19749
1.18932
1.17802
1.16416
1.14946
1.13591
1.12505
1.11748
1.11304
1.11123
1.11147
1.11331
1.11649
1.12092
1.12671
1.13418
1.14372
1.15563
1.1697
1.18484
1.19917
1.21042
1.21648
1.21626
1.20983
1.19859
1.18484
1.17125
1.16036
1.15391
1.15259
1.15583
1.16189
1.1682
1.17219
1.17174
1.1658
1.1549
1.14116
1.12789
1.11787
1.11185
1.10817
1.1039
1.09667
1.0861
1.07413
1.06458
1.06168
1.06825
1.08413
1.10592
1.12861
1.14773
1.16075
1.16756
1.16986
1.17029
1.17144
1.17512
1.18166
1.19013
1.19876
1.2058
1.21016
1.21164
1.21085
1.20883
1.20641
1.20393
1.20106
1.19713
1.19158
1.18442
1.17634
1.16845
1.16187
1.15713
1.15416
1.15244
1.15135
1.15052
1.14976
1.14877
1.14709
1.14405
1.13902
1.13183
1.12286
1.11316
1.10407
1.09696
1.09322
1.09409
1.10075
1.1138
1.13269
1.1554
1.17898
1.2004
1.21729
1.22828
1.23292
1.23128
1.22396
1.21194
1.19674
1.18043
1.16543
1.15427
1.14943
1.15265
1.16431
1.18307
1.20583
1.22842
1.24674
1.25778
1.26026
1.25478
1.24337
1.22883
1.2136
1.19938
1.18658
1.17485
1.16361
1.15299
1.14439
1.14065
1.14506
1.15928
1.18182
1.20795
1.23163
1.24766
1.25263
1.24526
1.22604
1.19697
1.16098
1.12178
1.08332
1.04965
1.02437
1.01021
1.00829
1.01747
1.03465
1.05605
1.07865
1.10111
1.12344
1.14625
1.17012
1.19506
1.22018
1.24332
1.26168
1.27234
1.27324
1.26369
1.24457
1.21821
1.18804
1.15829
1.1335
1.11776
1.11383
1.12226
1.14117
1.16679
1.19448
1.21991
1.23984
1.25227
1.25646
1.25252
1.24122
1.22365
1.20136
1.17669
1.15263
1.13252
1.11915
1.1139
1.1165
1.12523
1.13761
1.15073
1.16185
1.169
1.17123
1.1685
1.16163
1.15194
1.1409
1.12992
1.12036
1.11348
1.11038
1.11183
1.11791
1.12786
1.14042
1.15426
1.16851
1.18288
1.19754
1.2127
1.22828
1.24367
1.25755
1.26764
1.27112
1.26533
1.24882
1.22206
1.18748
1.14878
1.11029
1.07612
1.04966
1.03307
1.02707
1.03089
1.04292
1.06135
1.08462
1.11129
1.1397
1.16774
1.19319
1.21423
1.22985
1.23997
1.24548
1.24788
1.24871
1.24897
1.24881
1.24764
1.2445
1.23874
1.23028
1.21942
1.20628
1.1909
1.17388
1.157
1.14307
1.13492
1.13405
1.13994
1.15011
1.16092
1.16888
1.1717
1.16901
1.16249
1.15518
1.14997
1.14868
1.15187
1.15926
1.16996
1.18253
1.1947
1.2037
1.20725
1.20409
1.19419
1.17854
1.15864
1.13633
1.11384
1.09364
1.07823
1.06975
1.06957
1.07791
1.09378
1.11533
1.14017
1.16539
1.18781
1.20439
1.21303
1.21337
1.20724
1.19812
1.18985
1.18524
1.18511
1.18843
1.19309
1.19699
1.19893
1.19896
1.19849
1.19948
1.20368
1.21163
1.22214
1.23269
1.24001
1.24119
1.23454
1.22049
1.20155
1.18176
1.16521
1.15443
1.14971
1.14986
1.15314
1.15808
1.16342
1.16844
1.17271
1.17606
1.17842
1.17963
1.17976
1.17929
1.17912
1.17998
1.18216
1.18548
1.18922
1.19245
1.19433
1.19438
1.19284
1.19051
1.18852
1.18799
1.18977
1.19417
1.20103
1.20967
1.2192
1.22865
1.23664
1.24118
1.23999
1.23142
1.21506
1.19207
1.16473
1.13571
1.10752
1.0824
1.06227
1.0489
1.04363
1.04683
1.05734
1.07257
1.08917
1.10409
1.11508
1.12095
1.12153
1.11787
1.11224
1.10793
1.1086
1.11728
1.13517
1.16095
1.19109
1.22115
1.24706
1.26608
1.27696
1.2797
1.27518
1.26497
1.25097
1.23503
1.21913
1.20515
1.19499
1.19027
1.19175
1.19818
1.20631
1.2119
1.21122
1.20238
1.1858
1.16411
1.14107
1.12072
1.10614
1.09879
1.09833
1.10312
1.11098
1.11992
1.12839
1.13553
1.14102
1.14524
1.14922
1.15436
1.162
1.17295
1.18694
1.20248
1.21712
1.22834
1.23407
1.23332
1.22625
1.21401
1.1981
1.17998
1.1607
1.14091
1.12116
1.10219
1.08467
1.06902
1.05525
1.04325
1.0331
1.02547
1.0215
1.02246
1.02936
1.04269
1.0625
1.08836
1.11952
1.1549
1.19301
1.23205
1.26981
1.304
1.33224
1.3524
1.36286
1.36277
1.35245
1.33368
1.30975
1.28476
1.26244
1.24465
1.23088
1.21871
1.20512
1.18788
1.16625
1.14123
1.11555
1.09316
1.0781
1.07277
1.07702
1.08852
1.10431
1.12212
1.14085
1.16049
1.18153
1.20429
1.22829
1.25204
1.27317
1.28858
1.29529
1.29151
1.27735
1.25523
1.22917
1.20344
1.18124
1.16405
1.15148
1.1419
1.13315
1.12348
1.11224
1.10021
1.0894
1.08255
1.08211
1.08919
1.10275
1.11984
1.13676
1.15057
1.16009
1.1658
1.16912
1.17141
1.17312
1.17385
1.1727
1.16872
1.16139
1.151
1.13862
1.1258
1.11404
1.1044
1.09769
1.09469
1.09619
1.10311
1.1162
1.13538
1.1593
1.18559
1.21144
1.23434
1.25254
1.26512
1.27192
1.27335
1.27013
1.26298
1.25235
1.23828
1.22069
1.19978
1.17665
1.15348
1.13349
1.1205
1.11769
1.126
1.14302
1.16334
1.18092
1.19135
1.19315
1.18746
1.17694
1.16437
1.15173
1.14024
1.13106
1.12577
1.12599
1.13286
1.14657
1.16608
1.18888
1.21144
1.23009
1.24196
1.24561
1.24118
1.23003
1.21414
1.19548
1.17558
1.15608
1.13901
1.1267
1.1212
1.12343
1.13274
1.14705
1.16343
1.17874
1.19019
1.1958
1.19471
1.18732
1.17533
1.16158
1.14984
1.14347
1.14412
1.15091
1.16079
1.16987
1.17497
1.1746
1.16892
1.15946
1.14839
1.13821
1.13134
1.12963
1.13394
1.14362
1.15674
1.17055
1.18248
1.19086
1.19497
1.19501
1.19157
1.18547
1.17765
1.16936
1.16204
1.15712
1.15558
1.15743
1.16156
1.16577
1.16756
1.165
1.15768
1.14703
1.13581
1.12727
1.12403
1.12734
1.13686
1.15097
1.16744
1.18415
1.19973
1.21369
1.22635
1.23817
1.24911
1.2583
1.26423
1.26538
1.2608
1.25048
1.23527
1.21672
1.19678
1.17739
1.16026
1.14645
1.13623
1.12908
1.12397
1.11968
1.11523
1.11039
1.10591
1.10348
1.10512
1.11247
1.12591
1.14444
1.16578
1.18698
1.20529
1.21844
1.2248
1.22356
1.2147
1.19916
1.17912
1.15762
1.13828
1.12454
1.11908
1.12353
1.13805
1.16104
1.18936
1.21921
1.24724
1.27115
1.28965
1.302
1.30754
1.30561
1.29576
1.27819
1.25401
1.22534
1.19522
1.16731
1.14506
1.13081
1.12502
1.12602
1.13097
1.13683
1.14103
1.14192
1.13877
1.13181
1.12195
1.11059
1.09932
1.09
1.08443
1.0843
1.09075
1.10412
1.12387
1.14847
1.17563
1.20273
1.22721
1.24674
1.25938
1.26368
1.25916
1.24646
1.2274
1.2044
1.17999
1.15644
1.13563
1.11911
1.10834
1.10471
1.10928
1.12221
1.14225
1.16682
1.19295
1.21798
1.24025
1.25865
1.27217
1.27945
1.27912
1.27027
1.25309
1.22917
1.20149
1.17386
1.15006
1.13293
1.12381
1.12249
1.12747
1.13649
1.14717
1.15781
1.1675
1.17621
1.1843
1.19208
1.19932
1.20536
1.20924
1.2101
1.20785
1.20314
1.19728
1.1914
1.18579
1.17947
1.17085
1.15855
1.14225
1.12284
1.10219
1.0827
1.06636
1.05433
1.04685
1.04368
1.04465
1.04997
1.0601
1.07507
1.09394
1.11446
1.13384
1.14978
1.16152
1.16987
1.17664
1.18397
1.19345
1.20578
1.22041
1.23591
1.2503
1.26153
1.26805
1.26892
1.26372
1.25257
1.23605
1.21522
1.19162
1.1675
1.14562
1.12861
1.11834
1.11558
1.1198
1.12938
1.14177
1.15383
1.16253
1.16594
1.16395
1.15817
1.15145
1.14714
1.14789
1.15499
1.16789
1.18437
1.20133
1.21577
1.22558
1.22988
1.22876
1.22302
1.21375
1.2021
1.18944
1.17735
1.16783
1.16311
1.16514
1.17484
1.19153
1.21292
1.23523
1.25399
1.26492
1.26479
1.25219
1.2279
1.19491
1.15783
1.12194
1.09232
1.07295
1.06621
1.07254
1.09022
1.1156
1.14385
1.16989
1.18929
1.19916
1.19858
1.18849
1.17126
1.14998
1.12793
1.10818
1.09338
1.08557
1.08608
1.09542
1.11298
1.1371
1.16524
1.19439
1.22149
1.24393
1.25966
1.26739
1.26644
1.25706
1.24037
1.21834
1.19348
1.16878
1.14731
1.13182
1.12397
1.12379
1.12985
1.13978
1.15113
1.16171
1.16981
1.1743
1.17452
1.17049
1.163
1.15348
1.14386
1.13619
1.13245
1.13386
1.14034
1.15037
1.16176
1.1728
1.18276
1.19191
1.20095
1.21048
1.22042
1.22994
1.23764
1.24189
1.24129
1.23474
1.22163
1.20173
1.1755
1.14413
1.1098
1.07559
1.04545
1.02379
1.01476
1.02114
1.04336
1.07897
1.12309
1.1697
1.21272
1.24711
1.26915
1.27666
1.26891
1.2467
1.21211
1.16847
1.12011
1.07209
1.02994
0.999134
0.98449
0.989073
1.0131
1.05337
1.10362
1.15605
1.20319
1.23943
1.26182
1.26996
1.26595
1.25377
1.23822
1.22371
1.21346
1.20908
1.21068
1.21714
1.22618
1.23468
1.23951
1.2382
1.22983
1.21494
1.19528
1.17318
1.1511
1.13155
1.11681
1.10872
1.10828
1.1152
1.12794
1.14397
1.16051
1.17499
1.18566
1.19199
1.19467
1.19535
1.19601
1.19824
1.20259
1.20864
1.21539
1.22183
1.22732
1.23177
1.23546
1.23874
1.24153
1.24328
1.24328
1.24102
1.23636
1.22933
1.21978
1.20724
1.19118
1.17142
1.14875
1.12507
1.10293
1.08493
1.07311
1.06849
1.07119
1.08053
1.09525
1.11383
1.13458
1.15568
1.17535
1.19184
1.20382
1.21077
1.2132
1.21233
1.2094
1.20503
1.19895
1.19055
1.17994
1.16827
1.15761
1.15012
1.1472
1.14902
1.15443
1.16162
1.16859
1.17367
1.1757
1.1743
1.17016
1.16484
1.16026
1.15768
1.15711
1.15726
1.15616
1.15228
1.14539
1.13719
1.1311
1.13119
1.14071
1.16068
1.18931
1.22272
1.25627
1.28555
1.3071
1.31875
1.31962
1.31028
1.29272
1.26966
1.24394
1.21802
1.19361
1.17167
1.15242
1.13579
1.12168
1.11025
1.10189
1.09692
1.09535
1.09686
1.10096
1.10731
1.11585
1.12667
1.13955
1.15387
1.16864
1.18268
1.19482
1.20416
1.21022
1.21317
1.2137
1.21285
1.21137
1.2092
1.20559
1.19957
1.1903
1.17751
1.16157
1.14356
1.12526
1.10918
1.09838
1.09617
1.10506
1.12558
1.15532
1.18906
1.22024
1.24279
1.2529
1.2497
1.23521
1.21334
1.18871
1.16548
1.14658
1.13343
1.12614
1.12423
1.12663
1.13195
1.13841
1.14435
1.14878
1.15179
1.15426
1.15727
1.16155
1.16727
1.1745
1.18339
1.19375
1.20449
1.21357
1.21862
1.21816
1.21229
1.20274
1.19218
1.18308
1.17668
1.17276
1.17002
1.16693
1.16259
1.15703
1.15115
1.14616
1.1433
1.14337
1.14664
1.15275
1.16121
1.17139
1.18266
1.19426
1.2051
1.21377
1.21861
1.21813
1.21133
1.19811
1.17927
1.1566
1.13278
1.11106
1.09494
1.087
1.08808
1.09703
1.11138
1.12822
1.14499
1.15985
1.1717
1.18002
1.18472
1.18619
1.18555
1.18475
1.18596
1.19069
1.19894
1.20909
1.21863
1.22534
1.22799
1.22659
1.22198
1.21533
1.20815
1.20201
1.19831
1.19777
1.19997
1.20316
1.20485
1.20279
1.19578
1.18397
1.1689
1.15283
1.13796
1.1258
1.11675
1.11026
1.10528
1.10095
1.09686
1.09328
1.09122
1.09209
1.09715
1.10697
1.12137
1.13938
1.15946
1.17981
1.19853
1.21399
1.22501
1.23125
1.23313
1.23165
1.22812
1.22397
1.22053
1.21878
1.21916
1.22166
1.22555
1.22957
1.2322
1.23197
1.22759
1.21803
1.2026
1.18099
1.15366
1.12261
1.09155
1.06518
1.04769
1.04106
1.04427
1.05421
1.06732
1.08091
1.09376
1.10577
1.11753
1.12988
1.14347
1.15851
1.17464
1.19085
1.2055
1.21655
1.22211
1.22112
1.21369
1.20136
1.1869
1.17335
1.16301
1.1567
1.15362
1.15193
1.14962
1.14512
1.13763
1.12703
1.11386
1.09932
1.08518
1.07337
1.06568
1.0635
1.06798
1.07982
1.09899
1.12445
1.15399
1.18468
1.21338
1.23739
1.25481
1.26483
1.26745
1.26344
1.25388
1.2399
1.22249
1.20292
1.18344
1.1673
1.15727
1.15386
1.15521
1.15895
1.1638
1.1695
1.176
1.18277
1.18892
1.19332
1.19512
1.1937
1.18892
1.18116
1.1716
1.1622
1.15498
1.15112
1.1501
1.15
1.14877
1.14569
1.14205
1.14053
1.14378
1.15313
1.16791
1.18612
1.20538
1.22363
1.23936
1.2514
1.2587
1.26011
1.25453
1.241
1.21909
1.1895
1.15511
1.12177
1.09754
1.08878
1.09596
1.1138
1.13553
1.1562
1.17312
1.18529
1.1928
1.19649
1.19787
1.19851
1.20004
1.20355
1.20963
1.21816
1.22814
1.23755
1.24334
1.24208
1.2309
1.20878
1.17709
1.1395
1.10121
1.06776
1.044
1.03309
1.03598
1.05144
1.07641
1.10711
1.1398
1.1713
1.19899
1.22086
1.23538
1.24172
1.23978
1.23022
1.21441
1.1941
1.17118
1.14747
1.12463
1.10406
1.08671
1.07325
1.06411
1.05958
1.05967
1.06404
1.0719
1.08238
1.09482
1.10894
1.12481
1.14271
1.16261
1.1839
1.20528
1.22505
1.24156
1.25355
1.26043
1.26195
1.25829
1.25012
1.23864
1.22561
1.21326
1.20382
1.19877
1.19814
1.2005
1.20345
1.20456
1.20216
1.1957
1.18584
1.17423
1.16305
1.15473
1.15104
1.15214
1.15621
1.16017
1.16143
1.15907
1.15404
1.14852
1.14487
1.14482
1.14867
1.15513
1.16184
1.16624
1.16644
1.1617
1.15251
1.14041
1.12737
1.1157
1.10762
1.10486
1.10813
1.11718
1.13094
1.14811
1.16722
1.18667
1.20464
1.21934
1.22921
1.23345
1.23171
1.22428
1.21191
1.19562
1.17688
1.15768
1.14037
1.12751
1.12146
1.12363
1.13376
1.14983
1.16882
1.18778
1.20463
1.21821
1.22787
1.2329
1.23239
1.22586
1.21365
1.19737
1.17962
1.16324
1.15039
1.14215
1.13868
1.13971
1.14498
1.15432
1.16703
1.18149
1.19532
1.20594
1.21156
1.21147
1.20593
1.19573
1.18189
1.16552
1.14786
1.13062
1.11614
1.10706
1.10562
1.11258
1.12656
1.14473
1.16356
1.18002
1.19219
1.19928
1.20146
1.19958
1.19466
1.18755
1.17867
1.16829
1.15668
1.14452
1.13304
1.12411
1.12011
1.12326
1.13445
1.15197
1.17174
1.18922
1.20172
1.20913
1.21332
1.21688
1.22173
1.22846
1.23621
1.243
1.24639
1.24441
1.23589
1.2207
1.2001
1.17647
1.15263
1.13127
1.11472
1.10517
1.10452
1.11366
1.13162
1.15527
1.18004
1.20123
1.21533
1.22073
1.21775
1.2082
1.19458
1.17936
1.16473
1.15237
1.14338
1.13812
1.13615
1.13644
1.1377
1.13882
1.13951
1.14017
1.14149
1.14401
1.1479
1.15271
1.15756
1.16149
1.16372
1.16402
1.16273
1.16042
1.15753
1.15435
1.15128
1.14906
1.14894
1.15231
1.16019
1.17271
1.18894
1.20674
1.22346
1.23636
1.24352
1.2444
1.24005
1.23285
1.22565
1.2207
1.21853
1.21792
1.21642
1.21171
1.20255
1.1892
1.1735
1.15823
1.14622
1.13939
1.13827
1.14202
1.149
1.15761
1.16675
1.17589
1.18477
1.193
1.19999
1.20497
1.20763
1.2085
1.2089
1.21008
1.21214
1.21348
1.21146
1.20368
1.18907
1.16862
1.14506
1.12229
1.10394
1.09207
1.08626
1.08409
1.08251
1.07952
1.07543
1.07296
1.076
1.08782
1.10937
1.13873
1.17215
1.20529
1.23466
1.25817
1.27502
1.28544
1.29011
1.28988
1.28545
1.27734
1.26612
1.25239
1.23694
1.22067
1.20459
1.18956
1.17645
1.16582
1.1578
1.15204
1.14798
1.14536
1.14447
1.14599
1.15055
1.15831
1.16864
1.18015
1.19098
1.19923
1.20336
1.20239
1.19608
1.18501
1.17046
1.15418
1.13805
1.12369
1.11234
1.10482
1.10164
1.10322
1.10993
1.12208
1.13938
1.1607
1.18395
1.20641
1.22512
1.23753
1.24196
1.23789
1.22618
1.20907
1.18985
1.17244
1.16078
1.15782
1.16456
1.17949
1.19883
1.21764
1.2313
1.23665
1.23256
1.21991
1.20121
1.17982
1.15917
1.14178
1.12865
1.11942
1.11309
1.10886
1.10697
1.10876
1.11578
1.1288
1.14676
1.16667
1.18456
1.19724
1.20325
1.203
1.19813
1.19058
1.1821
1.17405
1.1673
1.16224
1.15891
1.15716
1.15687
1.15827
1.16178
1.16794
1.17695
1.18833
1.20055
1.21136
1.21828
1.21938
1.21394
1.20271
1.18755
1.17087
1.15492
1.14109
1.12972
1.12035
1.11218
1.10455
1.09746
1.09179
1.0891
1.09138
1.10045
1.11729
1.14116
1.16962
1.19938
1.22712
1.25027
1.26725
1.27727
1.28014
1.27609
1.26557
1.24913
1.22743
1.20143
1.17248
1.14243
1.11345
1.08802
1.06847
1.05646
1.05241
1.05523
1.06273
1.07241
1.08264
1.09288
1.10365
1.11603
1.13107
1.14919
1.16983
1.19159
1.21266
1.23165
1.24795
1.26168
1.27302
1.28139
1.28551
1.28399
1.27652
1.26438
1.25011
1.23665
1.22613
1.21962
1.21708
1.21743
1.21856
1.21773
1.21253
1.20161
1.185
1.16402
1.1408
1.11777
1.09726
1.08111
1.07061
1.06633
1.06805
1.07472
1.08489
1.09686
1.10924
1.12109
1.1319
1.14167
1.15058
1.159
1.16728
1.17552
1.18325
1.1897
1.194
1.19557
1.19424
1.19027
1.18433
1.17737
1.17046
1.1643
1.15925
1.15538
1.15247
1.15024
1.14835
1.14651
1.14452
1.14218
1.13943
1.13627
1.13295
1.12985
1.12739
1.12613
1.12672
1.12971
1.13531
1.14308
1.15196
1.16051
1.16784
1.17419
1.18097
1.19003
1.20282
1.2195
1.23865
1.25761
1.27305
1.28184
1.28193
1.27293
1.25608
1.2341
1.21054
1.18888
1.17177
1.16021
1.15358
1.14996
1.14714
1.14328
1.13721
1.12867
1.11821
1.10703
1.09673
1.08885
1.08439
1.08385
1.08756
1.09634
1.11125
1.13238
1.1577
1.18325
1.2047
1.21866
1.22346
1.21934
1.20819
1.19319
1.17813
1.16616
1.1591
1.15728
1.16009
1.1666
1.17614
1.18835
1.20281
1.2187
1.2347
1.24902
1.25992
1.26593
1.26607
1.25978
1.24698
1.22798
1.2035
1.175
1.14469
1.1157
1.09155
1.07566
1.07043
1.07654
1.0928
1.11641
1.14373
1.17107
1.19526
1.21386
1.22532
1.22872
1.22403
1.21213
1.19514
1.17603
1.15793
1.14337
1.13386
1.12989
1.13094
1.13569
1.1424
1.14934
1.1555
1.16071
1.16558
1.17099
1.1776
1.18527
1.19295
1.1988
1.20082
1.19757
1.18886
1.17605
1.16185
1.14962
1.1424
1.14191
1.14806
1.15937
1.17367
1.18865
1.20248
1.21385
1.22178
1.22578
1.22603
1.22359
1.2202
1.21775
1.21735
1.21868
1.22012
1.21936
1.21432
1.2041
1.18951
1.17285
1.15694
1.14416
1.13562
1.13105
1.12924
1.12909
1.12983
1.13132
1.13384
1.13773
1.1431
1.14968
1.1567
1.16307
1.16773
1.17004
1.17002
1.16827
1.16546
1.16219
1.15898
1.15677
1.15681
1.16028
1.16798
1.18007
1.19586
1.2137
1.23107
1.24487
1.2521
1.2505
1.23902
1.2182
1.19032
1.15899
1.12868
1.10354
1.08648
1.07848
1.07871
1.08504
1.09481
1.10563
1.11573
1.12418
1.13089
1.13651
1.14234
1.15
1.16097
1.1761
1.19524
1.2173
1.24047
1.26255
1.28132
1.29469
1.30096
1.299
1.28835
1.26958
1.24411
1.21422
1.1828
1.15297
1.12742
1.10796
1.09531
1.08913
1.0885
1.09212
1.09891
1.10838
1.12072
1.13629
1.15534
1.17732
1.20066
1.22292
1.24139
1.25367
1.25818
1.25435
1.24239
1.22325
1.19868
1.17128
1.14428
1.1214
1.10652
1.10316
1.11312
1.13465
1.16241
1.18971
1.21122
1.22427
1.22872
1.22636
1.21975
1.21109
1.20139
1.19082
1.1797
1.16932
1.16162
1.15812
1.15903
1.16291
1.16747
1.17091
1.17254
1.17261
1.17133
1.16825
1.16271
1.15442
1.14372
1.13114
1.11743
1.10379
1.09244
1.08673
1.09022
1.10473
1.12911
1.15965
1.19139
1.21981
1.24181
1.25614
1.26329
1.26529
1.26483
1.2641
1.26352
1.26146
1.25526
1.24273
1.22303
1.19704
1.16691
1.13544
1.1056
1.07997
1.06034
1.04751
1.04128
1.04115
1.04707
1.05984
1.08021
1.10743
1.13855
1.16943
1.19635
1.21685
1.22985
1.23547
1.23461
1.2288
1.22035
1.2123
1.20772
1.20839
1.21378
1.22104
1.22646
1.22686
1.2206
1.20752
1.18872
1.16629
1.14299
1.12166
1.1049
1.09441
1.09071
1.09324
1.10071
1.11151
1.12429
1.13807
1.15193
1.16469
1.17468
1.18023
1.18051
1.17615
1.1692
1.16242
1.15819
1.15756
1.16041
1.16608
1.17397
1.18385
1.19575
1.20967
1.22507
1.24074
1.25475
1.26468
1.26805
1.26295
1.24874
1.22617
1.1975
1.16627
1.13674
1.11322
1.09865
1.09382
1.09721
1.10593
1.11708
1.12876
1.14003
1.15028
1.15854
1.16369
1.16504
1.16271
1.15781
1.15191
1.14664
1.1432
1.14232
1.14439
1.14968
1.15873
1.17215
1.19028
1.21286
1.23873
1.26567
1.29054
1.30972
1.31997
1.31923
1.30721
1.28579
1.25859
1.23014
1.20475
1.1854
1.17351
1.16913
1.17109
1.17725
1.18475
1.19032
1.19111
1.18535
1.17287
1.15506
1.13445
1.11403
1.09629
1.08268
1.07355
1.06869
1.06798
1.07167
1.08032
1.09452
1.11449
1.13968
1.1686
1.19892
1.22767
1.25202
1.26982
1.27991
1.282
1.27643
1.2635
1.24347
1.21667
1.18432
1.14907
1.11491
1.08609
1.06593
1.05579
1.05494
1.06131
1.07247
1.08649
1.10237
1.12005
1.1401
1.16287
1.18734
1.21051
1.22824
1.2371
1.2356
1.22427
1.20514
1.18137
1.1569
1.13575
1.12135
1.11567
1.11914
1.13089
1.14939
1.17269
1.19861
1.2246
1.24826
1.26767
1.28168
1.29013
1.29335
1.2917
1.28528
1.27351
1.25565
1.23119
1.20044
1.16484
1.12694
1.09007
1.05778
1.03327
1.01885
1.01569
1.02369
1.04179
1.06851
1.10223
1.14103
1.18266
1.22424
1.2625
1.29413
1.31613
1.32651
1.32436
1.30974
1.28356
1.24729
1.20333
1.15553
1.10913
1.07002
1.04291
1.02991
1.03049
1.04237
1.06225
1.08632
1.11083
1.13263
1.14956
1.16059
1.16561
1.16528
1.16118
1.15585
1.15245
1.15387
1.16152
1.17489
1.19194
1.20999
1.22625
1.23784
1.24213
1.23725
1.22255
1.19893
1.1688
1.1359
1.10476
1.07978
1.06444
1.06062
1.06837
1.08632
1.11223
1.14342
1.17697
1.21008
1.24011
1.26509
1.28382
1.29559
1.30004
1.29695
1.28634
1.26881
1.2457
1.21921
1.19172
1.16527
1.14125
1.12051
1.10372
1.09174
1.08569
1.08653
1.09415
1.10704
1.12274
1.13906
1.15474
1.16913
1.18154
1.19087
1.19576
1.19501
1.18802
1.17486
1.15651
1.13493
1.11314
1.09501
1.0845
1.08419
1.0941
1.11163
1.13262
1.15274
1.16882
1.17937
1.18463
1.18608
1.18576
1.18559
1.1867
1.18931
1.19282
1.19613
1.19798
1.1972
1.19311
1.18581
1.17646
1.16706
1.1601
1.15775
1.16109
1.16968
1.18186
1.19513
1.20672
1.21403
1.21515
1.20923
1.19662
1.17896
1.15877
1.13902
1.1226
1.11199
1.10912
1.11497
1.12915
1.14964
1.17326
1.19628
1.2152
1.22722
1.23063
1.22493
1.21125
1.1921
1.17087
1.15102
1.13511
1.12448
1.11956
1.12081
1.1291
1.14538
1.16982
1.20089
1.23521
1.2683
1.29571
1.31415
1.32203
1.3196
1.30838
1.29024
1.26661
1.23855
1.20702
1.17337
1.1397
1.10892
1.08403
1.06725
1.05947
1.06016
1.06788
1.08099
1.09813
1.1181
1.1395
1.16045
1.17845
1.19078
1.19531
1.19115
1.17903
1.16106
1.14044
1.12065
1.10483
1.09513
1.09273
1.09777
1.10944
1.12608
1.14542
1.16498
1.18256
1.19654
1.2064
1.21258
1.21611
1.21794
1.21808
1.21562
1.20924
1.19807
1.18229
1.16336
1.14366
1.12571
1.11136
1.10139
1.09579
1.09433
1.09701
1.104
1.11495
1.12892
1.14426
1.15904
1.1715
1.18028
1.18453
1.18366
1.17767
1.16717
1.15345
1.13847
1.12435
1.11309
1.10628
1.10493
1.10958
1.12054
1.13774
1.16057
1.1878
1.21751
1.24718
1.2739
1.29484
1.30785
1.31218
1.30872
1.30005
1.28944
1.27975
1.27224
1.26624
1.25983
1.2507
1.2372
1.21871
1.19559
1.16899
1.14052
1.11196
1.08494
1.06085
1.04096
1.02666
1.01965
1.0218
1.03448
1.05778
1.08971
1.12625
1.16232
1.19319
1.21548
1.22769
1.23014
1.22444
1.21311
1.19906
1.18504
1.17334
1.1652
1.16076
1.15928
1.15966
1.16094
1.16247
1.16381
1.1646
1.16453
1.16352
1.16198
1.1606
1.16007
1.16057
1.1617
1.16271
1.16309
1.16296
1.16302
1.16416
1.16685
1.17067
1.17447
1.17684
1.17677
1.17385
1.16847
1.1616
1.15459
1.14872
1.14488
1.14336
1.144
1.14636
1.15007
1.15478
1.16028
1.16616
1.17173
1.1759
1.17738
1.1751
1.16881
1.15944
1.14896
1.13995
1.13475
1.13486
1.14062
1.15149
1.16652
1.18458
1.20449
1.22486
1.24392
1.25977
1.27061
1.27498
1.2721
1.26208
1.24577
1.22469
1.20072
1.17597
1.15267
1.13322
1.11978
1.11379
1.11522
1.12236
1.13239
1.14243
1.15055
1.15603
1.15915
1.16061
1.16089
1.16003
1.15758
1.15316
1.14684
1.13952
1.13277
1.12834
1.12758
1.13112
1.13847
1.14821
1.15859
1.16804
1.17562
1.18111
1.18495
1.18794
1.19106
1.19533
1.20124
1.20856
1.2163
1.22307
1.22787
1.23056
1.23169
1.23207
1.23235
1.23269
1.23281
1.23196
1.22918
1.2237
1.21526
1.2043
1.19171
1.17859
1.1659
1.15442
1.14458
1.1368
1.13166
1.12948
1.1302
1.13322
1.13763
1.14241
1.14698
1.15133
1.15595
1.16145
1.16829
1.17661
1.1862
1.19629
1.20554
1.21199
1.21369
1.20964
1.20054
1.18899
1.17872
1.173
1.17303
1.17746
1.18289
1.18546
1.18247
1.17285
1.1576
1.13917
1.12082
1.1058
1.09658
1.09436
1.09906
1.10958
1.12423
1.14145
1.16005
1.1792
1.1982
1.21601
1.23145
1.24371
1.25273
1.25925
1.26379
1.26621
1.26613
1.26352
1.25881
1.25208
1.24281
1.22996
1.21297
1.19239
1.17021
1.14939
1.13271
1.1216
1.1155
1.11234
1.10968
1.10577
1.09988
1.0924
1.08427
1.0768
1.0714
1.06961
1.07293
1.08251
1.09862
1.12022
1.14503
1.17022
1.19316
1.21197
1.22553
1.23346
1.23596
1.23373
1.22787
1.21975
1.21051
1.20095
1.19124
1.18127
1.171
1.16078
1.15154
1.14478
1.14231
1.14608
1.15748
1.17666
1.2019
1.22944
1.25444
1.2722
1.27947
1.27514
1.26
1.23628
1.20699
1.1751
1.14324
1.11357
1.08808
1.06885
1.05817
1.0578
1.06786
1.08638
1.10987
1.13473
1.15831
1.17919
1.19688
1.2112
1.22195
1.22845
1.22967
1.22465
1.21312
1.19613
1.17596
1.15566
1.13833
1.12642
1.12105
1.12191
1.12745
1.13547
1.14384
1.15104
1.15618
1.15905
1.16
1.15973
1.15947
1.16061
1.16406
1.16955
1.17595
1.18216
1.18807
1.19403
1.20006
1.20541
1.20889
1.2097
1.20802
1.20524
1.2032
1.20335
1.20574
1.209
1.21135
1.21153
1.20898
1.20363
1.19544
1.18425
1.17018
1.1542
1.13822
1.12486
1.11677
1.11596
1.12332
1.13795
1.15734
1.17777
1.19532
1.20713
1.21201
1.21034
1.20382
1.19477
1.18536
1.17698
1.17031
1.16518
1.16119
1.15801
1.15549
1.15369
1.15274
1.15266
1.15337
1.15503
1.15821
1.16378
1.17258
1.18474
1.19901
1.21292
1.22357
1.22848
1.22656
1.21859
1.20688
1.19464
1.18484
1.17923
1.17795
1.18008
1.18408
1.18826
1.19085
1.19016
1.18472
1.17374
1.15745
1.13745
1.11669
1.09887
1.08717
1.08302
1.0858
1.09329
1.10294
1.1128
1.12192
1.12993
1.1368
1.14267
1.1477
1.15195
1.15531
1.15742
1.15776
1.15593
1.1518
1.14558
1.13786
1.1293
1.12053
1.11231
1.10559
1.10157
1.1015
1.10633
1.11655
1.13226
1.15301
1.17804
1.20599
1.23473
1.26146
1.28333
1.29789
1.30369
1.3006
1.28983
1.27377
1.25542
1.23771
1.22272
1.21133
1.20318
1.19691
1.19081
1.18339
1.17373
1.16151
1.14705
1.13109
1.11457
1.09885
1.08553
1.0764
1.07307
1.07653
1.08688
1.10326
1.12413
1.14763
1.17184
1.19476
1.21475
1.23083
1.24309
1.25243
1.25992
1.26567
1.26849
1.26626
1.25708
1.24013
1.21637
1.18809
1.15838
1.13038
1.10662
1.08864
1.07723
1.07232
1.07299
1.07776
1.08479
1.09253
1.10004
1.10691
1.11298
1.11824
1.12256
1.12578
1.1277
1.12837
1.12824
1.1283
1.12999
1.13492
1.14439
1.15878
1.17737
1.19824
1.21877
1.23618
1.24819
1.25347
1.25178
1.24387
1.23153
1.21715
1.20356
1.19313
1.18728
1.18609
1.1884
1.19233
1.19596
1.19791
1.1978
1.19607
1.19349
1.19072
1.18769
1.18409
1.17955
1.17399
1.16772
1.16115
1.15473
1.14878
1.14357
1.13931
1.13631
1.13503
1.13586
1.13898
1.14413
1.15058
1.15751
1.16454
1.17182
1.18
1.18973
1.20148
1.21508
1.22968
1.24364
1.25484
1.26088
1.26001
1.25185
1.23786
1.2209
1.20412
1.18962
1.1779
1.16818
1.15933
1.15073
1.14238
1.1346
1.12771
1.12159
1.11587
1.11007
1.10381
1.09704
1.09011
1.08399
1.08008
1.07999
1.08497
1.09545
1.11067
1.12893
1.14797
1.16545
1.17925
1.18794
1.19102
1.18898
1.18321
1.17545
1.16725
1.1599
1.1543
1.1515
1.15254
1.1583
1.16915
1.1845
1.20279
1.22173
1.2388
1.2516
1.25844
1.25865
1.25262
1.24199
1.22925
1.21694
1.20681
1.1991
1.19234
1.18382
1.17076
1.15174
1.12786
1.10286
1.08187
1.06882
1.06514
1.07025
1.08299
1.10214
1.12636
1.15398
1.18312
1.21188
1.23825
1.25987
1.274
1.27798
1.27014
1.251
1.22338
1.1922
1.16284
1.13936
1.12323
1.11356
1.10794
1.10367
1.09865
1.09176
1.08296
1.07313
1.0635
1.05539
1.04997
1.04844
1.05232
1.06316
1.08199
1.10871
1.14158
1.17737
1.21191
1.24118
1.2622
1.27375
1.27652
1.27295
1.26655
1.26105
1.25918
1.26184
1.26783
1.27459
1.27904
1.27863
1.27179
1.25812
1.23826
1.2138
1.18689
1.16004
1.13558
1.11559
1.10181
1.09559
1.09763
1.1079
1.1253
1.14781
1.17276
1.197
1.21739
1.23121
1.23661
1.23295
1.22097
1.2026
1.1804
1.15702
1.13481
1.11569
1.10118
1.09229
1.08954
1.09281
1.10146
1.11408
1.12867
1.14299
1.15494
1.16306
1.16659
1.16546
1.15994
1.15081
1.13931
1.12719
1.11668
1.10982
1.1084
1.11329
1.12425
1.13986
1.15762
1.17455
1.18782
1.19529
1.19604
1.1904
1.17979
1.16619
1.15194
1.13936
1.13047
1.12662
1.12829
1.13502
1.14555
1.1582
1.17123
1.18341
1.19414
1.20354
1.21227
1.22109
1.23057
1.24064
1.25055
1.25903
1.26477
1.26674
1.26459
1.25865
1.25003
1.24018
1.23057
1.22193
1.2141
1.20614
1.19689
1.18564
1.17247
1.15815
1.14365
1.13003
1.11819
1.10906
1.10369
1.10284
1.10661
1.11399
1.1231
1.13185
1.1389
1.14399
1.14805
1.15258
1.15917
1.16892
1.18193
1.1973
1.21326
1.22754
1.23817
1.24389
1.24436
1.23971
1.23036
1.21675
1.19954
1.18026
1.16117
1.14481
1.13322
1.12742
1.12735
1.13209
1.14013
1.14941
1.15765
1.16313
1.16528
1.16502
1.16378
1.16244
1.1609
1.15875
1.15621
1.15436
1.15464
1.15802
1.16437
1.17223
1.17933
1.18345
1.18378
1.18133
1.17876
1.17906
1.18427
1.19436
1.20745
1.22067
1.23127
1.23713
1.2372
1.23173
1.22203
1.20998
1.19742
1.18564
1.17522
1.16644
1.15942
1.1545
1.15229
1.15345
1.15834
1.16664
1.17709
1.18788
1.19716
1.20358
1.20612
1.20387
1.19593
1.18188
1.16259
1.14074
1.1206
1.10682
1.10275
1.10907
1.12385
1.1438
1.16576
1.18761
1.20798
1.22571
1.23942
1.24786
1.25021
1.24632
1.23646
1.22106
1.20046
1.17522
1.14664
1.11733
1.09118
1.07245
1.06443
1.06854
1.08397
1.1082
1.13778
1.16884
1.19758
1.22089
1.23692
1.24521
1.24661
1.24276
1.2357
1.2273
1.21878
1.21058
1.20257
1.19401
1.18395
1.17172
1.15719
1.14101
1.12458
1.10987
1.09867
1.09212
1.09066
1.09413
1.10197
1.11316
1.12635
1.13988
1.15208
1.16171
1.16821
1.17177
1.1732
1.17376
1.1749
1.17789
1.18324
1.19054
1.19869
1.20633
1.21253
1.21675
1.21889
1.21876
1.21601
1.21017
1.20085
1.18828
1.17385
1.15999
1.14954
1.14457
1.1453
1.14999
1.15589
1.16043
1.16205
1.16013
1.15483
1.14635
1.13542
1.12376
1.11377
1.10798
1.10807
1.1142
1.12519
1.13941
1.15558
1.17315
1.19206
1.21215
1.23258
1.25156
1.2667
1.27557
1.27631
1.26812
1.25136
1.22761
1.19971
1.17142
1.14687
1.12952
1.12126
1.12205
1.13043
1.14442
1.16211
1.18151
1.20018
1.2152
1.22418
1.22641
1.22295
1.216
1.20785
1.20013
1.19378
1.18903
1.18561
1.18295
1.18034
1.177
1.17255
1.16711
1.16137
1.15616
1.1522
1.14996
1.14954
1.15084
1.15359
1.15726
1.16116
1.16451
1.16635
1.16574
1.16199
1.15498
1.14544
1.13485
1.12506
1.11754
1.1129
1.11053
1.1091
1.10719
1.10387
1.09907
1.09351
1.08835
1.08479
1.08388
1.08648
1.09318
1.10427
1.11938
1.13742
1.15674
1.17567
1.19274
1.20721
1.21886
1.22791
1.23462
1.23925
1.24186
1.24249
1.24113
1.23779
1.23261
1.22609
1.21881
1.21104
1.20243
1.19232
1.18045
1.16747
1.15526
1.14627
1.14267
1.14525
1.15283
1.16289
1.17271
1.18046
1.18542
1.18784
1.18851
1.18823
1.18747
1.18639
1.18479
1.18214
1.17794
1.1719
1.16402
1.1548
1.14496
1.1352
1.12613
1.11844
1.11309
1.11122
1.11383
1.12128
1.13294
1.14731
1.16225
1.17569
1.18612
1.19295
1.19645
1.19737
1.19645
1.19409
1.19017
1.18448
1.17712
1.16867
1.15995
1.15186
1.14514
1.14028
1.13766
1.13718
1.13826
1.13996
1.14172
1.14349
1.14583
1.14949
1.15486
1.16168
1.16878
1.17448
1.1772
1.17629
1.17256
1.1685
1.16762
1.17276
1.18451
1.2009
1.21812
1.23217
1.23992
1.23979
1.23169
1.21693
1.19787
1.1776
1.15949
1.14663
1.14095
1.14266
1.15039
1.1618
1.17439
1.18618
1.19611
1.20398
1.21006
1.21482
1.21846
1.22061
1.22063
1.21801
1.21259
1.20462
1.19492
1.18468
1.17524
1.16775
1.1629
1.1608
1.16063
1.161
1.16021
1.1567
1.1494
1.138
1.12316
1.10644
1.09008
1.07668
1.0688
1.06865
1.0776
1.09574
1.12167
1.15252
1.18444
1.2133
1.2356
1.24885
1.2519
1.24483
1.22873
1.20581
1.17905
1.15232
1.12969
1.11508
1.11125
1.11878
1.13547
1.15695
1.17827
1.19545
1.20625
1.20991
1.20684
1.19837
1.18644
1.17382
1.16374
1.15911
1.16141
1.16988
1.1814
1.19175
1.19711
1.19534
1.18661
1.17325
1.1587
1.14668
1.14018
1.14085
1.14903
1.16418
1.18501
1.20987
1.23666
1.26265
1.28479
1.3002
1.30697
1.30459
1.29371
1.27566
1.25193
1.22361
1.19174
1.15767
1.12394
1.09441
1.07334
1.06317
1.06323
1.06999
1.07885
1.08611
1.09015
1.09114
1.09037
1.08939
1.08973
1.09262
1.09895
1.10915
1.12297
1.13924
1.15602
1.17096
1.18207
1.18827
1.18953
1.18638
1.17975
1.17073
1.16046
1.15023
1.14153
1.13597
1.13498
1.13938
1.14895
1.16255
1.17824
1.19395
1.20768
1.21751
1.22164
1.21855
1.20758
1.18963
1.16724
1.14437
1.12544
1.11405
1.11198
1.11903
1.1337
1.15415
1.17871
1.20582
1.23366
1.25976
1.28106
1.29461
1.29848
1.29231
1.27755
1.25704
1.23443
1.21324
1.19609
1.1841
1.17652
1.1709
1.16375
1.15177
1.13325
1.10958
1.08539
1.06705
1.05976
1.06594
1.08488
1.11315
1.1455
1.17647
1.20168
1.21826
1.22453
1.21985
1.20445
1.18006
1.15032
1.12084
1.09831
1.0888
1.09551
1.11743
1.15003
1.18714
1.22277
1.25229
1.2726
1.28241
1.2822
1.27376
1.25944
1.24109
1.21969
1.19585
1.17051
1.14579
1.12451
1.10915
1.10088
1.09942
1.10356
1.11197
1.12357
1.13731
1.15192
1.16584
1.17735
1.18488
1.18764
1.18597
1.1815
1.1769
1.17492
1.17723
1.18364
1.1921
1.19965
1.20361
1.20217
1.19469
1.18158
1.16386
1.14317
1.12151
1.10108
1.08411
1.07286
1.06928
1.07463
1.08892
1.11074
1.13746
1.16574
1.19227
1.21448
1.23092
1.24148
1.24685
1.24798
1.2457
1.24034
1.23191
1.22036
1.20622
1.19102
1.17704
1.16674
1.16194
1.16321
1.16996
1.1809
1.19468
1.21002
1.22583
1.24113
1.25487
1.2658
1.27254
1.27375
1.26833
1.25613
1.23867
1.21882
1.19976
1.18335
1.16992
1.15859
1.14757
1.13473
1.11879
1.10066
1.08364
1.07196
1.06888
1.07523
1.08924
1.10758
1.1266
1.14339
1.15591
1.16307
1.16486
1.1625
1.15859
1.15653
1.15922
1.16763
1.18039
1.19442
1.20622
1.2128
1.21247
1.20507
1.19188
1.17513
1.15722
1.13978
1.12333
1.10733
1.09113
1.07495
1.06045
1.05047
1.04811
1.05526
1.07166
1.09479
1.12078
1.14554
1.16619
1.18142
1.19149
1.1976
1.20129
1.20384
1.20584
1.20736
1.20805
1.20751
1.20592
1.20429
1.2041
1.20682
1.21321
1.22267
1.233
1.24077
1.24229
1.23499
1.21839
1.19445
1.16724
1.14164
1.12221
1.1121
1.1126
1.12304
1.14122
1.16405
1.1882
1.21073
1.22953
1.2433
1.25155
1.25419
1.25107
1.2416
1.22543
1.20296
1.17597
1.14724
1.12004
1.09723
1.08072
1.07127
1.06864
1.07188
1.07949
1.0898
1.10116
1.11233
1.12273
1.13252
1.14261
1.15401
1.1673
1.18227
1.19789
1.21244
1.22418
1.23172
1.23454
1.2331
1.22864
1.22253
1.21562
1.20825
1.20067
1.19373
1.18894
1.18781
1.19111
1.19805
1.20659
1.21432
1.21927
1.22044
1.21767
1.2115
1.20265
1.19184
1.17948
1.16592
1.15155
1.13712
1.12393
1.11342
1.10673
1.10431
1.1061
1.11188
1.12158
1.13534
1.15308
1.17407
1.19648
1.21766
1.23475
1.24531
1.24773
1.24137
1.22678
1.20573
1.18079
1.15493
1.13111
1.11187
1.09954
1.09618
1.10325
1.12117
1.14858
1.18207
1.21681
1.24782
1.27128
1.28555
1.29088
1.2888
1.281
1.26854
1.2519
1.23119
1.20663
1.17918
1.15068
1.12373
1.10109
1.08485
1.07544
1.07152
1.0708
1.07121
1.07172
1.07238
1.07424
1.07891
1.08811
1.103
1.12373
1.14895
1.17603
1.20149
1.22181
1.23434
1.23798
1.23315
1.2215
1.20512
1.18616
1.16663
1.14841
1.13344
1.12347
1.11995
1.12395
1.13606
1.15602
1.18256
1.21334
1.24499
1.27356
1.29532
1.30788
1.31075
1.30507
1.2928
1.27593
1.2563
1.23547
1.21475
1.1951
1.17707
1.16094
1.14692
1.13551
1.12762
1.12425
1.12596
1.13262
1.14353
1.15738
1.17218
1.18559
1.19523
1.1996
1.19871
1.19409
1.18812
1.18322
1.18096
1.18163
1.1842
1.18685
1.18755
1.18467
1.1773
1.16548
1.15034
1.1337
1.11747
1.10303
1.09156
1.0846
1.08416
1.09193
1.10795
1.13011
1.15475
1.17789
1.19648
1.20874
1.21399
1.21229
1.20415
1.19056
1.1731
1.15404
1.13629
1.12294
1.1167
1.11903
1.12984
1.14769
1.1703
1.1951
1.21962
1.24164
1.25936
1.27154
1.2774
1.27682
1.2702
1.25833
1.24222
1.22297
1.20184
1.18025
1.15978
1.14222
1.12914
1.12159
1.11957
1.12207
1.12745
1.13376
1.13936
1.14334
1.14559
1.14679
1.14787
1.1496
1.15238
1.15604
1.16009
1.16395
1.16722
1.16982
1.17183
1.17306
1.17278
1.16959
1.16213
1.14989
1.1339
1.11654
1.10083
1.08956
1.08464
1.08701
1.09685
1.11376
1.13661
1.16346
1.19175
1.21863
1.24145
1.25795
1.26653
1.26622
1.25709
1.24021
1.21787
1.19311
1.16889
1.14767
1.13099
1.11961
1.11372
1.11331
1.11834
1.12858
1.14339
1.1617
1.18218
1.20349
1.22438
1.2437
1.26015
1.27245
1.2798
1.28226
1.28065
1.27633
1.27048
1.26387
1.25638
1.24713
1.23477
1.21878
1.20086
1.18556
1.17762
1.17762
1.18129
1.18348
1.18159
1.17588
1.16793
1.15942
1.15167
1.14564
1.1421
1.14161
1.14446
1.15054
1.15928
1.16931
1.17857
1.18467
1.18543
1.17962
1.1672
1.14939
1.12833
1.10666
1.08681
1.07051
1.05876
1.05222
1.05159
1.0576
1.07037
1.08879
1.11032
1.13145
1.14865
1.15977
1.165
1.16704
1.16941
1.17433
1.18151
1.18919
1.19543
1.19906
1.19976
1.19795
1.19468
1.19141
1.18953
1.18983
1.19204
1.1948
1.19596
1.19324
1.18502
1.17102
1.15247
1.13179
1.11184
1.0949
1.08239
1.07509
1.07347
1.07778
1.08804
1.10353
1.1227
1.14364
1.1648
1.18546
1.20576
1.22598
1.24558
1.26289
1.27527
1.28007
1.27558
1.2618
1.24076
1.21632
1.19352
1.17728
1.17094
1.17537
1.18874
1.20757
1.22795
1.2463
1.2597
1.26566
1.26226
1.24834
1.22416
1.19163
1.15406
1.11547
1.07979
1.05033
1.02967
1.01959
1.02087
1.03286
1.05334
1.07864
1.10423
1.1258
1.14022
1.14649
1.14599
1.14184
1.13766
1.13614
1.13837
1.14402
1.15204
1.16131
1.17133
1.1823
1.19498
1.21015
1.228
1.24762
1.267
1.28357
1.29493
1.29952
1.29708
1.28831
1.27458
1.25752
1.23872
1.21979
1.20203
1.18628
1.17272
1.16076
1.14968
1.13935
1.13053
1.12485
1.12367
1.12709
1.1338
1.14183
1.14929
1.15475
1.15717
1.15598
1.1513
1.14413
1.13617
1.12958
1.12631
1.12763
1.13381
1.14431
1.15823
1.17472
1.19303
1.21223
1.2307
1.24603
1.25526
1.25582
1.2462
1.22615
1.19687
1.16088
1.12157
1.08287
1.04878
1.02287
1.00777
1.00502
1.01499
1.03681
1.06827
1.10589
1.14522
1.18188
1.2127
1.23604
1.25143
1.25903
1.25892
1.25092
1.2349
1.21156
1.1829
1.15241
1.12447
1.10326
1.09194
1.09213
1.10404
1.12632
1.156
1.18853
1.21895
1.24267
1.25652
1.25935
1.25222
1.23824
1.22151
1.20605
1.19449
1.18788
1.18608
1.18837
1.19387
1.20173
1.21076
1.21936
1.22575
1.22854
1.22667
1.2198
1.2083
1.19328
1.17643
1.15986
1.14561
1.13517
1.1291
1.12731
1.12908
1.13348
1.1396
1.14646
1.15306
1.15853
1.16233
1.16443
1.16509
1.16458
1.16295
1.15984
1.15459
1.14646
1.13534
1.12219
1.10925
1.09954
1.0961
1.10085
1.11418
1.13504
1.16144
1.19109
1.22179
1.25142
1.2777
1.29801
1.30965
1.31032
1.29876
1.27535
1.24214
1.20291
1.16246
1.1257
1.09637
1.07639
1.06595
1.06426
1.07022
1.08265
1.10045
1.12238
1.14676
1.17144
1.19403
1.21267
1.22651
1.23579
1.24122
1.24325
1.24175
1.23622
1.22619
1.21168
1.19333
1.17242
1.15068
1.1297
1.11069
1.09431
1.08096
1.07116
1.06598
1.06707
1.07603
1.09367
1.11907
1.14947
1.18072
1.2083
1.22855
1.23944
1.24081
1.23413
1.22212
1.20796
1.19474
1.18481
1.17914
1.17737
1.17821
1.18027
1.1825
1.18431
1.18519
1.18484
1.18309
1.18007
1.17636
1.17285
1.17048
1.1699
1.17121
1.1737
1.17615
1.177
1.17518
1.17054
1.16384
1.15625
1.1488
1.1419
1.13559
1.13008
1.12627
1.1257
1.12998
1.14006
1.15555
1.17489
1.19568
1.21537
1.23156
1.24213
1.24569
1.24177
1.23083
1.2141
1.19311
1.16972
1.14639
1.12642
1.11342
1.11027
1.1181
1.13565
1.15956
1.18548
1.20897
1.22656
1.23638
1.23808
1.23277
1.22236
1.20925
1.19583
1.18429
1.17635
1.17293
1.17382
1.17773
1.18264
1.1865
1.18793
1.1868
1.18391
1.18049
1.17753
1.17532
1.17351
1.17125
1.16768
1.16205
1.1538
1.14241
1.12788
1.11121
1.09467
1.0816
1.07551
1.07882
1.09203
1.11375
1.14119
1.171
1.20001
1.22553
1.24549
1.25852
1.26412
1.26264
1.25537
1.24437
1.23209
1.22089
1.2124
1.20701
1.20394
1.20184
1.1993
1.19526
1.18907
1.18066
1.17051
1.15948
1.14862
1.13891
1.13088
1.12447
1.11903
1.11347
1.10667
1.09817
1.08857
1.07976
1.07462
1.07623
1.0869
1.10715
1.13525
1.1677
1.20005
1.2279
1.2477
1.25744
1.25685
1.24708
1.22995
1.20732
1.1809
1.153
1.12718
1.10793
1.09912
1.1024
1.11655
1.13842
1.16419
1.19028
1.21384
1.23293
1.2467
1.25496
1.2579
1.25563
1.24809
1.23552
1.21868
1.19882
1.17746
1.15599
1.13529
1.11587
1.09802
1.08222
1.06938
1.06084
1.05791
1.06164
1.07236
1.08939
1.11113
1.1353
1.1596
1.18207
1.20131
1.21653
1.22772
1.23534
1.24009
1.24268
1.24351
1.24253
1.23946
1.234
1.22587
1.2152
1.20247
1.1886
1.17491
1.16301
1.15462
1.15092
1.15211
1.15741
1.1653
1.17409
1.18214
1.18806
1.19091
1.19028
1.1864
1.17987
1.17165
1.16303
1.15518
1.1488
1.14397
1.14002
1.13621
1.13241
1.12923
1.12733
1.12691
1.12749
1.1283
1.1287
1.12835
1.12734
1.1262
1.12578
1.12705
1.13091
1.13801
1.14822
1.16058
1.17316
1.18357
1.18991
1.19124
1.18794
1.18134
1.17328
1.16551
1.15931
1.15515
1.15282
1.15168
1.15093
1.14985
1.14777
1.14415
1.13858
1.13085
1.12118
1.11052
1.10066
1.09389
1.09236
1.09766
1.1105
1.13041
1.15544
1.18245
1.20792
1.22904
1.24461
1.25495
1.26118
1.26411
1.26347
1.25793
1.24582
1.22607
1.19877
1.16539
1.12873
1.09259
1.06133
1.03911
1.02916
1.03305
1.05019
1.07795
1.11213
1.1479
1.18083
1.20746
1.22584
1.23552
1.23728
1.23276
1.22397
1.21268
1.20046
1.18889
1.17995
1.17598
1.179
1.18969
1.20698
1.22801
1.24878
1.26541
1.27517
1.27701
1.27156
1.26059
1.24593
1.22868
1.20914
1.18762
1.16515
1.14349
1.12447
1.10922
1.09792
1.09007
1.08488
1.08187
1.0809
1.08223
1.08612
1.09257
1.10098
1.11037
1.1197
1.12822
1.1352
1.13968
1.14037
1.13633
1.12772
1.11601
1.10357
1.09306
1.08712
1.08787
1.09649
1.11306
1.13643
1.16468
1.19562
1.22735
1.25793
1.28508
1.30622
1.3192
1.32321
1.31952
1.31109
1.30142
1.29308
1.28725
1.28371
1.28125
1.27802
1.27208
1.26192
1.24685
1.22734
1.20501
1.1824
1.16231
1.14716
1.13827
1.1356
1.13795
1.14343
1.15003
1.15602
1.16004
1.16123
1.1593
1.15435
1.14675
1.13705
1.12597
1.11463
1.10472
1.09857
1.09803
1.10319
1.11183
1.12069
1.12739
1.13136
1.13325
1.13407
1.13432
1.13389
1.13253
1.13043
1.12855
1.12855
1.13201
1.13962
1.15051
1.16274
1.17412
1.18309
1.18921
1.19307
1.19576
1.19792
1.19955
1.20015
1.19928
1.19681
1.19276
1.18729
1.18095
1.17502
1.17129
1.17108
1.17444
1.18021
1.18648
1.19148
1.1941
1.19395
1.19137
1.18732
1.18347
1.18192
1.18449
1.19209
1.20396
1.21783
1.23032
1.23802
1.23835
1.23019
1.2141
1.19195
1.16666
1.14163
1.12024
1.10518
1.09784
1.09821
1.10522
1.1173
1.13261
1.14945
1.16626
1.18183
1.1951
1.20497
1.21035
1.21076
1.20698
1.20124
1.19641
1.19497
1.19783
1.20405
1.21134
1.21707
1.21934
1.21753
1.21246
1.20578
1.19908
1.1932
1.18797
1.18259
1.17644
1.1697
1.16368
1.16029
1.16089
1.16541
1.17223
1.17896
1.18344
1.18426
1.18073
1.17256
1.15992
1.14345
1.12447
1.10514
1.08794
1.07501
1.06749
1.06535
1.06806
1.07528
1.08731
1.10465
1.1271
1.15296
1.17892
1.20122
1.2168
1.224
1.22262
1.21384
1.2001
1.18459
1.17078
1.16177
1.15958
1.16475
1.17641
1.19266
1.211
1.22909
1.24517
1.25837
1.26877
1.2769
1.28305
1.28674
1.28676
1.28164
1.27011
1.25137
1.22531
1.19291
1.15667
1.12062
1.08965
1.06833
1.05963
1.06421
1.08026
1.10395
1.13052
1.15526
1.17446
1.18614
1.19028
1.18869
1.1842
1.17918
1.1745
1.16942
1.16249
1.15272
1.14038
1.12714
1.11575
1.10922
1.10992
1.11882
1.13523
1.15673
1.17973
1.20024
1.21479
1.22111
1.21835
1.20726
1.18975
1.16866
1.14736
1.12952
1.1186
1.11704
1.12532
1.14124
1.16068
1.17894
1.19249
1.19975
1.20085
1.19691
1.18938
1.17966
1.16907
1.15918
1.15175
1.14838
1.14999
1.156
1.16438
1.17228
1.17668
1.17553
1.16848
1.15716
1.14479
1.13507
1.13077
1.13265
1.13939
1.14847
1.15743
1.16441
1.16813
1.16798
1.16427
1.15831
1.1523
1.14876
1.14994
1.15716
1.17062
1.18949
1.21228
1.23713
1.26216
1.2858
1.30679
1.32403
1.33638
1.34263
1.34177
1.33299
1.3161
1.29152
1.26009
1.22323
1.18293
1.14178
1.10281
1.06923
1.04356
1.02723
1.02042
1.02233
1.03186
1.04809
1.07002
1.09633
1.12476
1.15222
1.17531
1.19132
1.19883
1.19805
1.19066
1.17934
1.16707
1.15667
1.15041
1.1498
1.15516
1.16559
1.1792
1.19376
1.20735
1.21858
1.22647
1.23039
1.23004
1.22556
1.21767
1.20765
1.19729
1.18846
1.18259
1.18
1.18008
1.18165
1.18354
1.18484
1.1848
1.18282
1.17839
1.17185
1.16477
1.15982
1.15987
1.16691
1.18119
1.20118
1.22421
1.24728
1.26771
1.28338
1.2927
1.29462
1.28887
1.2762
1.25827
1.23699
1.21381
1.18917
1.16293
1.13518
1.10694
1.08004
1.05682
1.03927
1.02864
1.0252
1.02853
1.03778
1.05185
1.06929
1.08846
1.10796
1.12703
1.14571
1.16443
1.18349
1.20246
1.21976
1.23312
1.24029
1.23988
1.232
1.21813
1.20083
1.18304
1.16751
1.15644
1.15163
1.15419
1.16424
1.18056
1.20046
1.22056
1.23756
1.24867
1.25207
1.24706
1.23443
1.2163
1.19582
1.17625
1.16016
1.14867
1.14131
1.13642
1.13197
1.12649
1.11963
1.11201
1.10493
1.0996
1.09712
1.09876
1.10612
1.12035
1.14105
1.16584
1.1912
1.21375
1.23122
1.24236
1.24652
1.2434
1.23347
1.21817
1.2002
1.18265
1.16819
1.15831
1.15321
1.15235
1.155
1.16061
1.16908
1.18059
1.1952
1.21245
1.23064
1.24675
1.25716
1.25941
1.25424
1.24567
1.23794
1.23181
1.22454
1.21323
1.19716
1.17766
1.15741
1.13991
1.12907
1.12782
1.13653
1.15286
1.17297
1.19343
1.21196
1.22714
1.23788
1.24309
1.24191
1.2339
1.21936
1.19938
1.17564
1.15011
1.12476
1.1013
1.08112
1.06536
1.0549
1.05051
1.05268
1.06165
1.07721
1.09844
1.12342
1.14933
1.17278
1.19052
1.20017
1.20092
1.1937
1.1809
1.16581
1.1516
1.1407
1.13431
1.13258
1.13495
1.14076
1.14937
1.16012
1.17211
1.18382
1.19329
1.19877
1.19922
1.19468
1.18619
1.17548
1.16441
1.15473
1.1478
1.14458
1.14555
1.15042
1.15814
1.16687
1.17474
1.18057
1.18415
1.18619
1.18771
1.18941
1.19141
1.19325
1.19423
1.19373
1.1915
1.18789
1.18402
1.18171
1.18282
1.18835
1.19766
1.20846
1.21775
1.22305
1.22319
1.21828
1.20943
1.19812
1.18587
1.17406
1.16385
1.15609
1.15118
1.14889
1.14866
1.14975
1.15154
1.15365
1.156
1.15883
1.16285
1.16854
1.17548
1.1819
1.18569
1.18542
1.18098
1.17346
1.1645
1.15601
1.15025
1.14926
1.15407
1.16399
1.17675
1.18964
1.20071
1.20899
1.21465
1.21853
1.22166
1.22467
1.22718
1.22781
1.22449
1.21511
1.19837
1.17416
1.14393
1.11097
1.08021
1.05727
1.04639
1.04846
1.06051
1.07748
1.09492
1.11044
1.12364
1.13519
1.14591
1.15646
1.16731
1.17852
1.18977
1.20045
1.20996
1.21791
1.22381
1.22722
1.22782
1.22551
1.22038
1.21291
1.20399
1.19488
1.18695
1.1814
1.17891
1.17957
1.18293
1.18825
1.19476
1.20161
1.20811
1.21371
1.21809
1.22108
1.2225
1.22186
1.2181
1.20978
1.19559
1.17501
1.14887
1.11948
1.09011
1.06449
1.04591
1.03683
1.03846
1.05057
1.07138
1.09792
1.12674
1.15486
1.18032
1.2024
1.22087
1.23526
1.24478
1.2485
1.24586
1.23697
1.22242
1.20303
1.17967
1.1532
1.1247
1.09554
1.06741
1.04227
1.02203
1.00837
1.00252
1.00511
1.01616
1.03503
1.06026
1.08974
1.12082
1.15045
1.17596
1.19576
1.20953
1.21784
1.22157
1.22151
1.21823
1.21229
1.20441
1.19561
1.187
1.17943
1.17354
1.17002
1.16972
1.17356
1.18207
1.19498
1.21128
1.22924
1.24708
1.26329
1.27699
1.28771
1.29495
1.29776
1.29488
1.28504
1.2678
1.24416
1.2164
1.18763
1.16108
1.13957
1.12538
1.11961
1.1214
1.12779
1.13458
1.13774
1.13457
1.12441
1.10862
1.09008
1.07259
1.06023
1.05682
1.06455
1.08297
1.10891
1.13754
1.16394
1.18459
1.19782
1.20358
1.20287
1.19737
1.18898
1.17959
1.17094
1.16459
1.16174
1.16298
1.16809
1.17613
1.18559
1.19477
1.20225
1.20691
1.20803
1.20521
1.19826
1.18752
1.17401
1.15933
1.14516
1.13267
1.12257
1.11575
1.11379
1.11877
1.13227
1.1542
1.18227
1.21242
1.24011
1.26173
1.27518
1.27994
1.27669
1.26663
1.25103
1.23103
1.20774
1.18232
1.1565
1.13281
1.11457
1.1049
1.10575
1.1166
1.13447
1.15447
1.17145
1.18141
1.18254
1.17535
1.1623
1.14693
1.13295
1.12335
1.12014
1.1243
1.13591
1.15412
1.17697
1.20098
1.22159
1.2342
1.2358
1.22577
1.20596
1.17988
1.15162
1.12487
1.10231
1.08536
1.07435
1.06915
1.0695
1.07528
1.08615
1.10117
1.11861
1.13633
1.15257
1.16671
1.17953
1.19268
1.20791
1.22613
1.24693
1.26855
1.2884
1.30372
1.3121
1.31183
1.30201
1.28265
1.25476
1.22042
1.1831
1.14752
1.11908
1.10258
1.10051
1.11199
1.13313
1.15869
1.18397
1.20587
1.2229
1.23453
1.24049
1.24021
1.23282
1.21751
1.19422
1.16423
1.13036
1.09653
1.0671
1.04608
1.03654
1.04003
1.05621
1.08269
1.11554
1.14995
1.18146
1.20707
1.22574
1.2376
1.24268
1.24044
1.23104
1.21644
1.19999
1.18509
1.17389
1.16683
1.16304
1.16096
1.15913
1.15649
1.15273
1.14798
1.14257
1.13661
1.1301
1.12343
1.11785
1.11533
1.11807
1.12761
1.14403
1.16602
1.19088
1.2154
1.23637
1.25126
1.25845
1.25731
1.24831
1.23291
1.21368
1.19399
1.17766
1.16784
1.16556
1.16899
1.17431
1.17739
1.17502
1.16576
1.15006
1.13007
1.10916
1.09138
1.08047
1.07895
1.08739
1.10434
1.12695
1.15179
1.17581
1.19676
1.21309
1.22352
1.22701
1.22288
1.21117
1.1932
1.17154
1.14958
1.1307
1.11742
1.11074
1.11021
1.1146
1.12249
1.13266
1.14419
1.15644
1.16894
1.18141
1.1935
1.20477
1.21483
1.22348
1.23058
1.23583
1.23838
1.23695
1.23046
1.21857
1.20212
1.18283
1.16278
1.1436
1.12604
1.11036
1.09693
1.08666
1.08134
1.08311
1.09325
1.11094
1.13328
1.15646
1.17741
1.19416
1.20573
1.2117
1.21187
1.20626
1.1955
1.18123
1.16655
1.15564
1.15265
1.15997
1.1773
1.20203
1.2306
1.25939
1.28543
1.30654
1.32148
1.32966
1.33087
1.32495
1.31188
1.29208
1.26648
1.23669
1.20477
1.17278
1.14206
1.11315
1.08597
1.06058
1.03786
1.01965
1.00827
1.00548
1.01155
1.02531
1.0446
1.06741
1.09228
1.11829
1.14473
1.17072
1.19529
1.21747
1.23654
1.25203
1.26374
1.27137
1.27418
1.27071
1.25916
1.23859
1.20977
1.17573
1.14122
1.11107
1.08824
1.07292
1.06298
1.05551
1.04844
1.04145
1.03605
1.03483
1.0402
1.05314
1.07299
1.09785
1.12549
1.15401
1.18192
1.20778
1.2301
1.24745
1.25891
1.26428
1.26413
1.25949
1.25149
1.24113
1.22927
1.21685
1.20503
1.19522
1.18853
1.18518
1.18435
1.18477
1.18549
1.18634
1.18766
1.18961
1.19172
1.19294
1.19248
1.19034
1.18768
1.18619
1.1872
1.19088
1.19601
1.20045
1.20204
1.19928
1.19187
1.18061
1.16702
1.15276
1.13918
1.12724
1.11778
1.11198
1.11147
1.11787
1.13203
1.15313
1.17821
1.20316
1.22385
1.23768
1.24389
1.24345
1.23828
1.23034
1.22091
1.21045
1.19857
1.18459
1.16818
1.15019
1.13269
1.11846
1.10988
1.10811
1.11254
1.12133
1.13197
1.14186
1.14899
1.15216
1.15116
1.14637
1.13836
1.12787
1.11574
1.10335
1.0923
1.08393
1.07932
1.07945
1.08565
1.09964
1.1226
1.15376
1.18981
1.22586
1.2573
1.28115
1.29627
1.30275
1.30159
1.2943
1.28285
1.26968
1.25698
1.24599
1.23651
1.22755
1.2182
1.20803
1.1971
1.18534
1.17243
1.15785
1.14147
1.12386
1.10616
1.08966
1.07559
1.06507
1.05933
1.05941
1.06591
1.0785
1.09604
1.11702
1.14012
1.1647
1.19069
1.21809
1.24646
1.27451
1.30005
1.32053
1.33346
1.33695
1.3301
1.3132
1.28776
1.25618
1.22133
1.18603
1.15276
1.12348
1.09949
1.0817
1.07068
1.06651
1.06871
1.07619
1.0876
1.10156
1.11697
1.1331
1.14928
1.16495
1.17966
1.193
1.20464
1.21432
1.22184
1.22695
1.22972
1.23039
1.22944
1.22747
1.22497
1.22222
1.21931
1.21583
1.21105
1.20415
1.19455
1.18224
1.16767
1.15192
1.13649
1.12321
1.11402
1.11026
1.11209
1.11833
1.12679
1.13498
1.14084
1.14327
1.14225
1.13875
1.13428
1.13063
1.1294
1.13164
1.13765
1.14676
1.15722
1.16645
1.17134
1.16903
1.15775
1.13754
1.11062
1.08122
1.05514
1.03838
1.03568
1.04936
1.07876
1.12058
1.16975
1.22032
1.26666
1.30439
1.33101
1.34591
1.34985
1.34444
1.33135
1.31182
1.28676
1.25722
1.2246
1.19081
1.15813
1.12882
1.10488
1.08784
1.07866
1.07734
1.083
1.09411
1.10889
1.12563
1.14322
1.1612
1.17962
1.19847
1.21709
1.23412
1.24795
1.25719
1.26076
1.25796
1.24843
1.23237
1.21097
1.18691
1.16389
1.14528
1.13287
1.12647
1.12505
1.12779
1.13406
1.14315
1.15372
1.16422
1.17344
1.1809
1.18664
1.19083
1.19332
1.19353
1.19088
1.18565
1.17908
1.17339
1.17107
1.17415
1.18338
1.19779
1.21481
1.2308
1.24209
1.24583
1.24069
1.22709
1.20704
1.18335
1.15845
1.13376
1.10973
1.08666
1.06558
1.04856
1.03833
1.03732
1.04679
1.0663
1.09351
1.12456
1.15506
1.18109
1.20001
1.21114
1.21586
1.21704
1.21822
1.22241
1.2312
1.24452
1.26081
1.27778
1.29297
1.30405
1.3092
1.30738
1.29845
1.28336
1.26405
1.24309
1.22302
1.20554
1.19104
1.17897
1.16832
1.15811
1.14774
1.13703
1.12572
1.11333
1.09942
1.08424
1.06923
1.05683
1.04982
1.05024
1.0588
1.07457
1.09521
1.11761
1.13855
1.15558
1.16748
1.17452
1.17834
1.18118
1.18534
1.19248
1.20324
1.21711
1.23241
1.24635
1.2557
1.25744
1.24991
1.23332
1.20984
1.18287
1.15577
1.13108
1.11015
1.09337
1.08094
1.07314
1.07054
1.07423
1.08548
1.10503
1.13237
1.16508
1.19905
1.22932
1.25124
1.26162
1.25938
1.24565
1.22353
1.19761
1.17352
1.15701
1.15244
1.16116
1.18088
1.20686
1.23369
1.25681
1.27314
1.28103
1.28009
1.2708
1.25423
1.232
1.20627
1.17976
1.15572
1.13725
1.12662
1.12473
1.13107
1.14405
1.16117
1.17932
1.19494
1.20452
1.20505
1.1947
1.17319
1.14224
1.1056
1.06868
1.0375
1.01719
1.01029
1.01648
1.03335
1.05751
1.08546
1.11388
1.14011
1.16244
1.18016
1.19329
1.20198
1.20621
1.20566
1.20033
1.19119
1.18033
1.17031
1.16302
1.159
1.15786
1.15919
1.16281
1.16873
1.1768
1.18639
1.19658
1.20626
1.21442
1.2203
1.2235
1.22419
1.22312
1.2215
1.22068
1.22152
1.22398
1.22687
1.22831
1.22657
1.2209
1.21199
1.20143
1.19106
1.18194
1.17412
1.16684
1.1594
1.15176
1.1448
1.14026
1.14005
1.14531
1.15561
1.16873
1.18128
1.18973
1.19169
1.1867
1.17635
1.16346
1.15105
1.14153
1.13616
1.13521
1.13813
1.14384
1.15095
1.15834
1.16524
1.17111
1.17566
1.17852
1.17963
1.17912
1.17765
1.17597
1.17479
1.17437
1.17415
1.173
1.16954
1.16274
1.15242
1.13944
1.12521
1.1112
1.09846
1.08761
1.07915
1.07392
1.0733
1.07908
1.09285
1.11522
1.14509
1.17946
1.21417
1.24487
1.26839
1.28328
1.29
1.29029
1.28631
1.27971
1.27133
1.26105
1.24849
1.23342
1.21617
1.19766
1.17943
1.16336
1.15112
1.14365
1.14084
1.14169
1.14486
1.14917
1.154
1.15884
1.16296
1.16524
1.16465
1.16087
1.15464
1.14756
1.14137
1.13712
1.13487
1.13411
1.13465
1.13718
1.14356
1.15607
1.17592
1.20223
1.23215
1.26182
1.28764
1.3069
1.31783
1.31958
1.31186
1.29492
1.26951
1.23694
1.19908
1.15816
1.11668
1.07732
1.0429
1.01649
1.00116
0.999336
1.01211
1.03853
1.07552
1.11825
1.16097
1.19815
1.22529
1.23956
1.24005
1.22814
1.2071
1.18135
1.15545
1.13319
1.11735
1.10972
1.11097
1.1204
1.13576
1.15351
1.16997
1.18238
1.18928
1.19074
1.1881
1.18334
1.17826
1.17374
1.16992
1.16622
1.16216
1.1575
1.15247
1.14778
1.14466
1.14457
1.14865
1.1571
1.16866
1.1808
1.19084
1.19698
1.19894
1.19771
1.19497
1.19228
1.19056
1.1901
1.19068
1.19207
1.19423
1.19698
1.19992
1.20229
1.20314
1.20154
1.19666
1.18833
1.17717
1.16433
1.15114
1.13876
1.12794
1.11922
1.113
1.10976
1.10996
1.11396
1.12175
1.1328
1.14607
1.16024
1.17394
1.18631
1.19712
1.20681
1.21608
1.22509
1.23314
1.23873
1.23994
1.23507
1.22329
1.20477
1.18085
1.15387
1.12667
1.10235
1.08374
1.0729
1.07078
1.07709
1.09037
1.10846
1.12885
1.14912
1.16704
1.18105
1.19019
1.19422
1.19333
1.18805
1.17918
1.16788
1.15557
1.14391
1.13448
1.12843
1.12603
1.12674
1.1296
1.13375
1.13895
1.14592
1.15595
1.17014
1.18857
1.20995
1.23189
1.25138
1.26546
1.27172
1.26858
1.25554
1.23378
1.20624
1.17751
1.15267
1.1352
1.12547
1.12114
1.11905
1.117
1.11417
1.11098
1.10874
1.1088
1.11198
1.11822
1.12667
1.13625
1.14605
1.15576
1.16568
1.17635
1.18814
1.20089
1.21392
1.2262
1.23678
1.24506
1.25078
1.25385
1.25423
1.25171
1.24591
1.2364
1.22272
1.20474
1.18295
1.15881
1.13436
1.11133
1.09058
1.07256
1.05795
1.04789
1.04352
1.04545
1.05345
1.06668
1.08421
1.10519
1.12891
1.15445
1.18039
1.20458
1.22433
1.23688
1.24
1.23266
1.21521
1.1894
1.15816
1.12536
1.09571
1.0743
1.06575
1.07283
1.09517
1.12912
1.16887
1.20833
1.24241
1.26763
1.28232
1.28652
1.2818
1.27063
1.25571
1.23955
1.22414
1.21094
1.20089
1.19444
1.19154
1.19173
1.19446
1.1992
1.20529
1.21188
1.21785
1.22182
1.22224
1.21756
1.2067
1.18928
1.16598
1.13875
1.11061
1.08495
1.06511
1.05374
1.05223
1.0604
1.07659
1.09793
1.12118
1.14357
1.16319
1.17889
1.19017
1.19696
1.1994
1.198
1.19369
1.18781
1.18189
1.17722
1.17455
1.17383
1.1742
1.17431
1.17268
1.16844
1.16169
1.1533
1.14452
1.13641
1.12984
1.12568
1.12478
1.12743
1.1332
1.14089
1.14898
1.1561
1.16171
1.16641
1.17187
1.17974
1.19064
1.20361
1.2166
1.22749
1.23479
1.23773
1.23625
1.23097
1.22329
1.21532
1.20921
1.20636
1.20692
1.2103
1.21561
1.22184
1.22774
1.23163
1.23174
1.22655
1.21536
1.19865
1.17817
1.15652
1.13663
1.12113
1.1117
1.10821
1.10827
1.10806
1.10434
1.09654
1.08722
1.08102
1.08236
1.0931
1.11141
1.13261
1.15154
1.1649
1.1723
1.17564
1.17767
1.18056
1.18492
1.18992
1.19388
1.19527
1.19339
1.18856
1.18195
1.17504
1.1691
1.16473
1.16167
1.15899
1.15554
1.15081
1.14538
1.14111
1.14036
1.14497
1.15509
1.16892
1.18353
1.19591
1.20371
1.20576
1.20197
1.19325
1.18123
1.16802
1.15596
1.14749
1.14485
1.14935
1.16099
1.17826
1.19841
1.21831
1.23521
1.24733
1.25387
1.25489
1.2508
1.24199
1.22885
1.21192
1.19192
1.16982
1.14654
1.12277
1.09927
1.0776
1.06044
1.05091
1.05103
1.06092
1.07893
1.10247
1.12888
1.15592
1.18189
1.20537
1.2248
1.2386
1.2455
1.24505
1.23792
1.22586
1.21129
1.19662
1.18355
1.17278
1.16413
1.15696
1.15074
1.14553
1.1419
1.14084
1.14318
1.14927
1.15867
1.17028
1.18261
1.19417
1.20367
1.21016
1.21312
1.21242
1.20823
1.20085
1.19056
1.17772
1.16317
1.14868
1.13702
1.13128
1.13355
1.14407
1.16109
1.18175
1.20305
1.22219
1.2367
1.24461
1.24466
1.23665
1.22153
1.20138
1.17901
1.15769
1.14075
1.13073
1.12869
1.13374
1.14355
1.1552
1.16624
1.17514
1.18129
1.18432
1.18373
1.17888
1.16918
1.15497
1.138
1.1213
1.10853
1.1026
1.1046
1.11358
1.12746
1.14412
1.16192
1.17962
1.19603
1.2099
1.21987
1.22468
1.22345
1.21614
1.20386
1.1891
1.17537
1.1663
1.16439
1.16992
1.18068
1.19287
1.20262
1.20724
1.20606
1.20029
1.19217
1.18389
1.17673
1.17131
1.16789
1.16664
1.16745
1.1698
1.17277
1.1752
1.17583
1.17357
1.16753
1.15721
1.14265
1.12495
1.10711
1.09432
1.09202
1.1025
1.12301
1.14794
1.17255
1.19473
1.21441
1.23216
1.24825
1.26256
1.2746
1.28381
1.28967
1.29156
1.28885
1.28107
1.26794
1.24963
1.2267
1.20025
1.17183
1.14349
1.11769
1.09668
1.0821
1.07425
1.07177
1.07231
1.07353
1.07448
1.07596
1.07948
1.08611
1.09588
1.10817
1.12229
1.13755
1.1529
1.16716
1.17924
1.18847
1.19471
1.1984
1.20032
1.20145
1.20249
1.20391
1.20571
1.20747
1.20834
1.20709
1.20242
1.19323
1.17895
1.16
1.13805
1.11593
1.09732
1.08577
1.08383
1.092
1.10863
1.13064
1.15465
1.17772
1.19765
1.2131
1.22333
1.22813
1.22789
1.22397
1.21829
1.21285
1.20899
1.20698
1.20622
1.206
1.20567
1.20465
1.20247
1.1987
1.19329
1.18664
1.17949
1.17275
1.16696
1.16207
1.15738
1.15184
1.14437
1.13423
1.12145
1.10698
1.09285
1.08189
1.07691
1.07983
1.09088
1.10855
1.13
1.152
1.17184
1.18758
1.19841
1.20452
1.20678
1.20615
1.20332
1.19859
1.19188
1.18317
1.17303
1.16282
1.15431
1.1487
1.14606
1.14547
1.14588
1.14719
1.15029
1.15625
1.16484
1.17409
1.18063
1.18135
1.17492
1.16241
1.14727
1.13444
1.12896
1.13461
1.15291
1.18256
1.21976
1.25886
1.29353
1.31805
1.32834
1.32282
1.30258
1.27106
1.23282
1.19293
1.15634
1.12755
1.10974
1.10389
1.10857
1.12032
1.13459
1.14697
1.154
1.15381
1.14643
1.13366
1.11871
1.10503
1.09547
1.09138
1.09256
1.09781
1.10562
1.11487
1.12506
1.13611
1.14778
1.15923
1.16918
1.17636
1.18019
1.18092
1.17972
1.17829
1.17836
1.181
1.18614
1.1927
1.19911
1.20413
1.20721
1.20842
1.20795
1.2058
1.20182
1.19598
1.18878
1.1812
1.17401
1.16782
1.16281
1.15901
1.15656
1.15562
1.15607
1.15744
1.15931
1.16194
1.1665
1.17418
1.18535
1.19903
1.21329
1.22598
1.23515
1.2394
1.23785
1.23043
1.21771
1.20095
1.18202
1.16312
1.14669
1.13498
1.1295
1.13055
1.13728
1.14797
1.1606
1.17331
1.18464
1.19347
1.19898
1.20055
1.19786
1.19135
1.18261
1.17421
1.16908
1.16922
1.17468
1.1833
1.19163
1.1965
1.19629
1.1914
1.18411
1.17749
1.1742
1.17548
1.181
1.18902
1.19709
1.20256
1.20317
1.19759
1.18586
1.16939
1.15056
1.132
1.11594
1.10414
1.09817
1.09935
1.10828
1.12409
1.1442
1.16471
1.18144
1.19098
1.19147
1.1828
1.16651
1.14526
1.12231
1.10091
1.08378
1.07263
1.06802
1.06957
1.0765
1.08815
1.10396
1.12329
1.14503
1.1677
1.18955
1.2089
1.22464
1.23633
1.24415
1.24863
1.25012
1.24876
1.24458
1.23787
1.22956
1.22145
1.21568
1.21425
1.21834
1.22797
1.24211
1.25893
1.2761
1.29106
1.30112
1.30362
1.29628
1.27789
1.24865
1.21031
1.16595
1.11968
1.07601
1.03935
1.01325
0.999726
0.999078
1.00995
1.02972
1.05508
1.08259
1.10932
1.13336
1.15387
1.17084
1.18453
1.19498
1.20182
1.20438
1.20213
1.19501
1.18376
1.16998
1.15617
1.14536
1.14044
1.14344
1.15489
1.17371
1.1975
1.22326
1.24793
1.26859
1.28268
1.28827
1.28427
1.27069
1.24879
1.2211
1.19094
1.16159
1.1358
1.11527
1.10054
1.09124
1.08656
1.08552
1.08733
1.09156
1.09828
1.10805
1.1218
1.14019
1.16297
1.1888
1.21527
1.2394
1.2581
1.26888
1.27033
1.26234
1.24605
1.22322
1.19604
1.16658
1.13695
1.10937
1.0862
1.06966
1.06118
1.06075
1.06704
1.07814
1.09244
1.10891
1.12677
1.14506
1.16236
1.17693
1.18699
1.19104
1.18814
1.17825
1.16221
1.14186
1.11996
1.09973
1.08435
1.07654
1.07804
1.08913
1.10873
1.13435
1.1624
1.18871
1.20925
1.22107
1.22302
1.21606
1.20289
1.18727
1.17266
1.16117
1.15333
1.14872
1.14705
1.14858
1.15394
1.16375
1.17792
1.19518
1.21322
1.22894
1.23917
1.24145
1.2348
1.22037
1.2011
1.18082
1.1626
1.14787
1.13714
1.13086
1.12986
1.13483
1.14572
1.16126
1.17929
1.19729
1.21285
1.22435
1.23117
1.23371
1.23309
1.23079
1.22786
1.22452
1.22006
1.21324
1.20298
1.18876
1.17088
1.15044
1.12899
1.10838
1.0907
1.07796
1.07169
1.0727
1.08095
1.09572
1.11576
1.13936
1.16443
1.18874
1.21006
1.2265
1.23689
1.24092
1.23892
1.2318
1.22051
1.20605
1.1894
1.17159
1.15349
1.13572
1.11862
1.10225
1.0865
1.07148
1.05794
1.04732
1.04139
1.04142
1.04774
1.05946
1.0749
1.09219
1.10995
1.12752
1.14476
1.16183
1.17892
1.19605
1.21315
1.22971
1.24467
1.25637
1.2629
1.26292
1.2565
1.24547
1.23272
1.22128
1.21301
1.20826
1.20654
1.2077
1.21239
1.22132
1.23358
1.24625
1.25566
1.25932
1.25697
1.24975
1.23884
1.22487
1.208
1.18872
1.16815
1.14798
1.12985
1.1148
1.103
1.0937
1.08609
1.08012
1.07686
1.07826
1.08616
1.10121
1.12219
1.14647
1.17063
1.19147
1.20647
1.2142
1.2145
1.20838
1.19763
1.18415
1.16947
1.1546
1.14029
1.12722
1.11631
1.10855
1.10493
1.10623
1.11311
1.12591
1.14448
1.16773
1.19329
1.2178
1.23749
1.2492
1.25124
1.24392
1.2296
1.21166
1.19346
1.17768
1.16608
1.1593
1.15685
1.15708
1.15792
1.1575
1.15476
1.14971
1.14327
1.13707
1.13279
1.1318
1.13479
1.14167
1.15174
1.16369
1.17578
1.18573
1.1911
1.18985
1.18083
1.16406
1.14101
1.1144
1.08791
1.06556
1.05095
1.04631
1.05191
1.06622
1.08662
1.11019
1.13428
1.15675
1.17598
1.19081
1.20081
1.20643
1.20906
1.2107
1.21319
1.21727
1.22209
1.22568
1.22588
1.22145
1.21263
1.20095
1.18866
1.1779
1.17009
1.1659
1.16536
1.16818
1.17402
1.18231
1.19206
1.2018
1.20966
1.21388
1.21339
1.20811
1.1992
1.18856
1.1783
1.1701
1.16481
1.16231
1.16208
1.16347
1.16603
1.16953
1.17381
1.17852
1.18319
1.18722
1.19
1.19095
1.1895
1.18491
1.17654
1.16416
1.14825
1.13024
1.11237
1.09703
1.08601
1.07999
1.07866
1.08157
1.08871
1.10028
1.11559
1.13253
1.14809
1.1599
1.16744
1.17205
1.17565
1.17943
1.18299
1.18492
1.18409
1.18083
1.17698
1.17506
1.17677
1.18189
1.18852
1.19419
1.19686
1.19539
1.18952
1.17993
1.16814
1.15641
1.14747
1.14402
1.14802
1.16
1.17852
1.20011
1.22043
1.23543
1.24259
1.24123
1.2319
1.21597
1.19513
1.17177
1.14912
1.13101
1.12087
1.12067
1.13034
1.14793
1.17012
1.1931
1.21334
1.22813
1.2358
1.23579
1.22838
1.21468
1.19657
1.1767
1.15803
1.14343
1.135
1.13358
1.13865
1.14857
1.16095
1.17331
1.1837
1.19103
1.19478
1.19495
1.19189
1.18605
1.17793
1.16787
1.1562
1.14349
1.13097
1.12027
1.11312
1.11108
1.11507
1.12493
1.13926
1.15552
1.17019
1.17946
1.18004
1.17024
1.15106
1.12681
1.10431
1.0906
1.08996
1.1025
1.12506
1.15348
1.18388
1.21327
1.23942
1.26046
1.27445
1.27968
1.27502
1.26058
1.23776
1.20934
1.17889
1.15036
1.12741
1.11282
1.10799
1.11274
1.12532
1.14273
1.16137
1.17796
1.19013
1.19695
1.19905
1.19792
1.19517
1.19169
1.18741
1.18181
1.17429
1.16477
1.1539
1.14308
1.13441
1.13032
1.13281
1.14248
1.15795
1.17591
1.19219
1.2031
1.2064
1.20166
1.19019
1.17457
1.15792
1.1431
1.13232
1.12682
1.12707
1.13315
1.1449
1.16157
1.18172
1.20328
1.22368
1.2404
1.25141
1.25549
1.25246
1.24299
1.22811
1.20887
1.18632
1.16206
1.13874
1.12004
1.10964
1.10993
1.12087
1.14008
1.16353
1.18661
1.20543
1.21746
1.22187
1.21924
1.21113
1.19946
1.18625
1.17344
1.16291
1.15628
1.15442
1.15696
1.16218
1.16772
1.17173
1.17332
1.17259
1.17044
1.16806
1.16662
1.16669
1.1682
1.17046
1.17264
1.17394
1.17394
1.17285
1.17164
1.17161
1.17376
1.17798
1.18294
1.18641
1.18621
1.1809
1.17007
1.15452
1.13584
1.11633
1.09852
1.08477
1.07652
1.0741
1.07672
1.08283
1.09048
1.09785
1.10353
1.10665
1.10713
1.10572
1.10397
1.10393
1.10765
1.11644
1.13051
1.14883
1.16972
1.19145
1.21271
1.2326
1.25038
1.26537
1.27704
1.28506
1.28912
1.28874
1.28344
1.27308
1.2584
1.24071
1.22153
1.20219
1.18376
1.16716
1.15349
1.14378
1.13866
1.13823
1.14202
1.14931
1.1595
1.17199
1.18597
1.20014
1.21258
1.22117
1.22392
1.21941
1.207
1.18712
1.16125
1.13193
1.10241
1.07641
1.0576
1.04897
1.05224
1.06725
1.09169
1.12167
1.15243
1.17917
1.19802
1.20672
1.20507
1.1948
1.1793
1.16275
1.1492
1.14155
1.14111
1.14778
1.16051
1.17773
1.19735
1.21685
1.23342
1.2444
1.24773
1.24251
1.22953
1.21127
1.19124
1.17294
1.15892
1.15025
1.14683
1.14766
1.15141
1.15685
1.16305
1.16937
1.1755
1.18142
1.18717
1.19276
1.19788
1.20186
1.20374
1.20232
1.19674
1.18695
1.17396
1.15968
1.14636
1.13609
1.1302
1.12917
1.13268
1.13982
1.14933
1.15972
1.16945
1.17719
1.18229
1.18491
1.18621
1.18779
1.19111
1.19678
1.20423
1.21198
1.21805
1.22046
1.21761
1.20861
1.19343
1.17315
1.14965
1.12555
1.10393
1.08775
1.0794
1.0802
1.08992
1.10699
1.12898
1.15318
1.17705
1.19822
1.21436
1.22331
1.22304
1.21218
1.19044
1.15906
1.12125
1.08203
1.04752
1.02361
1.01436
1.02063
1.03978
1.0668
1.09617
1.12372
1.14742
1.16701
1.18352
1.19843
1.2131
1.22832
1.24416
1.26009
1.27509
1.28785
1.29707
1.30164
1.30059
1.29333
1.2798
1.26066
1.23738
1.21206
1.18697
1.16436
1.14617
1.13406
1.12917
1.13167
1.1404
1.1531
1.1669
1.17896
1.18713
1.19016
1.18767
1.17991
1.1678
1.15275
1.13663
1.12152
1.10911
1.10018
1.09463
1.09186
1.09134
1.09314
1.09778
1.10578
1.11751
1.133
1.15197
1.17365
1.19668
1.21904
1.23843
1.25286
1.26104
1.2626
1.25798
1.24802
1.23414
1.21823
1.20273
1.18984
1.18097
1.17618
1.17438
1.17385
1.17292
1.17081
1.1676
1.16409
1.16129
1.16017
1.16158
1.16611
1.17396
1.18464
1.19688
1.20883
1.21848
1.22419
1.22496
1.22061
1.21185
1.20018
1.1876
1.17575
1.16528
1.15578
1.14625
1.13602
1.12538
1.11589
1.10971
1.10877
1.11386
1.12438
1.13903
1.15683
1.17751
1.20086
1.22533
1.24736
1.26235
1.2666
1.25868
1.23967
1.21264
1.18167
1.15092
1.1243
1.1052
1.09633
1.0989
1.11199
1.13251
1.156
1.17802
1.19509
1.20515
1.2077
1.20345
1.19398
1.18129
1.16725
1.15357
1.14163
1.1324
1.12647
1.12417
1.12578
1.13134
1.14021
1.15089
1.16142
1.1702
1.17656
1.18077
1.18368
1.18636
1.1894
1.19263
1.19498
1.19516
1.1925
1.18787
1.18365
1.18288
1.18769
1.19812
1.212
1.22604
1.23695
1.24261
1.24224
1.23592
1.22416
1.20761
1.18699
1.16339
1.13864
1.11542
1.09676
1.0853
1.08278
1.08949
1.10421
1.12439
1.14676
1.16802
1.1855
1.19777
1.20497
1.20853
1.2106
1.21296
1.21621
1.21963
1.22149
1.22005
1.21416
1.20354
1.18868
1.17057
1.15032
1.12908
1.1082
1.0898
1.07661
1.07169
1.07722
1.09339
1.1178
1.14599
1.17296
1.19461
1.20884
1.21552
1.21594
1.21214
1.20629
1.20105
1.19953
1.20462
1.21764
1.23731
1.25998
1.2809
1.29581
1.30192
1.29787
1.2834
1.25918
1.22671
1.18856
1.14849
1.1109
1.07968
1.05718
1.04392
1.03936
1.04294
1.05423
1.07233
1.09492
1.11843
1.13894
1.15357
1.16143
1.16398
1.16431
1.1658
1.17069
1.17924
1.19018
1.20162
1.2119
1.21997
1.2255
1.22861
1.22956
1.2286
1.22601
1.22204
1.21677
1.21001
1.20117
1.18956
1.17495
1.15818
1.14118
1.12669
1.11723
1.1143
1.11777
1.12655
1.13889
1.15307
1.16757
1.18091
1.1917
1.19855
1.20031
1.19648
1.18744
1.17437
1.15877
1.1423
1.12703
1.11528
1.10879
1.10786
1.11139
1.11754
1.12445
1.1308
1.1361
1.14048
1.14458
1.14916
1.1546
1.16071
1.16666
1.17125
1.17326
1.17183
1.1668
1.15885
1.14942
1.14027
1.13316
1.12946
1.12985
1.13443
1.14267
1.15341
1.16514
1.17625
1.18533
1.1914
1.19383
1.19225
1.18649
1.17659
1.16302
1.1471
1.13147
1.11983
1.11604
1.12259
1.13943
1.16424
1.19361
1.22424
1.25356
1.27971
1.30145
1.31789
1.32847
1.33284
1.33074
1.32206
1.30678
1.28508
1.25747
1.22471
1.18798
1.1489
1.10946
1.07212
1.03958
1.01458
0.999533
0.996378
1.00603
1.02763
1.05828
1.09363
1.12908
1.16098
1.18727
1.20726
1.22118
1.22967
1.2331
1.23133
1.22374
1.20981
1.18959
1.16423
1.13621
1.10896
1.08608
1.07024
1.06229
1.06138
1.0659
1.07428
1.08563
1.09956
1.11597
1.13456
1.15449
1.17428
1.19204
1.20577
1.21402
1.21648
1.21466
1.21195
1.21295
1.22133
1.23764
1.25856
1.27844
1.29172
1.29466
1.28622
1.26812
1.24423
1.21977
1.19985
1.18777
1.18321
1.18215
1.17874
1.16855
1.15029
1.12602
1.09992
1.07693
1.06141
1.05662
1.06411
1.08343
1.11203
1.1459
1.18065
1.21231
1.23767
1.2544
1.261
1.25731
1.24454
1.22539
1.20342
1.18243
1.16612
1.15802
1.16131
1.17721
1.20325
1.23335
1.26079
1.28079
1.29114
1.2916
1.28293
1.26669
1.24483
1.21953
1.19279
1.16634
1.14146
1.11901
1.0999
1.0854
1.07744
1.07798
1.08836
1.10842
1.13606
1.16742
1.1978
1.22285
1.23949
1.24627
1.24328
1.23174
1.21375
1.19183
1.16857
1.14631
1.12689
1.1114
1.1001
1.09271
1.08876
1.08794
1.09029
1.09595
1.1049
1.11663
1.12986
1.14292
1.15388
1.16094
1.16287
1.15934
1.15129
1.14099
1.1318
1.12717
1.12964
1.13983
1.15643
1.17668
1.19734
1.21558
1.22943
1.23797
1.24113
1.2395
1.23406
1.22615
1.21743
1.20976
1.20494
1.20417
1.20752
1.21377
1.22082
1.22626
1.22815
1.22543
1.21812
1.20713
1.19385
1.17988
1.1667
1.15557
1.14749
1.14316
1.14294
1.14671
1.15374
1.16273
1.17206
1.18014
1.18576
1.18799
1.18623
1.18025
1.17028
1.15701
1.14168
1.12589
1.11152
1.10043
1.09419
1.09377
1.09923
1.10977
1.12393
1.13997
1.15621
1.17144
1.18487
1.19605
1.20487
1.2115
1.21628
1.21956
1.22155
1.22192
1.21977
1.21397
1.2035
1.18807
1.16851
1.14715
1.12747
1.11302
1.10636
1.10848
1.11872
1.13524
1.15543
1.17617
1.19432
1.2073
1.21348
1.21227
1.20405
1.19019
1.17288
1.15527
1.14104
1.13358
1.13465
1.14389
1.15904
1.17691
1.19463
1.21032
1.22305
1.23249
1.23834
1.23977
1.23542
1.22416
1.20576
1.18174
1.15567
1.13208
1.11418
1.10223
1.0943
1.08858
1.08456
1.08253
1.08267
1.08493
1.08909
1.09506
1.10309
1.11365
1.12724
1.14397
1.16317
1.18318
1.20194
1.21744
1.22822
1.23386
1.23494
1.23289
1.2294
1.22589
1.22318
1.22133
1.21987
1.21818
1.21573
1.21212
1.20706
1.20023
1.19115
1.1797
1.16657
1.15373
1.14382
1.13904
1.14033
1.14719
1.15817
1.17174
1.18663
1.20182
1.21626
1.22872
1.23787
1.24256
1.24208
1.23607
1.22457
1.20802
1.18729
1.16378
1.13918
1.11551
1.09458
1.07776
1.06581
1.05923
1.05836
1.06367
1.07533
1.0926
1.11352
1.1352
1.1546
1.16922
1.17747
1.17878
1.17363
1.16358
1.15117
1.13929
1.13039
1.12585
1.12576
1.12906
1.13414
1.13946
1.14398
1.14736
1.14967
1.15101
1.15144
1.15096
1.15004
1.14992
1.15253
1.15988
1.17277
1.19014
1.209
1.22563
1.23684
1.24103
1.23823
1.22988
1.21802
1.20489
1.19266
1.18332
1.17864
1.17998
1.1877
1.20071
1.2166
1.23254
1.24581
1.25452
1.25747
1.25412
1.24454
1.22948
1.2104
1.18941
1.1688
1.15018
1.1342
1.12088
1.11039
1.10362
1.10218
1.10747
1.11962
1.13719
1.15737
1.17688
1.19269
1.20272
1.2061
1.2031
1.19483
1.1829
1.16889
1.15421
1.14004
1.12736
1.11695
1.1092
1.10444
1.103
1.10566
1.11383
1.12848
1.14845
1.16984
1.1876
1.19782
1.1992
1.19264
1.18038
1.16486
1.14819
1.1318
1.11665
1.10327
1.09227
1.08445
1.08105
1.08352
1.09302
1.1096
1.13177
1.15694
1.18201
1.20423
1.22169
1.2336
1.24042
1.2434
1.24408
1.24371
1.24283
1.24116
1.23799
1.23259
1.22464
1.21443
1.20271
1.19047
1.17883
1.16909
1.16249
1.16013
1.16236
1.1686
1.17745
1.18699
1.19553
1.20185
1.20541
1.20614
1.20428
1.20023
1.19437
1.18691
1.17801
1.16784
1.15689
1.1462
1.13726
1.13211
1.133
1.14159
1.15828
1.18144
1.20731
1.23083
1.24713
1.25259
1.24574
1.22742
1.20062
1.16969
1.13923
1.11305
1.09305
1.07913
1.06993
1.06376
1.0597
1.05781
1.05896
1.06415
1.07414
1.08884
1.10703
1.12645
1.14421
1.15757
1.16515
1.16719
1.16529
1.16144
1.15738
1.15426
1.1529
1.15381
1.15746
1.16438
1.17496
1.18914
1.20616
1.22456
1.24255
1.25849
1.27123
1.28009
1.2846
1.28423
1.27827
1.26617
1.24781
1.22405
1.19694
1.16967
1.14592
1.1288
1.11994
1.11908
1.1242
1.13224
1.14034
1.14652
1.15012
1.1517
1.15236
1.15303
1.1539
1.1546
1.15489
1.15517
1.1565
1.15979
1.16518
1.1719
1.17854
1.18352
1.18556
1.18387
1.17819
1.16926
1.15901
1.15025
1.14583
1.14742
1.15496
1.16682
1.18061
1.19408
1.2055
1.21385
1.21882
1.22049
1.21931
1.2158
1.21013
1.20197
1.19085
1.17689
1.16109
1.14524
1.13143
1.1215
1.1166
1.11716
1.1229
1.13307
1.1463
1.16055
1.17325
1.18196
1.18544
1.1839
1.17879
1.17204
1.16548
1.1602
1.15674
1.15525
1.15554
1.15717
1.15919
1.16071
1.16125
1.1614
1.16237
1.16552
1.17162
1.1803
1.19029
1.19988
1.20769
1.21304
1.21588
1.21646
1.21521
1.21269
1.20951
1.20613
1.20267
1.19875
1.19354
1.18577
1.17409
1.15761
1.13631
1.11164
1.08648
1.06474
1.05038
1.04611
1.05241
1.06732
1.08717
1.10782
1.12587
1.13942
1.14821
1.15313
1.15561
1.15724
1.15957
1.16375
1.16991
1.17652
1.18097
1.18117
1.17684
1.16958
1.16213
1.15728
1.15697
1.162
1.17181
1.18459
1.19775
1.20851
1.21468
1.21525
1.21058
1.20194
1.19101
1.17997
1.17156
1.16858
1.17297
1.18488
1.2025
1.22263
1.24147
1.25571
1.26306
1.2626
1.25465
1.24044
1.22165
1.20021
1.1781
1.15723
1.13934
1.12558
1.11624
1.11073
1.10783
1.10612
1.10458
1.10334
1.10395
1.10889
1.12015
1.13794
1.16043
1.18442
1.20657
1.22424
1.23606
1.24194
1.24287
1.24044
1.23624
1.23147
1.22644
1.2205
1.21241
1.20074
1.18476
1.16511
1.14421
1.12598
1.11435
1.11147
1.11663
1.12659
1.13703
1.14403
1.14494
1.13906
1.12783
1.11452
1.10363
1.09931
1.10405
1.11795
1.13925
1.16527
1.19312
1.22012
1.24385
1.26224
1.27393
1.27867
1.27733
1.2715
1.26299
1.253
1.24202
1.22994
1.21665
1.20224
1.18699
1.17099
1.15437
1.13754
1.12147
1.1077
1.09797
1.09337
1.09365
1.09735
1.10261
1.10845
1.115
1.12326
1.13391
1.14672
1.16033
1.17274
1.18208
1.18718
1.18783
1.18459
1.17872
1.17175
1.16525
1.16022
1.15701
1.15549
1.15561
1.15801
1.16372
1.17336
1.1864
1.20101
1.21486
1.22598
1.23313
1.23572
1.23371
1.22724
1.21653
1.20189
1.18373
1.16294
1.14099
1.11997
1.10239
1.09077
1.08698
1.09178
1.10454
1.12338
1.14554
1.1679
1.18743
1.20163
1.2089
1.20871
1.20179
1.18988
1.17548
1.16117
1.14898
1.14024
1.13564
1.13545
1.13949
1.14687
1.15602
1.16525
1.17358
1.18113
1.18901
1.1985
1.21026
1.2238
1.23751
1.24903
1.25586
1.25606
1.24867
1.23411
1.21398
1.1906
1.16602
1.14191
1.11982
1.10162
1.08968
1.08613
1.09199
1.10644
1.1268
1.14927
1.17
1.18606
1.19612
1.20091
1.20263
1.20414
1.20785
1.21491
1.22467
1.23496
1.24267
1.24456
1.23845
1.22382
1.20245
1.17783
1.15438
1.136
1.12563
1.12483
1.13353
1.1498
1.17008
1.19012
1.20619
1.21587
1.21821
1.21351
1.20277
1.18761
1.17002
1.1523
1.13669
1.12472
1.11671
1.11181
1.10881
1.10722
1.10773
1.11194
1.12143
1.13653
1.15573
1.17597
1.19377
1.20654
1.21339
1.21518
1.2138
1.21131
1.20952
1.20989
1.21347
1.22044
1.22986
1.23954
1.2467
1.24885
1.2444
1.23293
1.2151
1.19245
1.16712
1.14177
1.1196
1.10404
1.09791
1.10239
1.11635
1.13626
1.1574
1.17524
1.18692
1.19178
1.19105
1.18682
1.1808
1.17384
1.16623
1.15848
1.15168
1.1471
1.14563
1.14742
1.15183
1.15791
1.16469
1.17156
1.17823
1.18473
1.19121
1.19794
1.20513
1.21249
1.21852
1.22078
1.21672
1.20506
1.18653
1.16385
1.14067
1.12023
1.10442
1.0939
1.08878
1.08918
1.09531
1.10692
1.1231
1.14256
1.16401
1.18634
1.20854
1.22949
1.24808
1.26312
1.27351
1.27839
1.27726
1.27
1.25696
1.2389
1.21697
1.19271
1.16797
1.14491
1.12592
1.11311
1.10768
1.1095
1.11717
1.1286
1.14187
1.1558
1.16986
1.18345
1.1955
1.20435
1.20834
1.20644
1.19855
1.18552
1.16915
1.15225
1.1383
1.13076
1.13197
1.14229
1.16001
1.1819
1.20453
1.22509
1.24156
1.25251
1.25689
1.25389
1.24308
1.22483
1.2006
1.17304
1.14574
1.12279
1.10763
1.10183
1.10424
1.11159
1.12011
1.12755
1.13364
1.13902
1.14389
1.14736
1.14817
1.14528
1.1387
1.1294
1.11924
1.11014
1.10357
1.10033
1.10075
1.10503
1.11338
1.12621
1.14373
1.16531
1.18919
1.21259
1.23229
1.24557
1.25095
1.24834
1.23901
1.22494
1.20826
1.19087
1.17459
1.16115
1.15217
1.14902
1.15238
1.16203
1.17686
1.195
1.21408
1.23174
1.24604
1.25568
1.2601
1.25946
1.25454
1.2465
1.23632
1.22446
1.21089
1.19532
1.17748
1.15706
1.13372
1.1076
1.0804
1.05597
1.03918
1.03399
1.04177
1.06129
1.08959
1.12251
1.15514
1.18256
1.20107
1.20923
1.20805
1.20014
1.18834
1.17483
1.16107
1.14854
1.13949
1.13653
1.14163
1.15531
1.17644
1.20275
1.23137
1.25895
1.28206
1.29739
1.30249
1.29608
1.27853
1.25197
1.22008
1.18747
1.15881
1.13774
1.12623
1.12467
1.13228
1.14745
1.16795
1.19122
1.21455
1.23548
1.25197
1.26248
1.26594
1.2617
1.24966
1.23039
1.20516
1.17613
1.14609
1.11816
1.09554
1.08078
1.07512
1.07811
1.08769
1.10045
1.11251
1.12071
1.12373
1.12249
1.1198
1.1189
1.12199
1.12955
1.14074
1.1543
1.16917
1.18428
1.19844
1.21009
1.21766
1.22006
1.21695
1.20898
1.19785
1.18612
1.17701
1.17352
1.17715
1.18711
1.20044
1.21316
1.22159
1.22329
1.2175
1.205
1.18767
1.1681
1.14927
1.13438
1.12661
1.12843
1.14077
1.16272
1.19168
1.22407
1.25584
1.28303
1.30214
1.31048
1.30664
1.29065
1.26392
1.22892
1.18874
1.14687
1.10692
1.07222
1.04511
1.02642
1.01552
1.01087
1.01093
1.01492
1.02311
1.03661
1.05689
1.08511
1.12116
1.16327
1.20812
1.25155
1.28977
1.32004
1.34092
1.35176
1.35229
1.34245
1.32236
1.29243
1.25368
1.20805
1.15877
1.11033
1.06805
1.03704
1.02082
1.02029
1.0337
1.05733
1.0866
1.11723
1.14604
1.17106
1.19135
1.20679
1.2178
1.22537
1.23092
1.23605
1.24183
1.24821
1.25389
1.25678
1.25492
1.24738
1.23476
1.2193
1.2042
1.19242
1.18557
1.18338
1.18402
1.18493
1.18374
1.17884
1.16972
1.15695
1.14216
1.1278
1.11653
1.1103
1.10961
1.11361
1.12071
1.12954
1.13935
1.14948
1.15877
1.16598
1.17029
1.17134
1.16876
1.16157
1.14862
1.12967
1.10633
1.08224
1.0623
1.05127
1.05255
1.06742
1.09471
1.13112
1.17202
1.21238
1.2476
1.27408
1.28945
1.29266
1.28405
1.26546
1.24022
1.21281
1.18799
1.16942
1.15852
1.15434
1.15423
1.15491
1.15379
1.14967
1.14284
1.13445
1.12577
1.11763
1.11052
1.10496
1.10171
1.10182
1.10612
1.1151
1.12845
1.14478
1.16174
1.17652
1.18671
1.19098
1.18914
1.18188
1.17029
1.15567
1.13969
1.12461
1.1132
1.10798
1.11037
1.12
1.13491
1.15283
1.17213
1.19216
1.21288
1.23427
1.25599
1.27717
1.2966
1.31275
1.32393
1.3284
1.3247
1.31205
1.29055
1.26147
1.22727
1.19136
1.15757
1.12967
1.11077
1.1025
1.10454
1.11494
1.1309
1.14963
1.16857
1.18516
1.19674
1.20094
1.19656
1.1843
1.16682
1.14811
1.13216
1.12187
1.1181
1.11989
1.12525
1.13206
1.1387
1.14412
1.1477
1.14904
1.14771
1.1438
1.13795
1.13152
1.12613
1.12337
1.12418
1.12866
1.13587
1.14409
1.15137
1.15588
1.15633
1.1522
1.14395
1.13299
1.12156
1.11245
1.10835
1.11121
1.12148
1.1379
1.15776
1.17781
1.1952
1.20804
1.21559
1.21818
1.21672
1.21208
1.20466
1.19442
1.18113
1.16494
1.14682
1.12892
1.11435
1.10628
1.10707
1.11747
1.13661
1.16235
1.19185
1.22202
1.24981
1.2724
1.28752
1.29366
1.29017
1.27748
1.25699
1.23105
1.2027
1.17527
1.15178
1.13448
1.12467
1.12259
1.12731
1.13679
1.14788
1.15688
1.16035
1.15665
1.14728
1.13633
1.12775
1.1226
1.11918
1.11558
1.11177
1.10943
1.11086
1.11764
1.13002
1.14678
1.16585
1.18505
1.20302
1.21903
1.23277
1.2436
1.25055
1.25288
1.25038
1.24348
1.23301
1.2201
1.20603
1.19211
1.1795
1.16906
1.16149
1.15712
1.15607
1.15791
1.16163
1.16566
1.16828
1.16791
1.16364
1.15537
1.1443
1.13274
1.12341
1.11836
1.11768
1.11986
1.12277
1.12512
1.12699
1.12933
1.13345
1.14053
1.15146
1.16668
1.18579
1.20696
1.227
1.24209
1.24913
1.24701
1.23697
1.22181
1.20497
1.18933
1.17656
1.1671
1.16023
1.15467
1.14903
1.1421
1.13332
1.12279
1.11145
1.10093
1.0931
1.08973
1.09199
1.1004
1.11472
1.1339
1.15627
1.17986
1.20238
1.22166
1.23551
1.24186
1.23887
1.22554
1.20256
1.17298
1.14239
1.11762
1.10454
1.10603
1.12124
1.1464
1.17654
1.20706
1.23454
1.25689
1.27329
1.28379
1.28876
1.28807
1.28131
1.26819
1.24938
1.22695
1.20417
1.18463
1.17117
1.16482
1.16446
1.16739
1.17042
1.17084
1.16695
1.1583
1.14548
1.12985
1.11333
1.09807
1.08608
1.07839
1.07457
1.07299
1.07176
1.06968
1.06651
1.06283
1.05966
1.05794
1.05833
1.06101
1.06562
1.07154
1.07843
1.0866
1.09704
1.11071
1.12775
1.14706
1.16663
1.18407
1.19742
1.20565
1.20892
1.2083
1.20517
1.20067
1.19513
1.18829
1.18004
1.171
1.16294
1.15836
1.15954
1.16759
1.18178
1.19951
1.21697
1.23008
1.23561
1.23219
1.22087
1.20498
1.18901
1.17692
1.17093
1.17115
1.17617
1.18412
1.19301
1.20098
1.20612
1.2067
1.20158
1.19084
1.17616
1.16083
1.14888
1.14391
1.14764
1.15953
1.1771
1.19721
1.21711
1.2351
1.25019
1.26175
1.26906
1.27125
1.26779
1.259
1.24593
1.23025
1.21371
1.19752
1.18209
1.16707
1.15189
1.13632
1.1206
1.10521
1.0906
1.07672
1.06338
1.05063
1.0392
1.0304
1.02572
1.02654
1.03387
1.04839
1.07029
1.0989
1.13245
1.16803
1.20214
1.23153
1.25383
1.26815
1.27504
1.2759
1.27217
1.26478
1.25441
1.24165
1.22747
1.21315
1.20024
1.19016
1.18358
1.18018
1.1785
1.17671
1.17354
1.16912
1.16499
1.16319
1.16529
1.17141
1.17996
1.18826
1.19342
1.19343
1.18783
1.17792
1.16624
1.15554
1.14776
1.14356
1.1426
1.14424
1.14798
1.15353
1.16067
1.16874
1.17646
1.18224
1.1846
1.18259
1.17615
1.16626
1.15485
1.1443
1.13696
1.13444
1.13732
1.14499
1.15606
1.16891
1.18217
1.19484
1.20623
1.21602
1.22385
1.22927
1.23155
1.22976
1.22317
1.21146
1.19482
1.17408
1.1505
1.12541
1.10029
1.07703
1.0582
1.04674
1.04515
1.05411
1.07192
1.09485
1.11828
1.13816
1.15177
1.15825
1.15839
1.15409
1.14773
1.14148
1.13684
1.13455
1.13482
1.13784
1.1439
1.15332
1.16581
1.17993
1.19365
1.20513
1.21353
1.2193
1.22364
1.22765
1.23206
1.23728
1.24364
1.25132
1.25988
1.26786
1.27291
1.27252
1.26474
1.24913
1.227
1.20097
1.17458
1.15144
1.13462
1.12632
1.12762
1.13817
1.15612
1.1784
1.20137
1.2216
1.23643
1.24427
1.2445
1.23729
1.22336
1.20373
1.17993
1.15437
1.13046
1.11224
1.10339
1.10587
1.11889
1.13913
1.16181
1.18205
1.19604
1.20167
1.19865
1.18818
1.17248
1.1541
1.13527
1.11756
1.10181
1.08847
1.07793
1.07084
1.06801
1.06998
1.07678
1.08764
1.10098
1.11463
1.12651
1.13546
1.14167
1.14657
1.15171
1.15753
1.16292
1.166
1.16572
1.16292
1.16045
1.16173
1.16908
1.18288
1.20206
1.22489
1.2493
1.2728
1.29245
1.30534
1.30925
1.30332
1.28811
1.26554
1.23843
1.21001
1.18359
1.16199
1.14714
1.13966
1.13903
1.14407
1.1533
1.16484
1.17662
1.18656
1.19303
1.19514
1.19284
1.18681
1.17828
1.16897
1.16081
1.15616
1.15754
1.1667
1.1837
1.2059
1.22845
1.24566
1.25289
1.24764
1.23008
1.20258
1.16914
1.13439
1.10276
1.07779
