0.788952
0.770321
0.746066
0.718939
0.692433
0.66999
0.654487
0.647769
0.650725
0.663213
0.684054
0.711152
0.741891
0.77368
0.804395
0.832505
0.856851
0.876422
0.89039
0.898217
0.899695
0.895197
0.885705
0.872709
0.857949
0.843176
0.829917
0.819206
0.811412
0.806154
0.80229
0.79833
0.792883
0.785344
0.776106
0.766305
0.757276
0.750034
0.744985
0.742024
0.74082
0.74098
0.742205
0.744326
0.747281
0.751141
0.756117
0.762479
0.770421
0.779799
0.789895
0.79945
0.806947
0.810986
0.810838
0.806553
0.799061
0.789894
0.780835
0.773575
0.769275
0.768394
0.77055
0.77459
0.7788
0.781458
0.781158
0.777203
0.769935
0.760774
0.751925
0.745249
0.741232
0.738781
0.735935
0.731111
0.724063
0.716088
0.709723
0.707789
0.712166
0.722751
0.737278
0.752404
0.765151
0.773831
0.778371
0.779904
0.780193
0.780961
0.78341
0.787773
0.793419
0.799177
0.803867
0.806772
0.807762
0.807233
0.805883
0.804277
0.802623
0.80071
0.798088
0.794385
0.78961
0.784227
0.778969
0.774578
0.771421
0.769442
0.768291
0.767568
0.767016
0.766507
0.765844
0.764728
0.762702
0.759349
0.754552
0.748572
0.742103
0.736044
0.731307
0.72881
0.729395
0.733831
0.742532
0.755127
0.770267
0.785987
0.800268
0.811524
0.818855
0.821944
0.820853
0.815976
0.80796
0.797828
0.786954
0.776952
0.769514
0.766286
0.768435
0.776208
0.788713
0.803885
0.81895
0.831163
0.838517
0.84017
0.836521
0.828911
0.819218
0.809068
0.799589
0.791056
0.783234
0.775743
0.76866
0.762924
0.760434
0.763372
0.772853
0.787879
0.805299
0.821087
0.831773
0.835086
0.830172
0.817361
0.797981
0.773988
0.747854
0.722213
0.699768
0.682915
0.673472
0.672193
0.678311
0.689769
0.704035
0.719099
0.734071
0.748959
0.764169
0.780083
0.796706
0.81345
0.828883
0.84112
0.84823
0.848824
0.842458
0.829714
0.812141
0.792026
0.772192
0.755666
0.745176
0.742551
0.748173
0.760779
0.77786
0.79632
0.813274
0.826561
0.834847
0.837637
0.835016
0.827482
0.815766
0.80091
0.784459
0.76842
0.755015
0.746099
0.7426
0.74433
0.750154
0.758408
0.767152
0.774569
0.779336
0.78082
0.779001
0.774421
0.767962
0.760602
0.753281
0.746908
0.74232
0.74025
0.741218
0.745274
0.751906
0.760277
0.769509
0.779006
0.788588
0.798362
0.808467
0.818851
0.829116
0.838367
0.845096
0.847411
0.843553
0.832545
0.814705
0.791651
0.765853
0.74019
0.717413
0.699771
0.688716
0.684714
0.687261
0.695283
0.707564
0.723078
0.740862
0.759798
0.778496
0.795459
0.809487
0.819901
0.826648
0.830318
0.831923
0.832474
0.832644
0.832539
0.831758
0.829664
0.825824
0.82019
0.812945
0.804187
0.793934
0.782586
0.771334
0.76205
0.75661
0.756032
0.759961
0.766742
0.773945
0.779253
0.781133
0.779341
0.774993
0.770117
0.766647
0.765789
0.767913
0.772837
0.779975
0.788352
0.796465
0.802466
0.804836
0.802725
0.796129
0.785695
0.772425
0.75755
0.742563
0.729096
0.718817
0.713168
0.71305
0.71861
0.729186
0.743553
0.760112
0.776926
0.791874
0.802929
0.808685
0.808912
0.804825
0.798747
0.793236
0.790158
0.790073
0.792289
0.795396
0.797996
0.799284
0.799308
0.798993
0.799651
0.802454
0.807755
0.814763
0.821792
0.826676
0.82746
0.823025
0.813661
0.801033
0.787841
0.77681
0.769623
0.766476
0.766573
0.76876
0.772053
0.775615
0.778962
0.781804
0.784037
0.785616
0.786422
0.786507
0.786194
0.78608
0.786652
0.788106
0.790317
0.792815
0.79497
0.796219
0.796252
0.795226
0.793675
0.792345
0.791993
0.793178
0.796113
0.800684
0.806445
0.8128
0.819099
0.824424
0.827452
0.82666
0.820945
0.810038
0.794711
0.776483
0.757143
0.738349
0.7216
0.708181
0.699268
0.695755
0.69789
0.704895
0.715045
0.726115
0.736058
0.743388
0.747298
0.747687
0.745248
0.741494
0.738619
0.739069
0.744851
0.756781
0.773967
0.794062
0.814097
0.831372
0.844052
0.851304
0.853132
0.850121
0.843316
0.833978
0.823353
0.812751
0.803436
0.796658
0.793516
0.794503
0.798784
0.804208
0.807931
0.807483
0.801587
0.790536
0.776072
0.760714
0.747144
0.737425
0.732525
0.732222
0.735412
0.740654
0.746614
0.752263
0.757018
0.760682
0.76349
0.766145
0.769572
0.774667
0.781966
0.791293
0.801651
0.811416
0.818894
0.822712
0.82221
0.817503
0.809337
0.798733
0.786655
0.773799
0.760605
0.747442
0.734791
0.723116
0.712679
0.703502
0.695501
0.688734
0.683648
0.681003
0.681643
0.686237
0.695129
0.708333
0.725574
0.746349
0.769931
0.795338
0.821365
0.846543
0.869332
0.88816
0.9016
0.908572
0.908517
0.901633
0.889119
0.873163
0.856505
0.841628
0.829768
0.820587
0.812472
0.803411
0.791918
0.777501
0.760822
0.743698
0.728775
0.718733
0.715182
0.718014
0.725681
0.736206
0.748077
0.760567
0.773659
0.787684
0.802857
0.818857
0.834696
0.84878
0.859051
0.86353
0.861006
0.851563
0.836819
0.819449
0.802292
0.787493
0.776032
0.767652
0.761266
0.755432
0.748985
0.741495
0.733471
0.726266
0.721698
0.721406
0.726128
0.735163
0.746561
0.757842
0.767045
0.773393
0.7772
0.779413
0.780938
0.782078
0.782564
0.7818
0.779144
0.774258
0.767331
0.75908
0.750535
0.742695
0.736263
0.731794
0.729794
0.730793
0.735406
0.744132
0.756918
0.772864
0.790395
0.807627
0.822893
0.83503
0.843412
0.847945
0.848901
0.846752
0.841989
0.834901
0.825517
0.813794
0.799854
0.784435
0.768989
0.755661
0.746999
0.745125
0.750667
0.762012
0.775558
0.787278
0.794235
0.795434
0.791637
0.784628
0.776244
0.76782
0.76016
0.754042
0.750512
0.750661
0.755238
0.764382
0.777389
0.792584
0.807628
0.82006
0.827971
0.83041
0.827451
0.820018
0.809426
0.796986
0.783721
0.770718
0.75934
0.751134
0.74747
0.748955
0.755158
0.764698
0.775622
0.78583
0.793462
0.797199
0.796475
0.791548
0.783552
0.774385
0.766561
0.762316
0.762749
0.767276
0.773861
0.779916
0.783315
0.783066
0.77928
0.772974
0.76559
0.758807
0.754228
0.753088
0.755957
0.762416
0.771161
0.780365
0.788319
0.793905
0.796647
0.796676
0.794383
0.79031
0.785102
0.779573
0.774696
0.77141
0.770386
0.771622
0.774372
0.777183
0.778375
0.776665
0.77179
0.764684
0.757205
0.751512
0.749351
0.751557
0.757907
0.767314
0.778293
0.789431
0.799817
0.809128
0.817564
0.825447
0.83274
0.838868
0.842822
0.843589
0.840533
0.833652
0.823512
0.811147
0.797856
0.784925
0.773508
0.764297
0.757487
0.75272
0.749311
0.746455
0.74349
0.740263
0.737276
0.735655
0.736749
0.741644
0.750604
0.762958
0.777183
0.791319
0.803525
0.812291
0.816535
0.815708
0.809798
0.799443
0.78608
0.771747
0.75885
0.749696
0.746054
0.749017
0.758697
0.774027
0.792906
0.812809
0.831494
0.847433
0.859768
0.867999
0.871692
0.870404
0.863837
0.852128
0.836008
0.816891
0.796814
0.778208
0.763374
0.753877
0.750016
0.750682
0.753983
0.757887
0.760689
0.761278
0.75918
0.75454
0.747967
0.740394
0.732881
0.726664
0.722956
0.722867
0.727169
0.736082
0.749247
0.765644
0.783756
0.80182
0.818142
0.831157
0.839586
0.842456
0.839442
0.830972
0.818266
0.802934
0.786657
0.770963
0.757084
0.746073
0.738892
0.736471
0.73952
0.74814
0.761499
0.777883
0.795299
0.81199
0.82683
0.839098
0.848116
0.85297
0.852745
0.846846
0.835392
0.81945
0.800994
0.782572
0.766703
0.755283
0.749209
0.74833
0.751646
0.757657
0.764782
0.771876
0.778332
0.78414
0.789534
0.794721
0.799545
0.803572
0.80616
0.806735
0.80523
0.802094
0.798185
0.794269
0.790526
0.786315
0.780568
0.772368
0.761499
0.748557
0.734795
0.7218
0.710906
0.702884
0.697898
0.695785
0.696433
0.69998
0.70673
0.716716
0.72929
0.742973
0.755891
0.766518
0.774346
0.779913
0.784424
0.789313
0.795634
0.803854
0.813609
0.823938
0.833532
0.841021
0.84537
0.845946
0.842481
0.835045
0.824033
0.810149
0.794416
0.778332
0.763744
0.752404
0.745561
0.74372
0.746535
0.75292
0.761183
0.769219
0.775017
0.777291
0.775965
0.772112
0.767633
0.764763
0.765263
0.769994
0.778595
0.78958
0.800887
0.810516
0.817053
0.819919
0.819173
0.815347
0.809169
0.8014
0.792959
0.784899
0.778553
0.775407
0.776762
0.783225
0.794352
0.808612
0.823489
0.835993
0.843281
0.843195
0.834792
0.818601
0.796608
0.771885
0.747958
0.728212
0.715297
0.710807
0.715025
0.72681
0.74373
0.762566
0.779929
0.792859
0.799438
0.799056
0.792327
0.78084
0.766651
0.751952
0.738787
0.72892
0.72371
0.724055
0.730278
0.741987
0.758066
0.776826
0.796259
0.814328
0.829285
0.839774
0.844927
0.844293
0.838037
0.826914
0.812228
0.79565
0.779184
0.764873
0.754545
0.749313
0.749195
0.75323
0.759852
0.767423
0.774473
0.779875
0.782864
0.78301
0.780326
0.775331
0.768986
0.762574
0.757458
0.754968
0.755906
0.760229
0.766913
0.774506
0.781866
0.788507
0.79461
0.800636
0.806984
0.813613
0.819958
0.825092
0.82793
0.827527
0.82316
0.81442
0.801156
0.783666
0.762755
0.739865
0.717057
0.696966
0.68253
0.676504
0.680759
0.695572
0.719312
0.748724
0.779797
0.808479
0.831408
0.846103
0.851105
0.845941
0.831132
0.808076
0.778981
0.746739
0.714729
0.686624
0.666089
0.656327
0.659382
0.675399
0.702244
0.735749
0.770701
0.802125
0.826289
0.841215
0.84664
0.843967
0.835848
0.825478
0.815805
0.808971
0.806052
0.807122
0.811429
0.817452
0.823118
0.826338
0.825465
0.819885
0.809959
0.796854
0.782119
0.767399
0.754366
0.744538
0.739147
0.738851
0.74347
0.751959
0.762644
0.773676
0.783326
0.790442
0.794658
0.796445
0.796899
0.797343
0.798827
0.801727
0.805759
0.810259
0.814555
0.818214
0.82118
0.823637
0.825826
0.827684
0.828851
0.828856
0.827348
0.82424
0.819551
0.813187
0.804823
0.794117
0.780945
0.765834
0.750047
0.735289
0.723285
0.715404
0.712328
0.714126
0.72035
0.730167
0.742554
0.756387
0.770451
0.783565
0.794561
0.802546
0.80718
0.808798
0.80822
0.806269
0.803356
0.799299
0.793701
0.786624
0.778846
0.771741
0.766747
0.764802
0.766011
0.769618
0.774412
0.77906
0.782445
0.783798
0.782868
0.780107
0.776559
0.773505
0.771785
0.771407
0.771503
0.770772
0.768185
0.763595
0.758125
0.754065
0.754127
0.760475
0.773785
0.792873
0.815147
0.837513
0.857033
0.871403
0.879168
0.879744
0.873517
0.861814
0.84644
0.829295
0.812013
0.795742
0.781113
0.768281
0.757196
0.747785
0.740169
0.734593
0.731282
0.730234
0.731238
0.733976
0.738205
0.7439
0.75111
0.759703
0.769246
0.779091
0.788455
0.796549
0.802772
0.806813
0.808777
0.809135
0.808565
0.80758
0.806135
0.803726
0.799713
0.793532
0.785008
0.77438
0.762372
0.750173
0.739453
0.732254
0.730778
0.736709
0.750384
0.77021
0.792707
0.81349
0.828528
0.835264
0.833134
0.823473
0.808895
0.792473
0.776984
0.76439
0.755618
0.750761
0.749484
0.751088
0.754631
0.758937
0.762901
0.765852
0.767857
0.769509
0.771513
0.774363
0.778178
0.783
0.788926
0.795832
0.802997
0.809049
0.812415
0.812106
0.808196
0.801825
0.79479
0.78872
0.784453
0.781839
0.780015
0.77795
0.775061
0.771356
0.767433
0.764107
0.7622
0.762245
0.764424
0.7685
0.774143
0.780927
0.788439
0.796172
0.803398
0.809181
0.812407
0.812084
0.807552
0.798737
0.78618
0.771069
0.755187
0.740707
0.72996
0.724664
0.725384
0.731351
0.740918
0.752146
0.763323
0.773234
0.781133
0.786677
0.78981
0.790792
0.790366
0.789836
0.79064
0.793795
0.799294
0.806063
0.812419
0.816892
0.81866
0.81773
0.814652
0.810222
0.805435
0.801338
0.798874
0.798517
0.79998
0.802106
0.803234
0.801859
0.797184
0.789312
0.779268
0.768555
0.758643
0.750536
0.7445
0.740175
0.736855
0.733968
0.731241
0.728852
0.727477
0.728061
0.731431
0.737978
0.747579
0.759584
0.772976
0.786541
0.799023
0.809326
0.816676
0.820836
0.822085
0.821099
0.818748
0.815982
0.813688
0.81252
0.812775
0.814437
0.817031
0.819714
0.821465
0.821316
0.818391
0.812023
0.801736
0.78733
0.769105
0.748406
0.727699
0.71012
0.698462
0.694041
0.696183
0.702806
0.711546
0.720609
0.729175
0.737183
0.745021
0.753256
0.762314
0.772341
0.783093
0.793899
0.803665
0.811032
0.814742
0.814082
0.809127
0.800908
0.791264
0.782233
0.775339
0.77113
0.769081
0.767954
0.766412
0.763413
0.758422
0.751353
0.742573
0.732881
0.723451
0.715582
0.710452
0.709001
0.711989
0.71988
0.732661
0.749634
0.769326
0.789789
0.808923
0.824924
0.836543
0.843217
0.844964
0.842293
0.835921
0.826599
0.814992
0.801945
0.788961
0.778198
0.771512
0.769243
0.770137
0.772634
0.775868
0.779668
0.784
0.788516
0.792611
0.795547
0.796747
0.795797
0.792612
0.787439
0.781069
0.774797
0.769989
0.767411
0.766731
0.766669
0.765846
0.763795
0.761367
0.760351
0.762522
0.768752
0.778605
0.790747
0.803583
0.815752
0.82624
0.83427
0.839136
0.840076
0.836352
0.827331
0.812725
0.793001
0.770076
0.747848
0.731694
0.725853
0.730638
0.742535
0.757023
0.770799
0.782081
0.790193
0.7952
0.797662
0.798577
0.79901
0.800027
0.802365
0.806418
0.812105
0.818762
0.825036
0.828894
0.828056
0.820598
0.805853
0.784725
0.759667
0.734142
0.71184
0.695997
0.688726
0.690655
0.70096
0.717605
0.738075
0.759867
0.780869
0.799329
0.813909
0.823586
0.827812
0.826522
0.820146
0.80961
0.79607
0.780789
0.764979
0.749756
0.736038
0.724474
0.715501
0.709405
0.706385
0.70645
0.709361
0.714602
0.721586
0.72988
0.739293
0.749871
0.761804
0.775074
0.789266
0.803522
0.816703
0.827706
0.835703
0.840286
0.841301
0.838863
0.83341
0.825763
0.817076
0.808839
0.802544
0.79918
0.798758
0.800331
0.802297
0.803043
0.801441
0.797134
0.790561
0.782822
0.77537
0.76982
0.76736
0.768094
0.770807
0.773444
0.774287
0.772713
0.769361
0.765683
0.763248
0.763215
0.765783
0.770084
0.774558
0.777495
0.777626
0.774466
0.768343
0.76027
0.751578
0.743797
0.738414
0.736575
0.738755
0.744784
0.753963
0.765405
0.778149
0.791113
0.803095
0.812895
0.819474
0.8223
0.821137
0.816185
0.80794
0.797078
0.784588
0.771784
0.760245
0.751676
0.747638
0.749087
0.75584
0.766552
0.779212
0.791856
0.803089
0.812138
0.81858
0.821934
0.821593
0.817242
0.8091
0.798245
0.786413
0.775495
0.766929
0.761432
0.759118
0.759805
0.763318
0.769549
0.778021
0.787661
0.796881
0.80396
0.807704
0.807648
0.803952
0.797155
0.787925
0.777012
0.765239
0.753748
0.744096
0.738039
0.737078
0.741717
0.75104
0.763153
0.775706
0.786683
0.794795
0.799518
0.800973
0.799721
0.796443
0.791699
0.785783
0.778859
0.771122
0.763014
0.755361
0.749405
0.74674
0.74884
0.756303
0.767982
0.781159
0.792814
0.801147
0.806085
0.808879
0.811252
0.814484
0.818976
0.824142
0.828666
0.83093
0.829608
0.823928
0.813798
0.80007
0.784314
0.76842
0.754177
0.743148
0.736781
0.736349
0.742443
0.754416
0.770181
0.786695
0.800821
0.810218
0.813822
0.811831
0.805469
0.796387
0.786242
0.776489
0.768246
0.762253
0.758746
0.757435
0.757628
0.758464
0.759216
0.759677
0.760116
0.760991
0.762675
0.765267
0.768473
0.771707
0.774328
0.77581
0.776011
0.775151
0.773616
0.771689
0.769564
0.767517
0.76604
0.765957
0.768206
0.773459
0.781805
0.792625
0.804495
0.815638
0.82424
0.829015
0.829601
0.826703
0.821898
0.817101
0.813797
0.812352
0.811949
0.810949
0.807805
0.801702
0.792802
0.782334
0.772156
0.764145
0.759594
0.758848
0.761347
0.766003
0.771742
0.777836
0.783925
0.789846
0.795336
0.799994
0.803315
0.805087
0.805668
0.805932
0.806721
0.808096
0.808985
0.80764
0.802454
0.792716
0.779077
0.763374
0.748193
0.73596
0.728044
0.724172
0.722726
0.721674
0.719679
0.716954
0.715307
0.717332
0.725212
0.739577
0.759155
0.781431
0.803527
0.823104
0.838778
0.850016
0.856958
0.860076
0.859921
0.856965
0.851558
0.844081
0.834928
0.824623
0.813779
0.803061
0.793042
0.784297
0.777216
0.771864
0.768025
0.765317
0.763573
0.762983
0.763993
0.767034
0.772208
0.779092
0.786766
0.793989
0.799487
0.80224
0.801592
0.797387
0.790007
0.780307
0.769452
0.758699
0.749125
0.741559
0.736546
0.734428
0.73548
0.739956
0.748054
0.759584
0.773799
0.789303
0.804274
0.816746
0.825022
0.827972
0.825258
0.817453
0.806044
0.793235
0.781627
0.773851
0.771878
0.776374
0.786324
0.799217
0.811762
0.820866
0.824436
0.821709
0.813273
0.800805
0.786548
0.772779
0.761185
0.752432
0.746282
0.742057
0.739238
0.737983
0.739176
0.743856
0.752532
0.764508
0.777778
0.78971
0.798157
0.802167
0.801999
0.798754
0.793719
0.78807
0.782703
0.778199
0.774824
0.772606
0.771443
0.771244
0.772177
0.774522
0.778624
0.784635
0.792221
0.800368
0.807573
0.812187
0.812922
0.809293
0.801805
0.791699
0.78058
0.769944
0.760727
0.753144
0.746901
0.741453
0.736365
0.731638
0.72786
0.726068
0.727585
0.733635
0.744863
0.760772
0.779749
0.799586
0.818078
0.833514
0.844831
0.851515
0.853428
0.850728
0.843711
0.832751
0.818286
0.800955
0.781654
0.761622
0.742298
0.725348
0.712314
0.704309
0.701609
0.703487
0.708487
0.714942
0.721759
0.728587
0.735765
0.74402
0.754044
0.766129
0.779889
0.794395
0.80844
0.821099
0.831966
0.841123
0.848678
0.854261
0.857005
0.855993
0.851013
0.842918
0.83341
0.824435
0.81742
0.81308
0.811389
0.811622
0.812375
0.811821
0.808352
0.801073
0.79
0.776011
0.760534
0.745178
0.731505
0.72074
0.713741
0.710888
0.712031
0.716479
0.723257
0.731241
0.739495
0.747391
0.754597
0.761115
0.76705
0.772664
0.778186
0.78368
0.788831
0.793132
0.796001
0.797044
0.796159
0.793515
0.789553
0.784916
0.780307
0.7762
0.772834
0.770254
0.768313
0.766825
0.765565
0.764341
0.763013
0.761456
0.759617
0.757513
0.755302
0.753236
0.751591
0.750756
0.75115
0.753137
0.75687
0.762053
0.767974
0.773674
0.778562
0.782795
0.787311
0.793353
0.801881
0.813
0.825764
0.83841
0.848697
0.854557
0.854619
0.848617
0.837384
0.822731
0.807028
0.792587
0.781178
0.773476
0.76905
0.766638
0.764763
0.762187
0.758139
0.75245
0.745473
0.738022
0.731154
0.725902
0.722928
0.722566
0.725038
0.730892
0.740834
0.754923
0.771801
0.788834
0.803131
0.81244
0.815643
0.812892
0.805458
0.795457
0.785418
0.777441
0.772733
0.771519
0.77339
0.77773
0.784095
0.792231
0.801872
0.81247
0.823134
0.832681
0.839945
0.843955
0.844049
0.839852
0.831319
0.818652
0.802336
0.783336
0.763129
0.743801
0.7277
0.717107
0.713619
0.717694
0.728531
0.744273
0.762488
0.780716
0.79684
0.809242
0.816877
0.819147
0.816018
0.80809
0.796762
0.784021
0.771956
0.762244
0.755905
0.753261
0.753958
0.757126
0.761597
0.766226
0.770332
0.773809
0.777053
0.78066
0.785066
0.790178
0.795298
0.7992
0.800544
0.798378
0.792571
0.78403
0.774569
0.766414
0.761603
0.761277
0.765376
0.772915
0.782449
0.792436
0.801656
0.809233
0.814517
0.817188
0.817351
0.815726
0.81347
0.811833
0.811566
0.812454
0.813411
0.812906
0.809549
0.802731
0.793009
0.781901
0.771292
0.76277
0.757083
0.75403
0.752829
0.752725
0.753222
0.754212
0.755896
0.758489
0.762067
0.766452
0.771132
0.77538
0.778485
0.780026
0.780014
0.778844
0.77697
0.774791
0.772653
0.771179
0.771207
0.773519
0.778656
0.786715
0.797239
0.809136
0.820715
0.829911
0.834735
0.833668
0.826012
0.812132
0.793545
0.772661
0.752451
0.735696
0.724319
0.718985
0.719138
0.723361
0.729876
0.737089
0.743822
0.749455
0.75393
0.757676
0.761557
0.766666
0.773981
0.784065
0.796829
0.811535
0.826981
0.841701
0.85421
0.863126
0.867308
0.865998
0.8589
0.846383
0.829407
0.809478
0.788533
0.768648
0.751611
0.738642
0.730207
0.726088
0.725668
0.728081
0.732604
0.738919
0.747144
0.757525
0.770225
0.784883
0.800439
0.815282
0.827595
0.835779
0.838788
0.836233
0.828262
0.815501
0.799118
0.780852
0.762853
0.747598
0.737677
0.73544
0.742082
0.756436
0.774939
0.793138
0.80748
0.816178
0.81915
0.817573
0.813169
0.807396
0.800926
0.793879
0.786469
0.779548
0.774414
0.772083
0.772689
0.775273
0.77831
0.780608
0.781695
0.781741
0.780888
0.778834
0.775141
0.769616
0.762477
0.754092
0.744955
0.73586
0.728294
0.724488
0.726817
0.736485
0.752742
0.7731
0.79426
0.813208
0.827871
0.837429
0.842196
0.84353
0.843222
0.842732
0.842345
0.84097
0.836839
0.828485
0.815356
0.798025
0.777938
0.756961
0.737069
0.719983
0.706891
0.698341
0.694189
0.694097
0.698047
0.706559
0.720138
0.738284
0.759031
0.779623
0.797569
0.81123
0.819897
0.823648
0.823074
0.819198
0.813567
0.808199
0.805144
0.805591
0.809184
0.814025
0.817641
0.817909
0.813733
0.805015
0.792482
0.777529
0.761993
0.747771
0.736603
0.729605
0.727139
0.72883
0.733805
0.741004
0.749524
0.758715
0.767951
0.776461
0.783121
0.786819
0.787007
0.784102
0.779467
0.774944
0.772128
0.771704
0.773608
0.777389
0.782648
0.789232
0.797168
0.806448
0.816716
0.82716
0.836503
0.843122
0.845368
0.841965
0.832492
0.81745
0.798336
0.777512
0.757828
0.742146
0.732435
0.729214
0.731476
0.737284
0.74472
0.752506
0.760019
0.766856
0.772362
0.775794
0.776691
0.775143
0.771872
0.767939
0.764425
0.762131
0.761547
0.762928
0.766453
0.772489
0.781436
0.793522
0.808571
0.825822
0.843783
0.860358
0.873149
0.879981
0.879487
0.871471
0.857192
0.839058
0.820095
0.803166
0.790266
0.782339
0.779419
0.780724
0.784832
0.789832
0.793546
0.794072
0.790231
0.781915
0.77004
0.756299
0.742686
0.730863
0.721786
0.715699
0.712463
0.711985
0.714447
0.720212
0.729678
0.742996
0.759788
0.77907
0.799277
0.818444
0.83468
0.846547
0.853272
0.854669
0.85095
0.842335
0.828979
0.811114
0.789547
0.76605
0.743275
0.724059
0.71062
0.703859
0.703296
0.70754
0.714979
0.724326
0.734911
0.746701
0.760065
0.775244
0.791558
0.807008
0.818824
0.824732
0.823734
0.816179
0.803427
0.787582
0.771263
0.75717
0.747569
0.743782
0.746091
0.753929
0.766262
0.781796
0.799071
0.8164
0.832175
0.845113
0.854455
0.860085
0.862231
0.861135
0.856852
0.849009
0.837103
0.820794
0.800291
0.776558
0.751292
0.726715
0.705189
0.688846
0.679235
0.677125
0.68246
0.694527
0.712341
0.734817
0.760689
0.788438
0.816158
0.841665
0.862752
0.877417
0.884343
0.882908
0.873159
0.85571
0.831527
0.802222
0.770353
0.739419
0.713349
0.695275
0.686607
0.686992
0.694915
0.708165
0.724214
0.740551
0.755087
0.766371
0.773725
0.777076
0.776854
0.774119
0.770565
0.768302
0.769244
0.774349
0.783262
0.794625
0.80666
0.817503
0.825227
0.828087
0.824832
0.815033
0.79929
0.779201
0.757268
0.736504
0.719854
0.70963
0.707083
0.712243
0.72421
0.741485
0.762279
0.784648
0.806718
0.82674
0.843394
0.855877
0.863727
0.866697
0.864633
0.857562
0.845873
0.830466
0.812804
0.794477
0.776847
0.760833
0.747004
0.735815
0.727824
0.723793
0.724355
0.729432
0.738026
0.748494
0.759373
0.769827
0.779419
0.787695
0.793911
0.797173
0.796674
0.792014
0.78324
0.771003
0.756621
0.742095
0.730009
0.723003
0.722795
0.7294
0.741085
0.755081
0.768495
0.779214
0.786244
0.789753
0.790718
0.790506
0.790392
0.791132
0.792874
0.795211
0.797418
0.798653
0.798136
0.795405
0.790542
0.784304
0.778039
0.773403
0.771831
0.774058
0.779787
0.787906
0.796755
0.804481
0.809355
0.810103
0.806152
0.797747
0.785974
0.772512
0.75935
0.748402
0.741325
0.739411
0.743315
0.752768
0.766429
0.782174
0.797521
0.810135
0.818146
0.820418
0.816618
0.807503
0.794731
0.780582
0.76735
0.75674
0.749651
0.746373
0.747209
0.752734
0.763584
0.779882
0.800596
0.823474
0.845536
0.863808
0.876103
0.881351
0.879735
0.872257
0.86016
0.844404
0.825703
0.804681
0.782245
0.759802
0.739282
0.722689
0.711501
0.706311
0.706771
0.711917
0.72066
0.73209
0.745397
0.759667
0.773631
0.785633
0.793855
0.796873
0.7941
0.786018
0.77404
0.760292
0.747102
0.736556
0.730088
0.728489
0.731847
0.739624
0.750718
0.763614
0.776656
0.788372
0.797694
0.804269
0.808384
0.810738
0.811959
0.812057
0.810414
0.806159
0.798714
0.788191
0.775571
0.762437
0.750474
0.740907
0.734258
0.730524
0.729551
0.731337
0.735998
0.743301
0.752616
0.762842
0.772691
0.780999
0.786856
0.789684
0.78911
0.785114
0.778113
0.768966
0.758979
0.749564
0.742058
0.737517
0.736619
0.739721
0.747026
0.758492
0.77371
0.791864
0.811674
0.831451
0.849264
0.863224
0.871902
0.874786
0.872483
0.866703
0.859624
0.853165
0.848157
0.844162
0.839888
0.833801
0.824798
0.812472
0.79706
0.779327
0.760349
0.74131
0.72329
0.707234
0.693975
0.684441
0.679765
0.681197
0.689654
0.705186
0.726474
0.750833
0.774882
0.795457
0.810321
0.818461
0.820093
0.816291
0.808739
0.799372
0.79003
0.782225
0.776803
0.773841
0.772851
0.773108
0.773962
0.774982
0.775876
0.776402
0.776351
0.775683
0.774653
0.773734
0.773383
0.773714
0.774464
0.775143
0.775392
0.775305
0.775348
0.776108
0.7779
0.780447
0.782982
0.784561
0.78451
0.782566
0.778979
0.774398
0.769728
0.765816
0.763255
0.762238
0.762666
0.764242
0.766713
0.769854
0.773522
0.777438
0.781152
0.78393
0.784923
0.783399
0.779207
0.772957
0.765974
0.759964
0.756501
0.756571
0.760417
0.76766
0.77768
0.789719
0.802996
0.816573
0.829281
0.839847
0.847074
0.849989
0.848068
0.841388
0.830515
0.816462
0.800479
0.783979
0.768447
0.755481
0.746521
0.742529
0.743482
0.748239
0.754924
0.76162
0.767035
0.770683
0.772764
0.773743
0.77393
0.773353
0.771717
0.768775
0.764561
0.759681
0.755182
0.752224
0.75172
0.754078
0.75898
0.765475
0.77239
0.778694
0.783745
0.787404
0.789966
0.791962
0.794043
0.796886
0.800824
0.805704
0.810868
0.815383
0.81858
0.820376
0.821126
0.821383
0.821565
0.821796
0.821871
0.821304
0.819456
0.815799
0.810175
0.802864
0.794474
0.785723
0.77727
0.769614
0.763051
0.757868
0.754443
0.752987
0.753465
0.755478
0.758418
0.761608
0.764652
0.76755
0.770634
0.774302
0.77886
0.784409
0.790799
0.79753
0.803694
0.807991
0.809129
0.806428
0.800358
0.792658
0.785812
0.781998
0.782023
0.784976
0.788595
0.790306
0.788313
0.781902
0.771735
0.759444
0.747211
0.737199
0.731055
0.72957
0.732705
0.739719
0.749489
0.760967
0.773364
0.786131
0.798801
0.810676
0.820965
0.829138
0.835152
0.839498
0.842525
0.844143
0.844084
0.842347
0.839204
0.834722
0.828537
0.819975
0.808645
0.794925
0.780142
0.766263
0.755143
0.747736
0.743665
0.741559
0.739788
0.737179
0.733255
0.728266
0.722849
0.717866
0.714267
0.713076
0.715286
0.721676
0.732415
0.746814
0.763355
0.780144
0.795439
0.807978
0.817017
0.822305
0.823976
0.822484
0.818582
0.813166
0.807007
0.800634
0.794162
0.787513
0.780664
0.773852
0.767695
0.763187
0.761539
0.764054
0.771651
0.78444
0.801268
0.819628
0.836294
0.848132
0.852981
0.850095
0.839997
0.824188
0.804663
0.783397
0.762162
0.742382
0.725385
0.712567
0.70545
0.705201
0.711906
0.724255
0.739911
0.756484
0.772206
0.78613
0.797919
0.807468
0.814635
0.818966
0.81978
0.816431
0.808748
0.797418
0.783973
0.770441
0.758889
0.750946
0.747367
0.747937
0.751631
0.756977
0.76256
0.767359
0.770787
0.772702
0.773334
0.773152
0.772978
0.773743
0.776038
0.779703
0.783965
0.788107
0.792046
0.796023
0.800043
0.803605
0.805929
0.806464
0.805347
0.803495
0.802134
0.802235
0.803826
0.806001
0.807567
0.807685
0.805984
0.802423
0.796959
0.789499
0.780121
0.769465
0.758815
0.749909
0.74451
0.743971
0.748878
0.758631
0.771561
0.785178
0.796879
0.804755
0.808007
0.806891
0.802546
0.796515
0.790237
0.784655
0.780204
0.776789
0.774129
0.772004
0.770327
0.769125
0.768492
0.768439
0.768912
0.770023
0.772139
0.775855
0.781722
0.789827
0.799339
0.808616
0.815712
0.818984
0.81771
0.812392
0.804584
0.796424
0.78989
0.786151
0.785303
0.786722
0.789385
0.792171
0.793897
0.793443
0.78981
0.782496
0.771634
0.758298
0.74446
0.732581
0.724777
0.722015
0.72387
0.728861
0.73529
0.741867
0.747945
0.753286
0.757864
0.76178
0.765133
0.767969
0.770207
0.771616
0.771837
0.770618
0.767865
0.763722
0.758573
0.752868
0.747018
0.741541
0.73706
0.734382
0.734333
0.737554
0.744368
0.75484
0.768675
0.785363
0.803993
0.82315
0.840974
0.855555
0.865259
0.869126
0.867068
0.859885
0.849177
0.83695
0.825141
0.815148
0.807554
0.802118
0.797943
0.793875
0.78893
0.782485
0.774338
0.764699
0.754057
0.743045
0.732566
0.723685
0.717599
0.715378
0.717688
0.724584
0.73551
0.749418
0.765089
0.781225
0.796504
0.80983
0.820555
0.828724
0.834954
0.839947
0.843783
0.845663
0.844174
0.838055
0.826755
0.810914
0.792059
0.772255
0.753589
0.737746
0.725761
0.718154
0.714879
0.71533
0.71851
0.723195
0.728353
0.733361
0.737937
0.741987
0.74549
0.748375
0.750517
0.751801
0.752249
0.752161
0.752198
0.753327
0.756616
0.762924
0.772521
0.784915
0.79883
0.812512
0.824121
0.832124
0.835649
0.83452
0.829245
0.821017
0.811434
0.802372
0.79542
0.791521
0.790723
0.792267
0.794888
0.797305
0.798608
0.798533
0.797379
0.795663
0.793811
0.791794
0.789394
0.786368
0.782659
0.778481
0.774103
0.76982
0.765854
0.762378
0.759537
0.757543
0.75669
0.75724
0.759319
0.76275
0.767052
0.771672
0.776358
0.781212
0.786664
0.793154
0.800987
0.810056
0.819787
0.829096
0.836562
0.840587
0.840006
0.834569
0.825239
0.813935
0.802748
0.793078
0.785269
0.778784
0.772889
0.767155
0.761584
0.756399
0.751805
0.747727
0.743914
0.74005
0.735876
0.731359
0.726742
0.722661
0.720055
0.719996
0.723314
0.730299
0.740448
0.752619
0.765317
0.776964
0.786166
0.791959
0.794011
0.792652
0.788807
0.783633
0.778168
0.773266
0.769533
0.767666
0.76836
0.772198
0.779431
0.789667
0.801861
0.814484
0.825865
0.834402
0.83896
0.839099
0.835078
0.827995
0.8195
0.81129
0.804538
0.799402
0.794891
0.789213
0.780509
0.76783
0.751906
0.735241
0.721243
0.712549
0.710093
0.713499
0.721991
0.734763
0.750904
0.769321
0.788744
0.807919
0.825499
0.839912
0.849333
0.851985
0.84676
0.833997
0.815587
0.794799
0.775228
0.759571
0.74882
0.742375
0.738625
0.735783
0.73243
0.727838
0.72197
0.71542
0.708999
0.703594
0.699979
0.698958
0.701546
0.708772
0.721328
0.739141
0.761053
0.784915
0.807939
0.827455
0.841466
0.849166
0.851012
0.848636
0.844368
0.840701
0.839454
0.841226
0.845223
0.849725
0.852691
0.852421
0.847861
0.838748
0.825508
0.809201
0.791262
0.773362
0.757055
0.743729
0.734541
0.730391
0.731756
0.7386
0.750197
0.765209
0.78184
0.798
0.811593
0.820808
0.824404
0.821965
0.813977
0.80173
0.786932
0.771346
0.75654
0.743795
0.734121
0.728196
0.72636
0.728541
0.734304
0.742718
0.752449
0.76199
0.76996
0.775373
0.777728
0.776972
0.773292
0.767206
0.759541
0.751462
0.74445
0.739881
0.738934
0.742193
0.749502
0.759908
0.771745
0.783033
0.791881
0.79686
0.797358
0.793603
0.786529
0.777458
0.767957
0.759577
0.753647
0.751079
0.752197
0.756681
0.763701
0.772132
0.780819
0.78894
0.796092
0.802362
0.808179
0.814059
0.820377
0.827091
0.833697
0.839354
0.843182
0.844494
0.843057
0.839101
0.833352
0.826787
0.820382
0.814622
0.809397
0.804096
0.797926
0.790426
0.78165
0.772097
0.762432
0.753353
0.745459
0.739374
0.735794
0.735229
0.737738
0.742659
0.748731
0.754568
0.759265
0.762662
0.765365
0.768389
0.772781
0.779279
0.787954
0.798202
0.808839
0.818361
0.825445
0.829263
0.829571
0.82647
0.820241
0.811166
0.799694
0.78684
0.774115
0.763209
0.755483
0.751616
0.751567
0.754726
0.760089
0.766272
0.771769
0.775419
0.776855
0.776679
0.775851
0.774957
0.77393
0.772498
0.770809
0.769576
0.769757
0.772016
0.776248
0.781489
0.786217
0.788969
0.789187
0.787552
0.785838
0.786039
0.789513
0.79624
0.804966
0.813781
0.820846
0.824751
0.824802
0.821156
0.814684
0.806656
0.798281
0.790424
0.783483
0.777629
0.772947
0.769668
0.768192
0.768968
0.772224
0.777758
0.784727
0.791922
0.798109
0.802386
0.80408
0.802581
0.797289
0.787919
0.775058
0.760493
0.747068
0.737879
0.735168
0.739378
0.749235
0.762533
0.777173
0.791739
0.80532
0.817137
0.826282
0.831908
0.833475
0.83088
0.824306
0.814039
0.800308
0.783477
0.764426
0.744887
0.727455
0.714966
0.709618
0.712362
0.722643
0.7388
0.758518
0.779224
0.798385
0.813927
0.824615
0.830141
0.831075
0.82851
0.823799
0.818199
0.812518
0.807055
0.801714
0.796009
0.7893
0.781147
0.771457
0.760672
0.74972
0.739915
0.732444
0.728079
0.727105
0.72942
0.734645
0.742109
0.750897
0.759922
0.768052
0.774473
0.778808
0.781178
0.782131
0.782507
0.783269
0.785259
0.788825
0.793692
0.799124
0.804222
0.808351
0.811167
0.812592
0.812506
0.810671
0.806778
0.800563
0.792188
0.78257
0.77333
0.76636
0.763049
0.76353
0.766662
0.770596
0.77362
0.774701
0.773423
0.769889
0.764233
0.756947
0.74917
0.742514
0.738655
0.738714
0.742799
0.750127
0.759607
0.770388
0.7821
0.794707
0.808099
0.821717
0.83437
0.844468
0.85038
0.850871
0.845415
0.834239
0.818406
0.799808
0.780946
0.764581
0.753014
0.747509
0.748035
0.753617
0.762946
0.77474
0.787674
0.800118
0.810131
0.81612
0.817606
0.815301
0.810669
0.805236
0.800087
0.795856
0.792686
0.790409
0.788636
0.78689
0.784665
0.781703
0.778074
0.774246
0.770772
0.768134
0.766638
0.766358
0.767227
0.769059
0.771505
0.774104
0.776337
0.77757
0.777162
0.774659
0.769989
0.763626
0.756568
0.750038
0.745028
0.741931
0.74035
0.7394
0.738128
0.73591
0.732713
0.729006
0.725569
0.723196
0.722589
0.724318
0.728786
0.736182
0.746256
0.758278
0.771163
0.78378
0.795161
0.804806
0.812576
0.818605
0.823082
0.826164
0.827907
0.828329
0.827422
0.825191
0.821742
0.817392
0.81254
0.807358
0.801621
0.794878
0.786965
0.778316
0.77017
0.764179
0.761777
0.763499
0.768552
0.775259
0.781804
0.786975
0.790281
0.791893
0.792343
0.792152
0.791646
0.790928
0.789861
0.78809
0.785294
0.781264
0.77601
0.76987
0.763307
0.756801
0.75075
0.745628
0.742061
0.740812
0.742553
0.747519
0.755296
0.764873
0.774831
0.783791
0.790746
0.795299
0.797631
0.798245
0.797636
0.796058
0.793446
0.789651
0.784746
0.77911
0.7733
0.767909
0.763425
0.76019
0.758441
0.75812
0.758839
0.759973
0.761147
0.762324
0.763885
0.766327
0.769908
0.774454
0.779184
0.782986
0.7848
0.784194
0.781709
0.779003
0.778413
0.781838
0.78967
0.800597
0.812078
0.821444
0.826611
0.826528
0.821126
0.811286
0.798578
0.785064
0.772992
0.764418
0.760636
0.761775
0.766926
0.774532
0.782929
0.790785
0.797406
0.802651
0.80671
0.809881
0.812309
0.81374
0.813753
0.812004
0.80839
0.803078
0.796615
0.789789
0.783496
0.778503
0.77527
0.773864
0.773752
0.773998
0.77347
0.771135
0.766263
0.758663
0.748771
0.737627
0.726721
0.717786
0.712531
0.712435
0.718398
0.730491
0.747779
0.768349
0.789628
0.808869
0.823734
0.832566
0.834599
0.829885
0.819155
0.80387
0.786034
0.768216
0.753126
0.743384
0.740831
0.745853
0.756979
0.771298
0.785513
0.796968
0.804168
0.806606
0.804559
0.798914
0.790963
0.782549
0.775825
0.772743
0.774277
0.779921
0.787601
0.794499
0.798075
0.796895
0.791076
0.782165
0.772467
0.764457
0.760122
0.760563
0.766018
0.776119
0.790007
0.806578
0.824441
0.841768
0.856527
0.866803
0.871312
0.869728
0.862472
0.850439
0.834618
0.815741
0.79449
0.771777
0.749294
0.729609
0.715563
0.70878
0.708821
0.713328
0.719232
0.724076
0.726769
0.727428
0.726916
0.72626
0.726484
0.728413
0.73263
0.739433
0.748644
0.759496
0.770682
0.780641
0.788045
0.792179
0.793018
0.790919
0.786497
0.780484
0.77364
0.766823
0.76102
0.757314
0.756652
0.759586
0.765966
0.77503
0.785493
0.79597
0.805117
0.81167
0.814427
0.812366
0.805051
0.793088
0.778162
0.762911
0.750292
0.742698
0.741321
0.746017
0.755801
0.76943
0.785809
0.803881
0.822437
0.839843
0.854041
0.863075
0.865652
0.861539
0.851701
0.838027
0.822957
0.808828
0.797391
0.789402
0.784345
0.780601
0.775832
0.767845
0.755499
0.739718
0.723595
0.711364
0.706508
0.710623
0.723256
0.7421
0.763669
0.784312
0.801118
0.812172
0.816352
0.813231
0.802965
0.786705
0.766881
0.747224
0.732205
0.725869
0.730342
0.74495
0.766684
0.791426
0.815177
0.834861
0.848398
0.854939
0.854797
0.849174
0.839628
0.827391
0.813129
0.797236
0.780339
0.763862
0.749675
0.739431
0.733917
0.732946
0.735704
0.74131
0.749044
0.758208
0.76795
0.777229
0.784897
0.789919
0.791761
0.790644
0.787665
0.784599
0.783278
0.784818
0.789094
0.794734
0.79977
0.802407
0.801444
0.796462
0.78772
0.775906
0.762116
0.747676
0.734053
0.722737
0.71524
0.712854
0.716418
0.725945
0.740493
0.758305
0.777158
0.794849
0.809651
0.820616
0.827656
0.831236
0.831986
0.830465
0.826896
0.82127
0.81357
0.804147
0.794012
0.784692
0.777828
0.774627
0.775471
0.779972
0.787269
0.796455
0.806678
0.81722
0.827421
0.836578
0.843864
0.84836
0.849164
0.845552
0.837423
0.825777
0.812549
0.79984
0.788901
0.779945
0.772394
0.765046
0.756487
0.745862
0.733776
0.722424
0.714639
0.712589
0.716819
0.726158
0.738383
0.751067
0.762263
0.770606
0.775378
0.776573
0.774998
0.772393
0.77102
0.77281
0.77842
0.786928
0.796281
0.804144
0.808535
0.808316
0.803377
0.794588
0.78342
0.771478
0.759855
0.748888
0.73822
0.727422
0.716636
0.706963
0.700315
0.698739
0.703509
0.714437
0.729863
0.747185
0.763692
0.777458
0.787615
0.794328
0.798403
0.800862
0.802558
0.80389
0.804909
0.805367
0.805005
0.80395
0.802859
0.802734
0.80455
0.808809
0.815114
0.821999
0.827177
0.82819
0.823325
0.812257
0.796303
0.778161
0.761095
0.74814
0.741399
0.741734
0.748697
0.760811
0.77603
0.792133
0.807154
0.819686
0.828869
0.834366
0.836129
0.834048
0.827736
0.816953
0.801975
0.783978
0.764827
0.74669
0.731486
0.720481
0.714177
0.712429
0.714586
0.719662
0.726531
0.734107
0.741554
0.748486
0.755015
0.761739
0.769339
0.778199
0.78818
0.79859
0.808292
0.816119
0.821148
0.823028
0.82207
0.819096
0.815017
0.810414
0.805498
0.800448
0.79582
0.792623
0.791875
0.794076
0.7987
0.804394
0.809547
0.812849
0.813624
0.811781
0.807665
0.801769
0.79456
0.786319
0.777282
0.7677
0.758077
0.749288
0.742279
0.737819
0.73621
0.737402
0.741253
0.747723
0.756892
0.76872
0.782712
0.797651
0.811776
0.823164
0.830208
0.831822
0.827577
0.817855
0.803822
0.787196
0.769954
0.75407
0.741248
0.733029
0.73079
0.735503
0.747446
0.765722
0.788044
0.811207
0.831879
0.847521
0.857031
0.860588
0.8592
0.853998
0.84569
0.834598
0.820792
0.804422
0.786118
0.767119
0.749151
0.734062
0.72323
0.716959
0.714345
0.713867
0.714143
0.714481
0.714919
0.716157
0.719275
0.725405
0.735331
0.749154
0.765966
0.784021
0.800996
0.814538
0.822895
0.825318
0.822102
0.814332
0.803414
0.790775
0.77775
0.765606
0.755627
0.748981
0.74663
0.749302
0.757376
0.770681
0.788371
0.808891
0.829996
0.849039
0.863544
0.871918
0.873831
0.870048
0.861865
0.850622
0.837531
0.823647
0.809835
0.796732
0.784711
0.773957
0.764613
0.757009
0.751748
0.749503
0.750638
0.75508
0.762354
0.771586
0.781455
0.790393
0.796819
0.799731
0.799142
0.796063
0.792083
0.788812
0.787305
0.787755
0.789469
0.79123
0.7917
0.78978
0.784869
0.776989
0.766891
0.755801
0.744979
0.735351
0.727705
0.723064
0.722776
0.727955
0.738633
0.753408
0.769835
0.785259
0.797652
0.805828
0.809329
0.808195
0.802768
0.79371
0.782068
0.769357
0.757526
0.74863
0.744465
0.746018
0.753226
0.765126
0.780201
0.796735
0.813083
0.827762
0.839572
0.847691
0.851597
0.851215
0.846803
0.838889
0.828144
0.815312
0.801225
0.786831
0.773187
0.761481
0.752762
0.747728
0.746378
0.748049
0.751631
0.755842
0.759575
0.762224
0.763725
0.764527
0.765248
0.766401
0.76825
0.770691
0.773395
0.775966
0.778146
0.77988
0.781217
0.782041
0.781856
0.779729
0.774751
0.766594
0.755936
0.74436
0.733885
0.726372
0.723095
0.724671
0.73123
0.742508
0.75774
0.775639
0.794498
0.81242
0.82763
0.83863
0.844351
0.844149
0.838061
0.826809
0.811916
0.795406
0.779262
0.765114
0.75399
0.746405
0.742479
0.742207
0.745562
0.752387
0.762257
0.774466
0.788123
0.802324
0.816257
0.829136
0.840103
0.848298
0.853201
0.854837
0.853765
0.850888
0.84699
0.842577
0.837588
0.83142
0.823182
0.812518
0.800572
0.790375
0.785079
0.785082
0.787526
0.788984
0.787728
0.783917
0.778622
0.772944
0.767779
0.763762
0.761401
0.761074
0.762973
0.767029
0.772857
0.779537
0.785714
0.78978
0.790284
0.786414
0.778133
0.766258
0.752219
0.737774
0.724539
0.713672
0.705839
0.701477
0.701063
0.705067
0.713579
0.725859
0.740215
0.754297
0.765763
0.773181
0.776668
0.778024
0.779606
0.782887
0.787676
0.792791
0.796956
0.799377
0.799839
0.798635
0.796455
0.794272
0.793019
0.793217
0.794694
0.796534
0.797304
0.79549
0.790017
0.780682
0.768312
0.754528
0.741226
0.729932
0.721591
0.716728
0.715648
0.71852
0.725358
0.735686
0.748467
0.762424
0.776535
0.790305
0.803839
0.817317
0.830389
0.841929
0.850181
0.853382
0.850389
0.841202
0.827174
0.810878
0.795678
0.784852
0.780625
0.783578
0.792493
0.805049
0.818636
0.830865
0.8398
0.843775
0.841506
0.832229
0.816109
0.794417
0.769371
0.743649
0.719858
0.700218
0.686445
0.679727
0.68058
0.688573
0.702223
0.719091
0.736151
0.750536
0.760149
0.764324
0.763994
0.761225
0.758439
0.757425
0.75891
0.762681
0.76803
0.774209
0.780885
0.788203
0.796652
0.806763
0.818666
0.831747
0.844666
0.855715
0.863285
0.866347
0.864717
0.858873
0.849721
0.838348
0.825814
0.813195
0.801354
0.790853
0.781816
0.773843
0.766453
0.759566
0.753688
0.749897
0.749112
0.751392
0.755867
0.761219
0.766195
0.769836
0.771446
0.770652
0.767534
0.762753
0.757444
0.753054
0.750876
0.751753
0.755875
0.762873
0.772155
0.783148
0.795356
0.808152
0.820468
0.830687
0.836841
0.837212
0.830803
0.817436
0.797912
0.773918
0.747714
0.721913
0.699189
0.681911
0.671848
0.670016
0.676658
0.691205
0.712183
0.737261
0.763479
0.78792
0.808466
0.824024
0.834288
0.839352
0.839281
0.833944
0.82327
0.807709
0.788599
0.768275
0.749645
0.735509
0.727961
0.728088
0.736027
0.750881
0.770665
0.792354
0.812634
0.82845
0.837682
0.839564
0.834815
0.82549
0.814338
0.804032
0.796324
0.79192
0.79072
0.792246
0.795916
0.801151
0.80717
0.812905
0.81717
0.819026
0.817781
0.813202
0.805536
0.795518
0.784288
0.773237
0.76374
0.756777
0.752734
0.751538
0.752718
0.755656
0.759735
0.764309
0.768707
0.772353
0.774888
0.776287
0.776729
0.776386
0.775297
0.77323
0.769729
0.764308
0.756893
0.748129
0.739497
0.733028
0.730732
0.733897
0.742786
0.756694
0.774291
0.794059
0.814525
0.83428
0.851799
0.865339
0.873097
0.873543
0.865843
0.850235
0.828091
0.801937
0.774975
0.750465
0.730915
0.71759
0.710637
0.709509
0.713479
0.721768
0.733636
0.748255
0.764506
0.780959
0.796019
0.808444
0.817675
0.823859
0.827481
0.828832
0.827831
0.824144
0.817461
0.807784
0.795553
0.781615
0.767118
0.753132
0.740461
0.729538
0.720638
0.714104
0.710655
0.711379
0.717352
0.729115
0.746047
0.766315
0.787149
0.80553
0.819036
0.826295
0.827207
0.822756
0.814748
0.805305
0.796494
0.789874
0.786093
0.784912
0.785473
0.786844
0.788333
0.789537
0.790129
0.789897
0.788724
0.786716
0.784238
0.781903
0.780318
0.779933
0.780804
0.782469
0.784101
0.784667
0.783453
0.780359
0.775892
0.770834
0.765868
0.761268
0.757061
0.753389
0.750843
0.750466
0.753323
0.76004
0.77037
0.78326
0.79712
0.810245
0.821041
0.828085
0.830459
0.827845
0.820551
0.809402
0.795408
0.779814
0.764261
0.750944
0.742277
0.740181
0.745398
0.757099
0.773041
0.790318
0.805979
0.81771
0.824254
0.825387
0.821846
0.814904
0.806169
0.797217
0.789528
0.784232
0.781951
0.782547
0.785154
0.788427
0.790997
0.791956
0.791201
0.789272
0.786995
0.785018
0.78355
0.782339
0.780834
0.778456
0.7747
0.769201
0.761609
0.751922
0.740809
0.72978
0.721065
0.717007
0.719213
0.728022
0.742497
0.760791
0.780668
0.800008
0.817019
0.830327
0.839015
0.842749
0.841758
0.836912
0.829578
0.821391
0.813928
0.808267
0.804671
0.802626
0.801228
0.799536
0.796842
0.79271
0.787107
0.780343
0.772989
0.765744
0.759275
0.753917
0.749644
0.746022
0.74231
0.737783
0.732113
0.725716
0.719841
0.716412
0.717486
0.724602
0.7381
0.756835
0.778465
0.80003
0.818597
0.831802
0.838293
0.837901
0.831385
0.819968
0.804882
0.787266
0.768664
0.751455
0.738618
0.732749
0.734932
0.744365
0.758947
0.776127
0.793523
0.809229
0.821954
0.831133
0.836642
0.8386
0.837084
0.83206
0.823683
0.812456
0.799217
0.784976
0.770657
0.756859
0.743915
0.732012
0.721478
0.712922
0.707224
0.705276
0.707761
0.714904
0.726259
0.740754
0.75687
0.773068
0.788049
0.800871
0.811018
0.818479
0.823557
0.826729
0.828454
0.829006
0.828352
0.826307
0.822666
0.817248
0.810133
0.801644
0.792399
0.78327
0.775339
0.769748
0.767278
0.768074
0.771609
0.776865
0.782726
0.788093
0.792042
0.793939
0.793521
0.790934
0.786579
0.7811
0.775355
0.77012
0.765869
0.762649
0.76001
0.757472
0.754943
0.752817
0.751553
0.751273
0.751663
0.752203
0.752465
0.752232
0.751562
0.7508
0.750522
0.751367
0.753938
0.758671
0.765483
0.773723
0.782109
0.789049
0.79327
0.794162
0.791961
0.787561
0.782187
0.777006
0.772874
0.770101
0.768546
0.767786
0.767286
0.766564
0.765181
0.762767
0.759056
0.753899
0.747451
0.740347
0.733776
0.729261
0.728239
0.731772
0.740332
0.753606
0.770292
0.788302
0.805277
0.81936
0.82974
0.836631
0.840787
0.842737
0.842316
0.838618
0.830543
0.817378
0.799178
0.776924
0.752489
0.728395
0.707553
0.692742
0.686105
0.688698
0.700128
0.718633
0.741419
0.765267
0.787217
0.804976
0.817229
0.82368
0.82485
0.821843
0.815977
0.808456
0.800308
0.792594
0.786632
0.783986
0.785997
0.793126
0.804653
0.818674
0.832519
0.843608
0.850116
0.851338
0.84771
0.840391
0.830622
0.819117
0.806095
0.791748
0.776767
0.762329
0.749649
0.739483
0.731948
0.726712
0.723253
0.721245
0.720598
0.721484
0.724082
0.728382
0.733986
0.740247
0.746468
0.752144
0.756803
0.759785
0.760245
0.757555
0.751812
0.744009
0.735712
0.728705
0.724749
0.725245
0.730992
0.74204
0.757623
0.776451
0.797077
0.818232
0.838622
0.856723
0.870817
0.879464
0.882138
0.879681
0.874061
0.867611
0.862056
0.858168
0.855806
0.854166
0.852016
0.848055
0.841282
0.831233
0.818227
0.803339
0.788264
0.774876
0.764777
0.758849
0.757069
0.758634
0.762286
0.766688
0.77068
0.773359
0.774155
0.772868
0.769564
0.764498
0.758033
0.750647
0.743084
0.736482
0.73238
0.732023
0.735457
0.741217
0.747126
0.751595
0.754241
0.7555
0.756044
0.756214
0.755929
0.755023
0.753619
0.752368
0.752365
0.754671
0.759744
0.767004
0.775161
0.782744
0.788726
0.792808
0.795383
0.797171
0.798612
0.7997
0.800098
0.799521
0.797874
0.795176
0.791523
0.787297
0.783346
0.780863
0.780717
0.782957
0.786809
0.790989
0.794318
0.796066
0.795966
0.794243
0.791544
0.788979
0.787947
0.789662
0.794727
0.80264
0.811884
0.820211
0.825345
0.825565
0.820124
0.809398
0.794635
0.777771
0.761085
0.746828
0.736784
0.731894
0.732139
0.736811
0.744867
0.755076
0.7663
0.777508
0.787886
0.796734
0.803316
0.806898
0.807175
0.804655
0.800824
0.79761
0.796649
0.798551
0.802702
0.807558
0.811382
0.812894
0.811685
0.808306
0.803851
0.799385
0.795469
0.791979
0.788394
0.784292
0.779802
0.77579
0.773524
0.773928
0.776943
0.781485
0.785973
0.788958
0.78951
0.787154
0.781707
0.773282
0.762299
0.749648
0.736761
0.725292
0.716674
0.711661
0.710231
0.712038
0.716853
0.724872
0.736432
0.751398
0.768639
0.785947
0.800816
0.811202
0.815999
0.815078
0.809226
0.800064
0.789727
0.780521
0.774514
0.773051
0.776499
0.784277
0.795105
0.807336
0.819396
0.830117
0.838915
0.845846
0.851267
0.855365
0.857824
0.857839
0.854429
0.846738
0.834248
0.816875
0.795274
0.771116
0.747079
0.726436
0.71222
0.706421
0.709471
0.720176
0.735967
0.753677
0.770172
0.782975
0.790763
0.79352
0.792463
0.789469
0.786119
0.782998
0.779613
0.774994
0.768481
0.760256
0.751424
0.743837
0.73948
0.739946
0.745882
0.756817
0.771154
0.786486
0.800161
0.809863
0.814072
0.812236
0.804841
0.793165
0.779105
0.764909
0.753011
0.745731
0.744694
0.750211
0.76083
0.773785
0.78596
0.794994
0.799831
0.800564
0.797939
0.792923
0.786441
0.779382
0.772789
0.767832
0.765589
0.766663
0.770667
0.776256
0.781519
0.784454
0.783686
0.778987
0.771438
0.763191
0.756711
0.753846
0.755103
0.75959
0.765646
0.771621
0.776271
0.778754
0.778652
0.776177
0.772205
0.7682
0.765843
0.766628
0.771443
0.780414
0.792996
0.808187
0.824752
0.84144
0.857199
0.871193
0.882684
0.890919
0.895086
0.894512
0.88866
0.877403
0.861014
0.840061
0.815488
0.788621
0.761185
0.735207
0.71282
0.695704
0.684819
0.680279
0.681551
0.687909
0.698726
0.713346
0.730889
0.74984
0.768148
0.783543
0.794215
0.799219
0.798699
0.793773
0.786229
0.778045
0.771113
0.766939
0.766533
0.770106
0.77706
0.786133
0.795841
0.804901
0.812385
0.817646
0.820261
0.820028
0.81704
0.811778
0.805102
0.798196
0.79231
0.788394
0.786666
0.786723
0.787765
0.789025
0.78989
0.789869
0.788548
0.78559
0.781231
0.776516
0.773215
0.773246
0.777943
0.78746
0.800789
0.816138
0.831519
0.845138
0.855586
0.861801
0.863081
0.859245
0.850802
0.838846
0.824662
0.80921
0.792777
0.775288
0.75679
0.737961
0.72003
0.704544
0.692843
0.685757
0.683465
0.685685
0.691852
0.701232
0.712859
0.725641
0.738639
0.751354
0.763808
0.776288
0.788996
0.801638
0.813175
0.822081
0.82686
0.82659
0.821331
0.812086
0.800556
0.788695
0.778337
0.770958
0.767752
0.769457
0.77616
0.78704
0.800304
0.813707
0.825037
0.832446
0.834712
0.831372
0.822953
0.810865
0.797213
0.784169
0.77344
0.76578
0.760876
0.757616
0.754648
0.750995
0.746419
0.741343
0.736621
0.733064
0.731414
0.732507
0.737414
0.7469
0.760699
0.777225
0.794135
0.809165
0.820813
0.828239
0.831011
0.828936
0.82231
0.812115
0.800133
0.788433
0.778791
0.772209
0.768804
0.768233
0.769998
0.773741
0.779387
0.787058
0.796801
0.808303
0.820427
0.831169
0.838106
0.839607
0.836158
0.830448
0.825296
0.821209
0.816359
0.808822
0.798105
0.785109
0.771604
0.759941
0.752711
0.75188
0.757689
0.76857
0.781978
0.795621
0.807972
0.818092
0.825251
0.828725
0.827938
0.822598
0.812909
0.799589
0.783758
0.766741
0.749843
0.734201
0.720747
0.710238
0.70327
0.700341
0.701784
0.707765
0.718139
0.732292
0.748944
0.766222
0.781856
0.793678
0.800113
0.800616
0.795802
0.787269
0.777204
0.767734
0.760465
0.756209
0.755054
0.756635
0.760506
0.766244
0.773417
0.781409
0.789214
0.795528
0.799183
0.799478
0.79645
0.790794
0.783653
0.776276
0.769818
0.765199
0.763054
0.763698
0.76695
0.772095
0.777912
0.783161
0.78705
0.789436
0.790793
0.791805
0.792943
0.794276
0.795501
0.796151
0.795817
0.794333
0.791928
0.789347
0.787807
0.788549
0.792232
0.798443
0.80564
0.811832
0.815366
0.815457
0.812187
0.806285
0.798746
0.790582
0.782706
0.775897
0.770727
0.76745
0.765924
0.765776
0.766501
0.767692
0.769103
0.770665
0.772556
0.775231
0.779029
0.78365
0.787933
0.790459
0.790283
0.78732
0.78231
0.776334
0.770673
0.766831
0.766174
0.76938
0.775991
0.784497
0.793096
0.80047
0.805993
0.809764
0.812353
0.814442
0.816445
0.818122
0.818537
0.816326
0.81007
0.798914
0.782771
0.762621
0.740646
0.720143
0.704847
0.697592
0.698971
0.707004
0.718322
0.729946
0.740291
0.749096
0.756792
0.763937
0.770975
0.778209
0.785679
0.793179
0.800302
0.806642
0.811942
0.815873
0.818146
0.818547
0.817007
0.813589
0.808608
0.802662
0.796589
0.791297
0.787598
0.785942
0.786378
0.788619
0.792167
0.796506
0.801073
0.805409
0.809142
0.81206
0.814054
0.815
0.814573
0.812068
0.806522
0.797063
0.783339
0.765913
0.746317
0.726741
0.709659
0.697272
0.691217
0.69231
0.700383
0.714253
0.731946
0.751162
0.769905
0.786881
0.8016
0.81391
0.823509
0.829851
0.832336
0.830574
0.824649
0.814949
0.802021
0.786449
0.768803
0.749797
0.730359
0.711606
0.694849
0.681354
0.672249
0.668345
0.67007
0.677441
0.690018
0.706837
0.726496
0.747215
0.766968
0.783973
0.797172
0.806356
0.811894
0.814383
0.814341
0.812156
0.808191
0.80294
0.797075
0.791331
0.786284
0.782359
0.780014
0.779814
0.782377
0.788047
0.796656
0.807519
0.819491
0.831385
0.842192
0.85133
0.858476
0.863298
0.865175
0.863251
0.856692
0.845201
0.829441
0.810932
0.791752
0.774055
0.759716
0.750253
0.746407
0.7476
0.751859
0.756389
0.758495
0.756381
0.749605
0.739077
0.726722
0.715062
0.706822
0.704548
0.709697
0.721981
0.739273
0.758361
0.775959
0.789728
0.798545
0.802384
0.801913
0.798247
0.792651
0.786391
0.780628
0.776395
0.774495
0.775321
0.778729
0.78409
0.790395
0.796513
0.801501
0.804604
0.805352
0.803472
0.798843
0.79168
0.782673
0.772887
0.763441
0.755113
0.748382
0.743834
0.742529
0.745849
0.754845
0.769464
0.788182
0.808282
0.826743
0.841153
0.850118
0.853293
0.851126
0.84442
0.834019
0.820689
0.805163
0.788212
0.771001
0.75521
0.743046
0.736603
0.737163
0.744403
0.756311
0.769645
0.780968
0.78761
0.788361
0.783565
0.774864
0.764623
0.755298
0.748897
0.746757
0.749534
0.757272
0.769417
0.784647
0.800655
0.814393
0.8228
0.823865
0.817181
0.803973
0.786585
0.767747
0.749915
0.734877
0.723576
0.716231
0.712764
0.713002
0.716856
0.724103
0.734113
0.745742
0.757554
0.768379
0.777809
0.786353
0.79512
0.80527
0.817417
0.831286
0.845702
0.858931
0.869144
0.874733
0.874554
0.86801
0.855099
0.836504
0.813616
0.788732
0.765014
0.74605
0.735052
0.733673
0.741324
0.755418
0.772461
0.789312
0.80391
0.815263
0.82302
0.82699
0.826804
0.821879
0.811671
0.796145
0.776156
0.753574
0.73102
0.7114
0.697389
0.691024
0.693353
0.704139
0.721792
0.743693
0.766633
0.787641
0.804713
0.817159
0.825069
0.828451
0.826957
0.820693
0.810963
0.799995
0.790059
0.782591
0.777889
0.775358
0.773976
0.772752
0.770994
0.768487
0.765321
0.761714
0.757743
0.753399
0.748955
0.745235
0.743555
0.745381
0.751737
0.76269
0.777346
0.793921
0.810269
0.824245
0.834175
0.838965
0.838208
0.832206
0.821943
0.809123
0.795992
0.785104
0.77856
0.777038
0.779325
0.782873
0.784926
0.783346
0.77717
0.766706
0.753379
0.739441
0.727587
0.720311
0.719302
0.724924
0.736227
0.751297
0.767859
0.783874
0.797841
0.808725
0.815682
0.818008
0.815254
0.807444
0.795467
0.781027
0.766386
0.753803
0.744947
0.740493
0.740139
0.743064
0.748327
0.755104
0.762792
0.770958
0.779296
0.787608
0.795667
0.803181
0.809885
0.815654
0.820389
0.823889
0.825584
0.824633
0.820306
0.812383
0.801416
0.788553
0.77519
0.762403
0.750692
0.740238
0.731285
0.724439
0.720896
0.722075
0.728834
0.740629
0.755519
0.770976
0.784939
0.796106
0.803821
0.807803
0.807912
0.804174
0.797002
0.787487
0.777702
0.770427
0.768433
0.773316
0.784866
0.801354
0.820398
0.839594
0.856957
0.871028
0.880988
0.886443
0.887247
0.883299
0.874585
0.861388
0.844319
0.824461
0.803182
0.781852
0.761376
0.742098
0.723978
0.707055
0.691905
0.679767
0.672177
0.670318
0.674368
0.683538
0.696402
0.711603
0.728186
0.745528
0.763151
0.780478
0.796857
0.811647
0.824358
0.834687
0.842491
0.847578
0.849451
0.847138
0.839442
0.825726
0.806511
0.78382
0.760816
0.740715
0.725491
0.715278
0.708654
0.703673
0.698961
0.694297
0.690699
0.68989
0.693465
0.702096
0.715329
0.731897
0.750326
0.76934
0.787945
0.805188
0.820069
0.831631
0.83927
0.842851
0.842753
0.839659
0.834325
0.827419
0.819513
0.811233
0.803352
0.796817
0.792354
0.790118
0.789568
0.789843
0.790325
0.79089
0.791771
0.793076
0.794477
0.795293
0.794984
0.79356
0.791789
0.79079
0.791463
0.79392
0.797342
0.800303
0.801357
0.799521
0.794577
0.787072
0.778014
0.768503
0.759456
0.751493
0.745186
0.741322
0.740983
0.745244
0.75469
0.768753
0.785476
0.802104
0.815903
0.82512
0.829258
0.828967
0.825522
0.820227
0.813941
0.806964
0.79905
0.789726
0.778789
0.766791
0.755127
0.745637
0.739921
0.738741
0.741693
0.747556
0.754647
0.761241
0.765993
0.768105
0.767439
0.764246
0.758907
0.751914
0.743825
0.735568
0.7282
0.722618
0.719544
0.719632
0.723763
0.733093
0.748397
0.76917
0.793207
0.817239
0.8382
0.854103
0.864181
0.868501
0.86773
0.862866
0.855233
0.846451
0.837988
0.830661
0.82434
0.818364
0.812131
0.805356
0.798067
0.790227
0.781623
0.771902
0.76098
0.749237
0.737442
0.726443
0.717057
0.710049
0.706221
0.706275
0.710605
0.718999
0.730694
0.74468
0.760082
0.77647
0.793793
0.812062
0.830976
0.849675
0.866701
0.880355
0.888977
0.891301
0.886735
0.875468
0.858509
0.837451
0.814219
0.790689
0.768508
0.748985
0.732993
0.721135
0.713784
0.711009
0.712476
0.717462
0.725066
0.734373
0.744648
0.755397
0.766184
0.776635
0.786437
0.795335
0.803095
0.809544
0.814558
0.817966
0.819811
0.820261
0.819628
0.818313
0.816644
0.814816
0.812871
0.810556
0.807369
0.802765
0.796368
0.788157
0.778446
0.767946
0.757661
0.748808
0.742681
0.740175
0.741393
0.745552
0.751194
0.756654
0.76056
0.762179
0.761503
0.759165
0.756188
0.753753
0.752933
0.754429
0.758435
0.764504
0.771483
0.777634
0.780895
0.779351
0.771836
0.758363
0.740411
0.720811
0.703426
0.692255
0.690455
0.699574
0.719171
0.747053
0.779833
0.813548
0.844437
0.869594
0.887343
0.89727
0.899903
0.896296
0.887566
0.874547
0.857839
0.838144
0.816401
0.793875
0.772088
0.752545
0.736584
0.725229
0.719107
0.718229
0.721997
0.72941
0.739263
0.75042
0.762145
0.774132
0.786415
0.798981
0.811394
0.822746
0.83197
0.838128
0.840509
0.838642
0.832286
0.821577
0.807311
0.791273
0.775925
0.76352
0.755248
0.75098
0.750034
0.751862
0.756043
0.762103
0.769145
0.776147
0.782293
0.787265
0.791095
0.793889
0.795548
0.795684
0.793921
0.79043
0.786053
0.78226
0.780717
0.782768
0.788919
0.798528
0.809871
0.820535
0.828061
0.830554
0.827129
0.818061
0.804695
0.788897
0.772302
0.755837
0.739819
0.72444
0.710388
0.699041
0.69222
0.691546
0.697862
0.710868
0.729004
0.749707
0.770043
0.787396
0.800005
0.807425
0.81057
0.81136
0.812146
0.81494
0.820798
0.829681
0.840539
0.851852
0.861977
0.869367
0.872798
0.871589
0.865634
0.855572
0.842698
0.828723
0.815349
0.803692
0.794024
0.785982
0.77888
0.77207
0.76516
0.758017
0.750477
0.742222
0.73295
0.722825
0.712818
0.704556
0.69988
0.700159
0.705869
0.716377
0.730142
0.745074
0.759036
0.770385
0.778317
0.783016
0.78556
0.787455
0.790228
0.794989
0.802159
0.811406
0.821604
0.830901
0.837134
0.838296
0.833271
0.822211
0.80656
0.788578
0.770512
0.754053
0.740097
0.728916
0.720627
0.715425
0.713692
0.716152
0.723651
0.736689
0.754912
0.776722
0.799367
0.819545
0.834157
0.84108
0.839588
0.830436
0.815688
0.798409
0.782346
0.771341
0.76829
0.774105
0.787256
0.804573
0.822457
0.837875
0.848762
0.854018
0.853391
0.847197
0.836153
0.821336
0.804178
0.786509
0.770482
0.758166
0.751077
0.749821
0.75405
0.7627
0.774115
0.786212
0.796627
0.803011
0.803365
0.796469
0.78213
0.761494
0.737066
0.71245
0.691666
0.678126
0.673528
0.677656
0.688898
0.705008
0.723639
0.742584
0.760074
0.774963
0.786774
0.795526
0.801321
0.804138
0.803771
0.800219
0.794129
0.786889
0.780205
0.775348
0.772665
0.771905
0.772793
0.775207
0.779151
0.784532
0.790928
0.797717
0.804174
0.809611
0.813531
0.815667
0.816124
0.815413
0.814335
0.813785
0.814346
0.815988
0.817916
0.818876
0.817713
0.813933
0.807992
0.800956
0.794038
0.787962
0.782747
0.777893
0.772937
0.767842
0.763201
0.760176
0.760032
0.76354
0.770406
0.779156
0.787521
0.793156
0.794457
0.791136
0.78423
0.775638
0.767366
0.761018
0.757437
0.756804
0.758755
0.762557
0.767302
0.772228
0.776825
0.780743
0.783772
0.785682
0.786417
0.786082
0.785101
0.783977
0.783193
0.782912
0.782766
0.782001
0.779694
0.77516
0.768281
0.759629
0.750143
0.740799
0.732306
0.725072
0.719434
0.715943
0.715531
0.719387
0.728565
0.743479
0.763395
0.786309
0.809444
0.829915
0.845591
0.855521
0.859997
0.860197
0.857539
0.853141
0.847551
0.840701
0.832328
0.822279
0.810783
0.798443
0.786285
0.775576
0.767414
0.762434
0.76056
0.761126
0.763239
0.766115
0.769332
0.772559
0.775303
0.776826
0.776435
0.773915
0.76976
0.76504
0.760916
0.758081
0.756577
0.756076
0.756433
0.758117
0.762372
0.770712
0.783945
0.801485
0.821436
0.841212
0.858425
0.871265
0.878553
0.879721
0.874575
0.863278
0.846339
0.824627
0.799387
0.772106
0.744456
0.718211
0.695267
0.67766
0.667442
0.666224
0.674742
0.692354
0.717013
0.7455
0.773981
0.798769
0.816862
0.826376
0.826702
0.818761
0.80473
0.787566
0.770298
0.755459
0.744898
0.739813
0.740644
0.746935
0.757171
0.769004
0.779983
0.788256
0.792853
0.79383
0.792069
0.788895
0.785504
0.782496
0.779944
0.777482
0.774775
0.771664
0.768313
0.765185
0.763107
0.763048
0.765766
0.771401
0.779104
0.787199
0.793891
0.797985
0.79929
0.798474
0.796649
0.794853
0.793705
0.793397
0.793788
0.794714
0.796152
0.797989
0.799945
0.801527
0.802096
0.801025
0.797771
0.792222
0.784783
0.776218
0.767428
0.759172
0.751959
0.746146
0.741998
0.739842
0.739972
0.742642
0.747834
0.755203
0.764048
0.77349
0.782624
0.790872
0.798082
0.804543
0.810723
0.816729
0.822096
0.825823
0.826627
0.823383
0.81553
0.803182
0.787236
0.769248
0.751115
0.734901
0.722494
0.715265
0.713853
0.718057
0.726912
0.738974
0.75257
0.76608
0.77803
0.787366
0.79346
0.796145
0.795553
0.792034
0.786121
0.77859
0.77038
0.762604
0.756323
0.752287
0.750684
0.751157
0.753067
0.755832
0.759301
0.763947
0.770635
0.780097
0.792378
0.806634
0.821261
0.834256
0.843638
0.84781
0.845717
0.837029
0.822521
0.804157
0.785005
0.768445
0.756801
0.750313
0.747425
0.746036
0.74467
0.74278
0.740656
0.739158
0.739199
0.741321
0.745483
0.751114
0.757499
0.764031
0.770508
0.777119
0.784236
0.792092
0.800596
0.809278
0.817468
0.824517
0.830042
0.833853
0.835901
0.836155
0.834472
0.830604
0.824266
0.815145
0.803159
0.788635
0.772543
0.756243
0.740888
0.72705
0.715041
0.705297
0.698596
0.695683
0.696965
0.702298
0.711121
0.722807
0.736792
0.752608
0.769632
0.786925
0.803053
0.81622
0.824583
0.826669
0.821775
0.81014
0.792932
0.772108
0.750242
0.73047
0.716201
0.710497
0.715221
0.730116
0.752744
0.779246
0.805555
0.828274
0.845086
0.854879
0.857682
0.854536
0.847084
0.837137
0.826364
0.81609
0.807293
0.800591
0.796292
0.794358
0.794484
0.796308
0.799467
0.803528
0.807921
0.8119
0.814545
0.814829
0.811709
0.804469
0.792852
0.777318
0.759168
0.740405
0.723301
0.710074
0.702492
0.701485
0.706934
0.717724
0.731955
0.747451
0.762383
0.775459
0.785926
0.793449
0.797974
0.799602
0.798664
0.795794
0.791871
0.787926
0.784815
0.783032
0.782551
0.7828
0.782876
0.781786
0.778961
0.774458
0.768867
0.763016
0.757607
0.753224
0.750456
0.749856
0.751621
0.755466
0.760594
0.765986
0.770733
0.774472
0.777606
0.781248
0.786494
0.793758
0.802404
0.811068
0.818326
0.823193
0.825152
0.824165
0.820647
0.815524
0.810212
0.806142
0.804239
0.804615
0.806865
0.810404
0.814562
0.818496
0.821086
0.821159
0.817703
0.810238
0.799101
0.785446
0.771013
0.757756
0.747423
0.741134
0.738805
0.73885
0.738706
0.736223
0.731027
0.724812
0.720682
0.721574
0.728734
0.740941
0.755074
0.767691
0.776603
0.781535
0.783759
0.785116
0.787041
0.789946
0.79328
0.795922
0.796847
0.795592
0.792376
0.787966
0.783359
0.779403
0.776486
0.77445
0.772657
0.770359
0.767205
0.763589
0.760741
0.760239
0.763314
0.770061
0.779282
0.789022
0.797275
0.802473
0.803837
0.801313
0.795497
0.787486
0.778682
0.770637
0.764994
0.763235
0.766237
0.773995
0.785506
0.798943
0.812208
0.823475
0.831552
0.835913
0.836593
0.833864
0.827995
0.819232
0.807945
0.794615
0.779882
0.76436
0.748514
0.732849
0.718398
0.706962
0.700604
0.700689
0.707279
0.719288
0.734981
0.752588
0.770613
0.787925
0.803578
0.816534
0.825732
0.830336
0.830036
0.825283
0.817242
0.807528
0.797747
0.789034
0.781853
0.776083
0.771307
0.767162
0.763683
0.761264
0.760558
0.762121
0.766181
0.772448
0.780188
0.788409
0.796112
0.802445
0.806776
0.808748
0.808283
0.805485
0.800565
0.793709
0.785149
0.775446
0.765784
0.758011
0.754186
0.755703
0.76271
0.77406
0.787833
0.802036
0.814795
0.824468
0.829737
0.829775
0.824431
0.814351
0.800919
0.786003
0.771797
0.760502
0.753821
0.752461
0.755828
0.762367
0.770134
0.77749
0.783428
0.787528
0.789547
0.789155
0.785917
0.779451
0.769981
0.758665
0.747535
0.739023
0.73507
0.736397
0.742383
0.751643
0.762746
0.774611
0.786411
0.797354
0.806598
0.813244
0.816454
0.815633
0.81076
0.802573
0.792731
0.783579
0.777536
0.776263
0.779948
0.787117
0.79525
0.801746
0.804824
0.804039
0.800192
0.794782
0.789262
0.784487
0.780872
0.778596
0.777761
0.778303
0.779869
0.781849
0.783464
0.783884
0.782378
0.778354
0.771475
0.761766
0.749965
0.738076
0.729549
0.728016
0.735003
0.748674
0.765292
0.7817
0.796484
0.809609
0.82144
0.832168
0.841707
0.84973
0.855873
0.859779
0.861038
0.859233
0.854047
0.845295
0.833086
0.817799
0.800167
0.781217
0.762327
0.745125
0.731118
0.721403
0.716164
0.714515
0.71487
0.715685
0.716319
0.717305
0.719653
0.724075
0.730589
0.738783
0.748196
0.758368
0.768601
0.778106
0.78616
0.792314
0.796475
0.798936
0.800212
0.800964
0.80166
0.802606
0.803805
0.804978
0.805558
0.804729
0.801617
0.795484
0.785964
0.773334
0.7587
0.743955
0.731543
0.723848
0.722554
0.727999
0.739085
0.753757
0.769768
0.785146
0.798436
0.808731
0.815556
0.818751
0.818595
0.815983
0.812193
0.808569
0.805996
0.804653
0.804147
0.804002
0.803778
0.803103
0.801645
0.799134
0.795528
0.791092
0.786325
0.781832
0.777976
0.774715
0.771587
0.767891
0.76291
0.756154
0.747632
0.737986
0.728567
0.721257
0.717943
0.71989
0.727254
0.739033
0.753331
0.768003
0.781224
0.791719
0.798939
0.803016
0.804521
0.804098
0.802213
0.799063
0.794584
0.788779
0.782022
0.775216
0.769538
0.765802
0.764043
0.763644
0.763921
0.764795
0.76686
0.770833
0.776561
0.782726
0.787085
0.787568
0.783281
0.774943
0.764846
0.756294
0.752642
0.756406
0.768604
0.788372
0.813173
0.83924
0.862355
0.878698
0.885559
0.881879
0.86839
0.847376
0.821878
0.795285
0.770896
0.751699
0.739826
0.735924
0.73905
0.746879
0.756393
0.764645
0.76933
0.769206
0.764285
0.755774
0.745804
0.736689
0.730316
0.727586
0.728375
0.731875
0.737081
0.743246
0.750039
0.75741
0.765186
0.772822
0.77945
0.784239
0.786796
0.78728
0.78648
0.785527
0.785571
0.78733
0.790763
0.795136
0.799409
0.802752
0.804808
0.805613
0.805299
0.803869
0.801216
0.79732
0.792523
0.787464
0.782673
0.778545
0.775205
0.772673
0.771037
0.770412
0.770712
0.771624
0.772871
0.77463
0.777667
0.782789
0.790233
0.799356
0.808863
0.817317
0.823432
0.826268
0.825236
0.820289
0.811808
0.800633
0.78801
0.775416
0.764459
0.756653
0.753
0.7537
0.758186
0.765313
0.773735
0.782203
0.789761
0.79565
0.799321
0.800366
0.798572
0.794237
0.788404
0.782805
0.779384
0.779479
0.783119
0.788863
0.794419
0.797663
0.797527
0.794265
0.789406
0.784995
0.782799
0.783652
0.787333
0.792683
0.798059
0.801707
0.802114
0.798392
0.790571
0.779593
0.767038
0.754665
0.743961
0.736096
0.732112
0.732903
0.738856
0.749393
0.762801
0.776471
0.787624
0.793986
0.794311
0.788534
0.777671
0.763504
0.748206
0.733942
0.72252
0.715087
0.712012
0.713048
0.717667
0.725434
0.735972
0.74886
0.763353
0.778464
0.793032
0.805933
0.816429
0.824221
0.829436
0.832417
0.83341
0.832504
0.829717
0.825246
0.81971
0.814299
0.810451
0.809502
0.812224
0.818644
0.828072
0.839286
0.850736
0.860705
0.867414
0.869083
0.864185
0.851925
0.832431
0.806874
0.777302
0.746454
0.717339
0.692899
0.675497
0.666484
0.666052
0.673297
0.686482
0.703385
0.721728
0.739548
0.755574
0.769244
0.780562
0.789689
0.796655
0.801212
0.802918
0.801418
0.796674
0.789175
0.779986
0.770783
0.76357
0.760294
0.762296
0.769928
0.78247
0.798331
0.815507
0.831956
0.845727
0.855123
0.858848
0.856181
0.847126
0.832524
0.81407
0.793963
0.774393
0.757202
0.743514
0.733691
0.727494
0.724372
0.723682
0.724889
0.727707
0.732187
0.738697
0.747867
0.760124
0.775312
0.792533
0.810183
0.826266
0.83873
0.845917
0.846887
0.841562
0.830698
0.815482
0.797357
0.777721
0.757964
0.739583
0.724134
0.71311
0.70745
0.707168
0.711362
0.71876
0.728293
0.739274
0.75118
0.763371
0.774907
0.78462
0.791325
0.794024
0.792093
0.785501
0.774807
0.761242
0.746642
0.733155
0.722897
0.717696
0.718691
0.726086
0.739152
0.75623
0.774934
0.792472
0.806169
0.814044
0.815348
0.810708
0.801925
0.791511
0.781772
0.774116
0.768885
0.765814
0.764699
0.765718
0.769294
0.775836
0.78528
0.796787
0.808815
0.819293
0.826113
0.827634
0.823203
0.813581
0.800735
0.787216
0.775066
0.765245
0.758093
0.753906
0.753238
0.756555
0.763813
0.77417
0.786193
0.798195
0.808564
0.816232
0.82078
0.822475
0.822061
0.820525
0.818576
0.816345
0.813372
0.808829
0.801989
0.792506
0.780589
0.766963
0.75266
0.738918
0.727133
0.718643
0.714461
0.715135
0.720637
0.730481
0.743843
0.759574
0.776288
0.792493
0.806708
0.817666
0.824596
0.82728
0.825943
0.8212
0.813672
0.80403
0.792936
0.781063
0.768993
0.757145
0.745746
0.734835
0.724332
0.71432
0.705291
0.698216
0.694261
0.694283
0.698494
0.706304
0.716603
0.728126
0.739964
0.751683
0.763174
0.774553
0.785944
0.797367
0.808765
0.819808
0.829777
0.83758
0.841934
0.841946
0.837669
0.830312
0.821816
0.814185
0.808672
0.805507
0.804362
0.80513
0.808258
0.814214
0.822388
0.830833
0.837105
0.839547
0.837981
0.833167
0.825896
0.816579
0.805333
0.792479
0.778769
0.765323
0.75323
0.743201
0.735334
0.729136
0.724057
0.720082
0.717904
0.718837
0.72411
0.734138
0.748129
0.764312
0.780422
0.794312
0.804314
0.809467
0.809668
0.805586
0.798421
0.789432
0.779646
0.769735
0.760194
0.751479
0.744206
0.739032
0.736617
0.737486
0.742077
0.750605
0.762987
0.778485
0.795526
0.811868
0.824993
0.832803
0.834159
0.829283
0.81973
0.807775
0.79564
0.78512
0.777384
0.77287
0.771231
0.77139
0.771944
0.771666
0.76984
0.766474
0.762178
0.758046
0.755196
0.754537
0.756524
0.761116
0.767826
0.775796
0.78385
0.790486
0.794069
0.793232
0.787218
0.776037
0.760674
0.742934
0.725271
0.710372
0.700636
0.697538
0.701276
0.710815
0.72441
0.740129
0.756186
0.771168
0.783984
0.79387
0.80054
0.804284
0.806037
0.807131
0.808792
0.811513
0.814728
0.817121
0.817256
0.814299
0.808419
0.800635
0.792437
0.785265
0.780063
0.777266
0.776906
0.778784
0.782677
0.788204
0.794707
0.801197
0.806439
0.809254
0.808925
0.805409
0.799464
0.792373
0.785531
0.780066
0.776538
0.774871
0.774718
0.77565
0.777356
0.779688
0.782541
0.785681
0.788791
0.79148
0.793334
0.793968
0.792999
0.78994
0.784362
0.776108
0.765497
0.75349
0.741581
0.731351
0.72401
0.719991
0.719103
0.721044
0.725806
0.73352
0.743728
0.755023
0.765394
0.773265
0.778292
0.781364
0.783769
0.786289
0.788663
0.789948
0.789396
0.787221
0.784652
0.783376
0.784517
0.787925
0.792343
0.796129
0.79791
0.796925
0.793013
0.786622
0.778762
0.770941
0.764983
0.762679
0.765345
0.773336
0.785678
0.800075
0.813619
0.823617
0.828396
0.827486
0.821269
0.810645
0.796754
0.78118
0.766082
0.754009
0.74725
0.747116
0.753559
0.765285
0.780081
0.795402
0.808895
0.818751
0.823868
0.823858
0.818923
0.809785
0.797712
0.784467
0.77202
0.762284
0.756668
0.755719
0.759098
0.765712
0.773965
0.782204
0.789136
0.79402
0.796521
0.796636
0.794596
0.790699
0.785285
0.778583
0.7708
0.762327
0.753983
0.74685
0.742083
0.740722
0.74338
0.749951
0.759506
0.770345
0.780126
0.786308
0.786693
0.78016
0.767373
0.751203
0.736207
0.727069
0.726642
0.735
0.750041
0.768986
0.789251
0.808849
0.826283
0.840308
0.849635
0.85312
0.850016
0.84039
0.825173
0.806225
0.785927
0.766903
0.75161
0.741877
0.738662
0.741828
0.75021
0.761817
0.774249
0.78531
0.793418
0.797967
0.799366
0.798615
0.796783
0.794458
0.791607
0.787876
0.782859
0.776514
0.769266
0.762053
0.756274
0.753548
0.755206
0.761656
0.771969
0.783943
0.794794
0.802063
0.804268
0.801105
0.793462
0.783049
0.771946
0.762065
0.754881
0.751214
0.751381
0.755433
0.763263
0.774383
0.787814
0.802188
0.815789
0.826933
0.834272
0.836992
0.834976
0.828662
0.818741
0.805915
0.790879
0.774709
0.759163
0.746691
0.739763
0.73995
0.747243
0.760055
0.775687
0.791072
0.803619
0.811641
0.814579
0.812826
0.807417
0.799642
0.790834
0.782293
0.775272
0.770852
0.769615
0.771308
0.774787
0.778481
0.781151
0.782212
0.781725
0.780294
0.778707
0.777743
0.777795
0.778798
0.780308
0.781758
0.782629
0.782624
0.781899
0.781092
0.781071
0.782509
0.785322
0.788625
0.790939
0.790804
0.787267
0.780047
0.769682
0.757225
0.744222
0.732347
0.723179
0.717681
0.71607
0.717816
0.721887
0.726984
0.731903
0.735686
0.737764
0.738086
0.737146
0.735982
0.735954
0.738431
0.744292
0.753672
0.765889
0.779813
0.794299
0.808475
0.821736
0.833589
0.843577
0.851358
0.856709
0.859413
0.859162
0.855624
0.848722
0.838936
0.827141
0.814354
0.80146
0.789172
0.778109
0.768993
0.762517
0.759107
0.75882
0.76135
0.766209
0.773002
0.781328
0.790648
0.80009
0.808385
0.814111
0.815948
0.812938
0.804665
0.791413
0.77417
0.754617
0.734938
0.717608
0.705065
0.69931
0.701491
0.7115
0.727791
0.747783
0.768287
0.786115
0.798677
0.804482
0.80338
0.796531
0.786202
0.775167
0.766135
0.761032
0.760742
0.765189
0.773673
0.785151
0.798235
0.811232
0.822282
0.829601
0.831817
0.828343
0.819688
0.807515
0.794157
0.781959
0.772611
0.766833
0.764555
0.765107
0.767604
0.771236
0.775366
0.779577
0.783667
0.787611
0.791446
0.79517
0.798584
0.801237
0.80249
0.801547
0.79783
0.791298
0.782642
0.773118
0.764238
0.757391
0.753469
0.752781
0.755121
0.759878
0.766219
0.773143
0.779631
0.784795
0.788191
0.789941
0.790808
0.791862
0.794073
0.797851
0.802817
0.807984
0.812033
0.813641
0.811742
0.805737
0.795621
0.782099
0.766433
0.750368
0.735953
0.725167
0.719601
0.720133
0.726614
0.737993
0.752651
0.768785
0.784703
0.798815
0.809572
0.815539
0.815363
0.808123
0.793624
0.772707
0.747503
0.721353
0.698349
0.682409
0.676243
0.680421
0.693188
0.711198
0.730779
0.749145
0.764945
0.778007
0.78901
0.798952
0.80873
0.818878
0.829441
0.840057
0.85006
0.858569
0.864715
0.867757
0.867062
0.862218
0.8532
0.840437
0.824919
0.808037
0.791312
0.776239
0.764116
0.756039
0.752782
0.754444
0.760267
0.768733
0.77793
0.78597
0.791421
0.793439
0.791778
0.786608
0.778534
0.768501
0.757756
0.747679
0.739406
0.733453
0.729756
0.727904
0.72756
0.728762
0.731851
0.737185
0.745004
0.755333
0.767977
0.782431
0.797786
0.812694
0.825622
0.835239
0.840695
0.841736
0.838654
0.832015
0.822758
0.812156
0.80182
0.79323
0.787315
0.784119
0.782922
0.782565
0.781949
0.780538
0.778401
0.776061
0.774196
0.773445
0.774385
0.77741
0.782638
0.789758
0.797923
0.805889
0.812322
0.81613
0.816639
0.81374
0.8079
0.800123
0.791734
0.783833
0.776856
0.770519
0.764169
0.757344
0.750256
0.743925
0.739807
0.739178
0.742575
0.749585
0.759356
0.771219
0.785006
0.800575
0.81689
0.831573
0.84157
0.844397
0.839117
0.826444
0.808426
0.787783
0.767277
0.749533
0.736802
0.730888
0.732601
0.74133
0.755006
0.770667
0.78535
0.796728
0.803431
0.805133
0.802301
0.795989
0.787529
0.778168
0.769043
0.761088
0.754935
0.750979
0.749445
0.750517
0.754228
0.760143
0.767261
0.774281
0.780134
0.784375
0.787178
0.789123
0.790907
0.792934
0.795086
0.796655
0.796775
0.795001
0.791915
0.7891
0.788585
0.791796
0.798743
0.808002
0.817361
0.82463
0.828404
0.828162
0.823947
0.81611
0.805076
0.791329
0.775597
0.759096
0.743616
0.731171
0.723533
0.721851
0.72633
0.736139
0.749593
0.764506
0.778677
0.790332
0.798515
0.803312
0.805686
0.807068
0.808637
0.810809
0.813083
0.814326
0.813364
0.809441
0.80236
0.792453
0.780378
0.766883
0.752718
0.7388
0.726534
0.717743
0.714458
0.718144
0.728927
0.745199
0.763992
0.781972
0.796406
0.805892
0.810345
0.810629
0.808096
0.804195
0.800701
0.799687
0.80308
0.811761
0.824876
0.839989
0.853933
0.863874
0.867947
0.865246
0.855597
0.839455
0.817807
0.792375
0.765658
0.740599
0.719785
0.704789
0.695948
0.692907
0.695292
0.702823
0.714886
0.729949
0.745618
0.759297
0.769047
0.774285
0.775986
0.776204
0.777199
0.780457
0.786161
0.793456
0.80108
0.807931
0.813315
0.816999
0.819074
0.819706
0.819068
0.817337
0.814691
0.811181
0.806673
0.800777
0.793039
0.783299
0.772117
0.760789
0.751129
0.744822
0.742864
0.745181
0.751031
0.75926
0.768716
0.778381
0.787276
0.794467
0.799032
0.800209
0.797652
0.791626
0.782913
0.772511
0.761531
0.751355
0.743523
0.739197
0.738571
0.740924
0.745024
0.749632
0.753868
0.757398
0.760318
0.763054
0.766105
0.769732
0.773806
0.777774
0.780832
0.782176
0.781223
0.777865
0.772569
0.766278
0.760181
0.755443
0.752971
0.753236
0.756287
0.761778
0.768939
0.776759
0.784168
0.790222
0.794267
0.795884
0.794836
0.790997
0.784394
0.775348
0.764736
0.754315
0.746552
0.744028
0.748392
0.759623
0.776161
0.795743
0.816161
0.835708
0.853143
0.867633
0.87859
0.88565
0.888563
0.88716
0.881372
0.871187
0.856723
0.838313
0.81647
0.791988
0.765934
0.739643
0.714746
0.693056
0.676383
0.666356
0.664252
0.670684
0.685087
0.705521
0.729087
0.752717
0.773986
0.791513
0.804838
0.814121
0.81978
0.822067
0.820886
0.815828
0.80654
0.79306
0.776152
0.757474
0.739305
0.724052
0.713491
0.708193
0.707589
0.710597
0.716186
0.723753
0.733041
0.743982
0.756373
0.769658
0.782855
0.794693
0.803848
0.809345
0.810989
0.809771
0.807966
0.808631
0.814217
0.825094
0.839039
0.852292
0.86115
0.863104
0.85748
0.845412
0.829488
0.813177
0.799902
0.791848
0.788805
0.788097
0.785829
0.779035
0.766861
0.750677
0.73328
0.717953
0.707606
0.70441
0.709407
0.722287
0.74135
0.763931
0.787098
0.808204
0.825116
0.836267
0.840666
0.838205
0.829696
0.816928
0.802279
0.788287
0.777412
0.772016
0.774203
0.784806
0.802166
0.822232
0.840527
0.853863
0.860758
0.861066
0.855288
0.84446
0.829889
0.813021
0.795197
0.777559
0.76097
0.746007
0.733264
0.723603
0.718291
0.71865
0.725573
0.738945
0.757375
0.778283
0.798535
0.815237
0.826325
0.83085
0.828855
0.821158
0.809169
0.794555
0.779044
0.764206
0.751262
0.740935
0.733403
0.728477
0.725842
0.725295
0.726858
0.730631
0.736603
0.744419
0.753239
0.761946
0.769253
0.773961
0.775244
0.77289
0.767524
0.760659
0.754534
0.751448
0.753094
0.759885
0.770951
0.784456
0.798226
0.810389
0.819621
0.825312
0.827418
0.82633
0.82271
0.817433
0.811617
0.806508
0.803291
0.802783
0.805015
0.809183
0.813877
0.817509
0.818766
0.816953
0.812077
0.804751
0.795902
0.786587
0.777802
0.770382
0.764993
0.762104
0.761961
0.764474
0.769159
0.775153
0.781373
0.78676
0.790505
0.791993
0.790821
0.786831
0.780187
0.771342
0.761123
0.750592
0.741014
0.733623
0.729462
0.72918
0.732823
0.739846
0.749288
0.759977
0.770808
0.780961
0.789914
0.797367
0.803246
0.807668
0.81085
0.81304
0.814369
0.81461
0.813183
0.809313
0.802333
0.792045
0.779006
0.764766
0.751645
0.742012
0.737575
0.738985
0.745813
0.756828
0.770287
0.78411
0.796212
0.804868
0.808986
0.808177
0.802703
0.793463
0.78192
0.77018
0.760693
0.755722
0.756432
0.762595
0.77269
0.784604
0.796417
0.806883
0.815368
0.82166
0.82556
0.82651
0.823616
0.816106
0.803841
0.787829
0.77045
0.754719
0.742785
0.734822
0.729535
0.725721
0.723041
0.721686
0.721783
0.723288
0.726061
0.730041
0.735395
0.742431
0.751491
0.762649
0.775448
0.788789
0.801296
0.811627
0.818817
0.822574
0.823293
0.821924
0.819601
0.817261
0.815453
0.814219
0.813246
0.812118
0.810486
0.808078
0.804706
0.80015
0.794098
0.786465
0.777716
0.769151
0.762547
0.759361
0.760221
0.764796
0.772112
0.781163
0.791087
0.801215
0.810838
0.819144
0.825245
0.828376
0.828055
0.824044
0.816379
0.805346
0.791528
0.77585
0.759451
0.743674
0.729723
0.718509
0.710538
0.706151
0.705571
0.709112
0.71689
0.728399
0.742345
0.756797
0.769733
0.779483
0.784981
0.785851
0.782418
0.775722
0.767446
0.759526
0.753591
0.750564
0.750504
0.752704
0.756095
0.759639
0.762654
0.764905
0.766445
0.767343
0.767625
0.767305
0.766696
0.766612
0.768356
0.773252
0.781849
0.793425
0.806002
0.817084
0.824561
0.82735
0.825484
0.819918
0.812011
0.803263
0.795105
0.788878
0.785758
0.786651
0.791801
0.80047
0.811067
0.821695
0.830542
0.836345
0.838316
0.83608
0.829695
0.819651
0.80693
0.792937
0.779199
0.766784
0.756136
0.747254
0.740259
0.735746
0.734786
0.738312
0.746417
0.758127
0.771581
0.784586
0.79513
0.801813
0.804065
0.802064
0.796552
0.788603
0.779259
0.769477
0.760024
0.751572
0.744631
0.73947
0.736294
0.735332
0.737106
0.742551
0.752319
0.765632
0.779893
0.791732
0.798549
0.799469
0.795096
0.786921
0.776572
0.765461
0.754534
0.744435
0.735516
0.728177
0.722967
0.720703
0.722349
0.728678
0.739731
0.754511
0.771292
0.78801
0.802819
0.81446
0.822402
0.826948
0.828932
0.829387
0.82914
0.82855
0.827441
0.825324
0.821726
0.816428
0.809621
0.801807
0.793647
0.785887
0.779394
0.774992
0.773418
0.774905
0.779064
0.784963
0.791327
0.797017
0.801234
0.803606
0.804093
0.802855
0.800157
0.796247
0.791272
0.785343
0.778557
0.771262
0.764132
0.758171
0.75474
0.755331
0.761057
0.772187
0.787628
0.804873
0.820553
0.831423
0.835063
0.830495
0.818281
0.800412
0.779792
0.759488
0.742032
0.728701
0.719423
0.713284
0.70917
0.706465
0.70521
0.705972
0.709434
0.716094
0.725892
0.738021
0.750968
0.762805
0.771715
0.776766
0.778127
0.776859
0.774296
0.771584
0.769508
0.768603
0.769205
0.771638
0.776257
0.783309
0.792758
0.804106
0.816374
0.828367
0.838994
0.847484
0.853392
0.856401
0.856157
0.852183
0.844116
0.831876
0.816032
0.797957
0.779779
0.763948
0.752531
0.746627
0.746052
0.749464
0.754828
0.760224
0.764345
0.766745
0.767799
0.768239
0.768686
0.769266
0.769733
0.769927
0.770116
0.771
0.773193
0.776789
0.781268
0.785695
0.78901
0.790371
0.789245
0.785458
0.779508
0.772673
0.766836
0.763886
0.764949
0.769975
0.777883
0.787075
0.79605
0.803664
0.809236
0.812546
0.813661
0.812872
0.810534
0.806756
0.801312
0.793899
0.784591
0.774059
0.763495
0.754285
0.747665
0.744399
0.744775
0.748603
0.755379
0.764201
0.773703
0.782169
0.787976
0.790296
0.789268
0.785862
0.781362
0.776984
0.773463
0.771159
0.770165
0.770363
0.771447
0.772795
0.773807
0.774166
0.774268
0.774911
0.777015
0.781081
0.786867
0.793528
0.799923
0.805127
0.808695
0.810583
0.810972
0.810139
0.808459
0.806338
0.804088
0.801781
0.799169
0.795691
0.790511
0.782728
0.77174
0.757543
0.74109
0.724319
0.709829
0.700253
0.697404
0.701609
0.711544
0.724782
0.738548
0.750577
0.759615
0.765476
0.768756
0.77041
0.771496
0.773045
0.775831
0.779943
0.784348
0.787312
0.787445
0.784561
0.779719
0.774752
0.77152
0.771316
0.774665
0.781207
0.789727
0.798501
0.805675
0.809785
0.810169
0.807051
0.80129
0.794006
0.786647
0.78104
0.779053
0.781981
0.789917
0.801668
0.815085
0.827647
0.837139
0.842039
0.841731
0.836431
0.826957
0.814434
0.80014
0.785399
0.771488
0.759562
0.750385
0.744159
0.740483
0.738551
0.737415
0.736384
0.735559
0.735968
0.73926
0.746764
0.75863
0.773619
0.789616
0.80438
0.816161
0.824041
0.82796
0.828581
0.826958
0.824161
0.820983
0.817625
0.81367
0.80827
0.800492
0.789837
0.776738
0.76281
0.750653
0.742901
0.740979
0.744419
0.751061
0.75802
0.762689
0.763295
0.759374
0.751887
0.743016
0.735752
0.732877
0.736032
0.745297
0.759502
0.776846
0.795411
0.813413
0.829235
0.841493
0.849289
0.852449
0.851555
0.847664
0.841994
0.835335
0.828013
0.819961
0.811098
0.801494
0.791328
0.780659
0.769582
0.758363
0.74765
0.738466
0.731983
0.728912
0.729099
0.731567
0.735075
0.738966
0.743336
0.748837
0.755941
0.764479
0.773551
0.781824
0.78805
0.791453
0.791888
0.789728
0.78581
0.781165
0.776835
0.773483
0.771342
0.77033
0.770406
0.772006
0.775815
0.782238
0.790934
0.80067
0.809906
0.817322
0.822085
0.823811
0.822474
0.818161
0.811021
0.801261
0.789153
0.775295
0.760657
0.746645
0.734927
0.72718
0.724656
0.727852
0.736363
0.748919
0.763694
0.7786
0.791622
0.801087
0.805935
0.805809
0.801194
0.793251
0.783653
0.774115
0.765988
0.760163
0.757091
0.756969
0.759657
0.764581
0.770682
0.776832
0.782389
0.787423
0.792676
0.799002
0.80684
0.815869
0.825009
0.832684
0.837241
0.83737
0.832446
0.82274
0.80932
0.79373
0.777348
0.761275
0.746546
0.734412
0.726454
0.724089
0.727992
0.73763
0.751203
0.76618
0.779999
0.790703
0.797412
0.800603
0.801752
0.802758
0.805234
0.809942
0.816449
0.823305
0.828447
0.829707
0.825631
0.815881
0.801631
0.785223
0.769589
0.757331
0.750417
0.74989
0.755683
0.766535
0.780056
0.793411
0.804126
0.810583
0.812141
0.809006
0.801847
0.791741
0.780015
0.768201
0.757795
0.749816
0.744473
0.741207
0.739208
0.738149
0.738486
0.741296
0.747617
0.757688
0.770486
0.783977
0.795847
0.804358
0.808925
0.81012
0.8092
0.807539
0.806346
0.806595
0.808978
0.813628
0.819909
0.826361
0.831135
0.832564
0.829603
0.821951
0.810065
0.794967
0.778081
0.761178
0.746402
0.736027
0.73194
0.734926
0.744231
0.757506
0.771599
0.783493
0.791282
0.794518
0.794037
0.791213
0.787199
0.782561
0.777487
0.77232
0.76779
0.764732
0.763756
0.764944
0.76789
0.771938
0.77646
0.781042
0.785488
0.789819
0.794143
0.798624
0.803421
0.808326
0.812346
0.813852
0.81115
0.803371
0.791021
0.7759
0.760445
0.746822
0.736283
0.729269
0.725856
0.726119
0.73021
0.737944
0.748734
0.761708
0.776009
0.790893
0.805692
0.819663
0.832055
0.842079
0.849009
0.852259
0.851507
0.846669
0.837975
0.825933
0.811316
0.79514
0.778644
0.76327
0.750614
0.742072
0.738454
0.739666
0.744778
0.7524
0.761246
0.770533
0.779907
0.78897
0.796998
0.802898
0.805562
0.804293
0.799032
0.790347
0.779435
0.768164
0.758865
0.753838
0.754647
0.761527
0.773339
0.787933
0.803023
0.816728
0.827706
0.835009
0.837924
0.835928
0.82872
0.81655
0.800403
0.782027
0.763827
0.748528
0.738422
0.734551
0.736158
0.74106
0.74674
0.751701
0.75576
0.759348
0.762591
0.764904
0.765444
0.763522
0.759132
0.752932
0.746162
0.740096
0.735714
0.733552
0.733834
0.736687
0.742254
0.750809
0.762489
0.776876
0.792796
0.808392
0.821524
0.830382
0.833966
0.832229
0.82601
0.816628
0.805507
0.793912
0.783062
0.774102
0.768111
0.766012
0.768251
0.774683
0.784573
0.796666
0.809384
0.821163
0.830691
0.837117
0.840069
0.839638
0.836359
0.830999
0.824212
0.816308
0.807258
0.796877
0.784988
0.771376
0.755816
0.7384
0.720267
0.703979
0.692787
0.689329
0.694511
0.707524
0.726395
0.748339
0.770091
0.788376
0.800716
0.806154
0.805366
0.800094
0.792226
0.783221
0.77405
0.765695
0.759658
0.757686
0.761084
0.770207
0.784292
0.801832
0.820912
0.839303
0.854707
0.864929
0.868323
0.864054
0.852354
0.834647
0.813384
0.791648
0.772539
0.758496
0.750818
0.749778
0.754851
0.764965
0.778635
0.794149
0.8097
0.823655
0.834648
0.841651
0.843963
0.841133
0.833104
0.820263
0.803441
0.784089
0.76406
0.745442
0.730363
0.720519
0.716746
0.718738
0.725126
0.733634
0.741672
0.747143
0.74915
0.748329
0.746532
0.745931
0.747996
0.753033
0.760491
0.769533
0.779448
0.789519
0.798958
0.806727
0.811774
0.813375
0.811303
0.805988
0.798566
0.790749
0.784674
0.782345
0.784767
0.791409
0.800295
0.808776
0.81439
0.815525
0.811663
0.803332
0.791781
0.778733
0.76618
0.756253
0.751076
0.752287
0.760515
0.775144
0.794454
0.816046
0.837226
0.855357
0.868093
0.873653
0.871094
0.860433
0.842612
0.819279
0.792494
0.764583
0.737946
0.714812
0.696738
0.684283
0.677014
0.673911
0.673957
0.676612
0.682076
0.691074
0.704596
0.723407
0.747438
0.775515
0.805415
0.834366
0.859844
0.880025
0.893948
0.90117
0.901525
0.894969
0.881571
0.86162
0.835784
0.805364
0.772514
0.740221
0.712033
0.691361
0.680548
0.680196
0.689135
0.704888
0.724402
0.744823
0.764027
0.780704
0.794233
0.804524
0.811866
0.816911
0.820612
0.82403
0.827884
0.832139
0.835925
0.837855
0.836613
0.831584
0.823171
0.812867
0.802801
0.794949
0.79038
0.788922
0.789344
0.789956
0.78916
0.785894
0.779816
0.771297
0.761437
0.751869
0.744355
0.740198
0.73974
0.742409
0.747139
0.753029
0.759569
0.766318
0.772514
0.777323
0.780191
0.780892
0.779171
0.774378
0.765749
0.753111
0.737553
0.721496
0.7082
0.700847
0.701703
0.711613
0.729804
0.754081
0.781346
0.808254
0.831736
0.849387
0.859632
0.861776
0.856035
0.843641
0.826812
0.808542
0.791995
0.779616
0.772349
0.769563
0.769486
0.769942
0.769196
0.76645
0.761892
0.756302
0.750512
0.745086
0.740346
0.736638
0.734474
0.734546
0.737413
0.743401
0.7523
0.763187
0.774491
0.784346
0.791137
0.793988
0.792758
0.787921
0.780193
0.770444
0.759795
0.749742
0.742135
0.738651
0.74025
0.746665
0.75661
0.768556
0.781421
0.794774
0.808586
0.822844
0.837327
0.851448
0.864397
0.875167
0.882621
0.885597
0.883136
0.874703
0.860366
0.840979
0.818183
0.794237
0.771711
0.753115
0.74051
0.734999
0.736357
0.74329
0.753936
0.766419
0.77905
0.790106
0.797827
0.800629
0.79771
0.789534
0.777881
0.765406
0.754772
0.747911
0.745399
0.746592
0.750164
0.754706
0.759135
0.762747
0.765135
0.766027
0.765142
0.762531
0.758637
0.754347
0.750753
0.74891
0.749456
0.752442
0.757246
0.762728
0.767582
0.770584
0.770888
0.768133
0.762635
0.755324
0.747706
0.741634
0.738898
0.740807
0.747657
0.758598
0.77184
0.785209
0.796803
0.805363
0.810394
0.812122
0.811149
0.808052
0.803107
0.796283
0.78742
0.776628
0.764545
0.752611
0.742897
0.737523
0.738044
0.74498
0.757741
0.774897
0.794566
0.814681
0.833206
0.848264
0.858344
0.862438
0.860112
0.851655
0.837994
0.820698
0.801803
0.783516
0.767855
0.756317
0.749782
0.748395
0.751543
0.757861
0.765256
0.771254
0.773565
0.7711
0.764855
0.75755
0.751836
0.748401
0.746122
0.743723
0.741182
0.739623
0.740573
0.745096
0.753345
0.764522
0.77723
0.790035
0.80201
0.812686
0.821849
0.829064
0.833703
0.83525
0.833589
0.828985
0.822006
0.813402
0.804017
0.794739
0.78633
0.779377
0.774324
0.771414
0.770714
0.771942
0.774419
0.777107
0.778853
0.778607
0.775758
0.77025
0.762869
0.755159
0.748943
0.745571
0.745122
0.746576
0.74851
0.750081
0.751325
0.752888
0.755634
0.760354
0.767641
0.777787
0.790528
0.804642
0.818003
0.828058
0.832755
0.83134
0.824645
0.814542
0.803312
0.792887
0.784375
0.778066
0.773485
0.769782
0.76602
0.761402
0.755544
0.748523
0.740968
0.733952
0.728733
0.726485
0.727995
0.733601
0.743146
0.755935
0.770848
0.786571
0.801588
0.814437
0.823673
0.827905
0.825916
0.817029
0.801706
0.781988
0.761595
0.745079
0.736357
0.737351
0.747492
0.764266
0.784362
0.804705
0.82303
0.837928
0.848861
0.855863
0.859171
0.858714
0.854206
0.845459
0.832921
0.817965
0.802782
0.789755
0.780781
0.776544
0.776305
0.778263
0.780278
0.78056
0.777968
0.772198
0.763654
0.753231
0.742217
0.732048
0.724057
0.718924
0.716377
0.715326
0.714508
0.713123
0.711009
0.708554
0.706441
0.705293
0.705554
0.707341
0.710414
0.714363
0.718952
0.7244
0.73136
0.740475
0.751834
0.76471
0.777753
0.789379
0.798278
0.803767
0.805948
0.805532
0.803445
0.800446
0.796751
0.792194
0.786694
0.78067
0.775294
0.772241
0.773027
0.778393
0.787854
0.799675
0.811313
0.820056
0.823741
0.821457
0.813915
0.80332
0.79267
0.78461
0.780619
0.780765
0.784117
0.789411
0.795343
0.80065
0.804082
0.804464
0.801055
0.793894
0.784105
0.773888
0.765922
0.762609
0.765092
0.773017
0.784734
0.798138
0.811409
0.823402
0.833463
0.841169
0.84604
0.8475
0.845195
0.839336
0.83062
0.820166
0.809141
0.798349
0.788061
0.778048
0.767929
0.75755
0.747066
0.736809
0.727064
0.717812
0.70892
0.700418
0.6928
0.686935
0.683815
0.684362
0.689245
0.69893
0.713529
0.732603
0.754964
0.778684
0.80143
0.821022
0.835887
0.845431
0.850025
0.850603
0.84811
0.843186
0.836276
0.827769
0.818311
0.808767
0.80016
0.793441
0.789053
0.786786
0.785669
0.784471
0.782362
0.779411
0.776663
0.77546
0.776858
0.78094
0.786638
0.792175
0.795617
0.79562
0.791888
0.78528
0.777491
0.770359
0.765171
0.76237
0.761733
0.76283
0.765321
0.769019
0.773778
0.779158
0.784306
0.788162
0.789736
0.788395
0.784097
0.777508
0.769897
0.762869
0.757973
0.756295
0.758213
0.76333
0.770707
0.779272
0.788111
0.796559
0.804155
0.810681
0.815899
0.819515
0.821032
0.819837
0.815449
0.807638
0.796544
0.782721
0.766998
0.750275
0.733528
0.718021
0.705464
0.697828
0.696768
0.702738
0.714616
0.729897
0.745522
0.758775
0.767846
0.772167
0.77226
0.769392
0.765152
0.760986
0.757895
0.756364
0.756547
0.758557
0.762598
0.768882
0.777208
0.786623
0.795767
0.803421
0.809017
0.812868
0.815762
0.818432
0.82137
0.824853
0.829093
0.834216
0.839922
0.845237
0.848609
0.848347
0.843162
0.832751
0.817998
0.800647
0.783051
0.767624
0.756411
0.750883
0.751746
0.758779
0.770747
0.785598
0.800911
0.814399
0.824289
0.829511
0.829665
0.824863
0.815572
0.802483
0.786621
0.769578
0.753639
0.741491
0.73559
0.737248
0.745927
0.759423
0.774542
0.788032
0.797357
0.801114
0.799102
0.792121
0.781655
0.769403
0.756846
0.745039
0.734538
0.725645
0.718622
0.713893
0.712003
0.71332
0.717854
0.725091
0.733989
0.743087
0.751005
0.756971
0.761115
0.764381
0.767809
0.771683
0.775281
0.777335
0.777144
0.775277
0.773635
0.774487
0.779384
0.788588
0.801373
0.816594
0.832864
0.848532
0.861634
0.870224
0.872833
0.86888
0.858743
0.843692
0.825617
0.806672
0.789063
0.774662
0.764762
0.759773
0.759351
0.762716
0.768864
0.776558
0.784415
0.79104
0.795352
0.796761
0.795228
0.791209
0.785521
0.77931
0.77387
0.770776
0.771691
0.777803
0.789131
0.803933
0.818969
0.83044
0.835258
0.831758
0.820051
0.801721
0.779424
0.756257
0.735174
0.718526
