1.67959
1.69836
1.70426
1.69896
1.68573
1.66872
1.65206
1.63893
1.63126
1.63001
1.63551
1.64748
1.66499
1.68639
1.70943
1.73146
1.74951
1.76076
1.76303
1.75562
1.74021
1.72074
1.70148
1.68444
1.66875
1.65235
1.63402
1.61391
1.59315
1.57332
1.55613
1.54319
1.53563
1.53423
1.5395
1.55172
1.57034
1.5934
1.61761
1.63899
1.65371
1.65896
1.65352
1.63805
1.61514
1.58905
1.56485
1.54694
1.53744
1.53536
1.53751
1.54101
1.54533
1.55198
1.56196
1.5734
1.58268
1.58739
1.58799
1.58716
1.58798
1.59243
1.60071
1.61162
1.62332
1.63403
1.64245
1.64777
1.64953
1.6474
1.64111
1.63056
1.61613
1.59854
1.57892
1.55855
1.53886
1.52143
1.50809
1.50067
1.50059
1.50839
1.52334
1.54323
1.56447
1.58291
1.59511
1.59923
1.59522
1.58418
1.56781
1.54839
1.52951
1.51632
1.51361
1.52244
1.53952
1.56036
1.582
1.60312
1.62305
1.6413
1.65745
1.67078
1.68013
1.684
1.68118
1.67159
1.65665
1.63883
1.62055
1.60308
1.58612
1.56848
1.54918
1.52855
1.50869
1.49256
1.48236
1.4787
1.48112
1.4888
1.50033
1.51328
1.52457
1.53178
1.53459
1.53535
1.53854
1.54892
1.5691
1.59774
1.62978
1.65843
1.67767
1.68375
1.67559
1.65451
1.6238
1.58807
1.55247
1.52176
1.49952
1.4878
1.48708
1.49632
1.51312
1.53433
1.55682
1.57818
1.59701
1.61272
1.62513
1.6341
1.63941
1.64093
1.6388
1.63364
1.62649
1.61873
1.61169
1.60651
1.60371
1.6032
1.60452
1.60732
1.61174
1.61832
1.62749
1.63904
1.652
1.66469
1.6752
1.68153
1.68193
1.67535
1.66178
1.64252
1.62032
1.59909
1.58302
1.57528
1.57705
1.5872
1.60297
1.62083
1.63731
1.64943
1.65519
1.65414
1.64766
1.63836
1.62874
1.61993
1.61158
1.60263
1.5922
1.58032
1.5682
1.55818
1.55278
1.55368
1.56112
1.57413
1.59113
1.61052
1.63097
1.65148
1.67123
1.68953
1.70582
1.71985
1.73163
1.74084
1.74633
1.74638
1.73934
1.72449
1.70237
1.67447
1.64301
1.6106
1.57995
1.55359
1.53347
1.52074
1.51553
1.51705
1.5237
1.53338
1.54419
1.55529
1.56736
1.58231
1.6019
1.6261
1.65256
1.6775
1.69738
1.71025
1.71584
1.71498
1.70875
1.69775
1.6821
1.66174
1.63703
1.60885
1.57856
1.54819
1.52079
1.50054
1.49161
1.49617
1.51297
1.53764
1.56465
1.58912
1.60763
1.61815
1.62001
1.61394
1.60224
1.58849
1.5767
1.5699
1.56879
1.57132
1.57365
1.57199
1.56442
1.55181
1.53713
1.52353
1.5125
1.50327
1.49337
1.4797
1.45978
1.43337
1.40387
1.37829
1.36496
1.36884
1.38842
1.41717
1.44792
1.47572
1.49787
1.51286
1.51967
1.51789
1.50832
1.49345
1.47737
1.46478
1.45944
1.46268
1.47316
1.48785
1.50347
1.51758
1.52861
1.53581
1.53905
1.53901
1.53734
1.53626
1.53765
1.54221
1.5493
1.5575
1.56547
1.57222
1.57697
1.579
1.57802
1.57445
1.56963
1.56558
1.56439
1.56772
1.57639
1.59007
1.60712
1.62465
1.63928
1.64833
1.65091
1.64821
1.643
1.63866
1.63812
1.64273
1.65178
1.66307
1.67387
1.68175
1.68508
1.68342
1.67788
1.67104
1.66627
1.66636
1.67196
1.68127
1.69094
1.69766
1.69927
1.69485
1.68461
1.66965
1.65197
1.63411
1.6181
1.60457
1.59293
1.58237
1.57261
1.5637
1.55591
1.54962
1.54551
1.54468
1.54844
1.55781
1.5727
1.59137
1.61044
1.62582
1.63408
1.63355
1.62483
1.61065
1.59483
1.58061
1.56916
1.55977
1.5512
1.54309
1.53644
1.53339
1.5366
1.54796
1.56741
1.59259
1.61966
1.64458
1.66431
1.67753
1.68472
1.68772
1.68875
1.68953
1.69075
1.69231
1.69372
1.69416
1.69252
1.68736
1.67705
1.66041
1.63745
1.61016
1.5825
1.55959
1.54632
1.54611
1.55994
1.58565
1.61825
1.65155
1.68006
1.70027
1.7109
1.71247
1.70694
1.69722
1.68639
1.67657
1.66811
1.65984
1.65034
1.63918
1.62743
1.61736
1.61134
1.61056
1.61431
1.62049
1.62698
1.63289
1.6388
1.64604
1.65561
1.66737
1.67997
1.69132
1.69942
1.70304
1.70216
1.69785
1.6917
1.685
1.67826
1.67129
1.66359
1.65477
1.64496
1.635
1.62651
1.62153
1.62194
1.62897
1.64297
1.6632
1.68791
1.71453
1.73994
1.76107
1.77557
1.7825
1.78227
1.77645
1.7671
1.75605
1.74451
1.73304
1.7217
1.71033
1.69861
1.68601
1.67182
1.65554
1.63744
1.61908
1.60289
1.59075
1.58239
1.57533
1.56664
1.55485
1.5405
1.52549
1.51205
1.50204
1.49679
1.49704
1.5029
1.51387
1.52933
1.54892
1.57223
1.59783
1.6225
1.64189
1.65245
1.65313
1.64622
1.63642
1.62805
1.62202
1.61563
1.60525
1.5893
1.56901
1.54765
1.5288
1.51487
1.50658
1.50371
1.50583
1.51225
1.52166
1.5321
1.54171
1.54939
1.55511
1.55954
1.56371
1.56866
1.57537
1.58483
1.59814
1.61603
1.63826
1.66309
1.6875
1.70796
1.72154
1.72668
1.72355
1.71395
1.70058
1.68601
1.67183
1.65861
1.64645
1.63549
1.62603
1.61826
1.61194
1.60623
1.60005
1.59268
1.58432
1.5763
1.57083
1.56996
1.57456
1.58397
1.59653
1.61045
1.6246
1.63855
1.65227
1.6655
1.67747
1.6869
1.69257
1.69393
1.69146
1.68659
1.68123
1.67689
1.67395
1.67132
1.66682
1.65823
1.64471
1.62835
1.61433
1.60804
1.61054
1.61752
1.62302
1.62339
1.61841
1.61062
1.60423
1.60378
1.61259
1.63112
1.65658
1.68416
1.70906
1.72784
1.73906
1.74295
1.74079
1.73425
1.72499
1.71452
1.70392
1.69376
1.68393
1.67367
1.66174
1.64666
1.62697
1.60155
1.57016
1.53397
1.49576
1.45985
1.43161
1.41618
1.41664
1.4324
1.45927
1.491
1.5215
1.54631
1.56321
1.57224
1.57507
1.57435
1.57277
1.57238
1.57424
1.57836
1.58427
1.59139
1.59924
1.60761
1.61657
1.62649
1.63782
1.65074
1.66468
1.67805
1.68848
1.69349
1.69146
1.68197
1.6656
1.64337
1.61654
1.58704
1.55781
1.53254
1.51479
1.50695
1.50929
1.51989
1.53552
1.55277
1.56854
1.58019
1.58598
1.58571
1.58103
1.57458
1.5688
1.56493
1.56282
1.56189
1.56191
1.56323
1.5663
1.57128
1.578
1.58558
1.59241
1.59672
1.59748
1.59492
1.59033
1.58537
1.58143
1.57927
1.57893
1.57996
1.58187
1.58429
1.58698
1.58964
1.59169
1.59238
1.59087
1.58639
1.57851
1.56732
1.55357
1.53859
1.52404
1.51152
1.502
1.49538
1.49027
1.48443
1.47564
1.4628
1.44638
1.42825
1.41105
1.39742
1.38949
1.38885
1.39646
1.41235
1.43514
1.46223
1.49056
1.51766
1.54229
1.56426
1.58403
1.60217
1.61894
1.63407
1.64678
1.65583
1.65994
1.65834
1.65122
1.63992
1.6266
1.61355
1.60234
1.59353
1.58685
1.58175
1.57791
1.5753
1.57394
1.5738
1.57465
1.5761
1.57766
1.57905
1.58054
1.58295
1.58723
1.59391
1.6024
1.61095
1.61697
1.61766
1.61095
1.59661
1.57737
1.55921
1.54961
1.55349
1.56985
1.59227
1.61287
1.62634
1.63099
1.62787
1.61905
1.6066
1.59182
1.57519
1.55636
1.53459
1.50958
1.48265
1.45741
1.43917
1.4329
1.44093
1.462
1.49245
1.52821
1.56608
1.60326
1.63665
1.66259
1.67799
1.68194
1.67672
1.6668
1.65589
1.64459
1.631
1.61373
1.59388
1.57518
1.56207
1.55723
1.56005
1.56729
1.57499
1.57993
1.58012
1.5748
1.56456
1.55137
1.53819
1.52806
1.52296
1.52324
1.52798
1.5359
1.54593
1.55732
1.56928
1.58088
1.59112
1.59903
1.60371
1.60436
1.60027
1.59052
1.57395
1.54975
1.51873
1.48452
1.45361
1.43327
1.42794
1.43693
1.4555
1.47784
1.49935
1.51743
1.53132
1.54138
1.54838
1.55282
1.55484
1.5544
1.55178
1.54796
1.54471
1.54426
1.54853
1.55849
1.57374
1.59284
1.61393
1.63547
1.65631
1.67536
1.69127
1.70246
1.70741
1.70508
1.69508
1.67752
1.65285
1.6222
1.58836
1.55583
1.52942
1.51209
1.50422
1.50446
1.51067
1.52051
1.53178
1.54253
1.55098
1.55529
1.55404
1.5469
1.53555
1.52409
1.51836
1.5236
1.54172
1.5699
1.60191
1.63087
1.65141
1.66059
1.65806
1.64603
1.62895
1.61247
1.60139
1.59788
1.60127
1.60922
1.61927
1.62967
1.63948
1.64837
1.65619
1.66273
1.66775
1.67122
1.6733
1.67413
1.67353
1.67091
1.66569
1.65756
1.6468
1.63417
1.62053
1.60657
1.59245
1.57794
1.56261
1.54629
1.52946
1.51335
1.49959
1.48982
1.48504
1.48543
1.49045
1.49908
1.51012
1.52242
1.53497
1.54714
1.5587
1.5699
1.58126
1.59322
1.6057
1.61786
1.62805
1.63417
1.63425
1.62717
1.61343
1.59549
1.57777
1.5657
1.56395
1.574
1.59272
1.61356
1.62962
1.63675
1.63472
1.6268
1.61826
1.61419
1.61751
1.62824
1.64402
1.66134
1.67666
1.68735
1.69234
1.69204
1.68788
1.68167
1.6749
1.66866
1.66376
1.66086
1.66059
1.6636
1.6705
1.68143
1.69551
1.71059
1.7237
1.73199
1.73372
1.72862
1.7176
1.70216
1.68375
1.66329
1.6413
1.61808
1.59417
1.57071
1.54939
1.5321
1.52026
1.51443
1.51423
1.51857
1.5261
1.53567
1.54647
1.55787
1.56946
1.5815
1.59511
1.61176
1.63224
1.65599
1.68122
1.70558
1.7268
1.74303
1.75285
1.75505
1.74862
1.73281
1.70733
1.67272
1.631
1.58648
1.54535
1.51312
1.49135
1.47727
1.46678
1.45732
1.44853
1.44153
1.43782
1.43853
1.44418
1.4547
1.46946
1.48715
1.50569
1.52251
1.53517
1.54183
1.54161
1.53482
1.52279
1.50771
1.49212
1.47848
1.46858
1.46307
1.4616
1.46356
1.46897
1.47881
1.4942
1.5153
1.54062
1.5673
1.5921
1.61234
1.62649
1.63423
1.63626
1.63386
1.62846
1.62108
1.61204
1.60128
1.58882
1.57542
1.56273
1.55294
1.54793
1.54845
1.55393
1.56293
1.57414
1.5872
1.60279
1.62188
1.64466
1.66986
1.69488
1.71655
1.73206
1.73952
1.7381
1.72786
1.70955
1.68443
1.65424
1.62102
1.58704
1.55471
1.52663
1.50539
1.49327
1.49143
1.49932
1.51471
1.53486
1.55754
1.58128
1.60478
1.62604
1.64256
1.65211
1.65358
1.64712
1.63381
1.6152
1.59299
1.56905
1.54534
1.52384
1.50646
1.4948
1.48997
1.49235
1.50155
1.51655
1.53594
1.5581
1.58096
1.60165
1.61671
1.62313
1.61962
1.60703
1.58796
1.56569
1.54324
1.52299
1.50663
1.4952
1.48896
1.48724
1.48861
1.49154
1.49544
1.50117
1.51045
1.52449
1.54302
1.56448
1.58691
1.60853
1.62803
1.64452
1.65743
1.66674
1.67293
1.67697
1.67994
1.68271
1.68578
1.68906
1.69148
1.6909
1.68471
1.67154
1.65278
1.63242
1.61455
1.60113
1.59247
1.58898
1.59104
1.59771
1.60638
1.61403
1.61876
1.62043
1.62016
1.61925
1.61808
1.61586
1.61126
1.6033
1.59199
1.57868
1.56617
1.55827
1.55872
1.56951
1.58981
1.61643
1.64538
1.67326
1.69749
1.71607
1.72755
1.73104
1.72657
1.71513
1.69856
1.67915
1.659
1.63962
1.62176
1.60567
1.59166
1.5804
1.57278
1.56933
1.56982
1.57327
1.57829
1.58354
1.58815
1.59193
1.59563
1.60053
1.60791
1.6184
1.63155
1.64577
1.65881
1.66871
1.67441
1.67589
1.67392
1.6696
1.66387
1.65675
1.64688
1.63182
1.60931
1.57913
1.54422
1.50997
1.48204
1.4638
1.45553
1.45558
1.46178
1.4723
1.48569
1.50087
1.51706
1.53326
1.54782
1.55846
1.56288
1.55972
1.54913
1.53263
1.51268
1.49173
1.47152
1.45261
1.43513
1.42114
1.41666
1.42858
1.45689
1.49317
1.52806
1.55695
1.57926
1.59598
1.60845
1.61777
1.62429
1.62757
1.62666
1.62076
1.60987
1.59518
1.57894
1.56372
1.55163
1.54395
1.54141
1.54448
1.55342
1.56819
1.58822
1.61208
1.63726
1.66054
1.67865
1.68894
1.68984
1.68093
1.66292
1.63757
1.60755
1.57629
1.54772
1.52564
1.51309
1.51176
1.52174
1.54157
1.56843
1.59857
1.62771
1.65175
1.66729
1.67227
1.66636
1.65127
1.63047
1.60813
1.58735
1.56874
1.55113
1.53384
1.51883
1.51004
1.51004
1.51704
1.52631
1.534
1.53924
1.54314
1.547
1.55152
1.55731
1.56529
1.57643
1.59099
1.60825
1.62687
1.64572
1.66431
1.68268
1.70075
1.71777
1.73221
1.74227
1.74646
1.74399
1.73481
1.71956
1.69944
1.67639
1.65323
1.63327
1.61926
1.61223
1.61114
1.61363
1.617
1.61902
1.61856
1.61593
1.61262
1.6099
1.60733
1.60283
1.59428
1.58094
1.56399
1.54624
1.53144
1.52323
1.52403
1.5342
1.55209
1.57475
1.5986
1.62014
1.63631
1.64511
1.64637
1.64212
1.63619
1.63269
1.6341
1.64013
1.64842
1.65621
1.66169
1.66449
1.66529
1.66512
1.66475
1.66446
1.66415
1.66366
1.66264
1.66065
1.65705
1.65137
1.64394
1.63658
1.63251
1.63498
1.645
1.66066
1.67823
1.69406
1.70529
1.7101
1.70819
1.70121
1.69204
1.68286
1.67363
1.66253
1.64816
1.63118
1.61443
1.60177
1.59645
1.59989
1.61095
1.62634
1.64174
1.65304
1.65742
1.65385
1.64293
1.62622
1.60535
1.58164
1.55624
1.53074
1.50788
1.49133
1.48477
1.49042
1.50787
1.53379
1.5631
1.59059
1.61248
1.62706
1.6348
1.63773
1.63847
1.63915
1.64069
1.64242
1.64266
1.63953
1.63165
1.6185
1.60051
1.57907
1.55647
1.53587
1.521
1.51517
1.51973
1.53314
1.55164
1.57081
1.58689
1.59726
1.60073
1.5978
1.59092
1.58366
1.57902
1.57766
1.57772
1.57642
1.57184
1.5639
1.55391
1.5437
1.53494
1.52883
1.52617
1.52741
1.53248
1.54092
1.55209
1.56542
1.58043
1.5966
1.61309
1.62874
1.64236
1.65299
1.66001
1.66307
1.66205
1.65701
1.64817
1.63584
1.62023
1.60159
1.58031
1.55729
1.53424
1.5136
1.49838
1.49155
1.49516
1.50937
1.53214
1.55949
1.58621
1.60712
1.6184
1.61839
1.60796
1.59025
1.56985
1.55162
1.53934
1.53457
1.53632
1.54184
1.54784
1.55167
1.5522
1.54991
1.54653
1.54419
1.54452
1.54833
1.55565
1.56603
1.57846
1.59145
1.60357
1.6141
1.62352
1.63296
1.64342
1.65487
1.66611
1.67533
1.68072
1.68099
1.67541
1.66396
1.64741
1.62736
1.60628
1.58732
1.57365
1.56744
1.56882
1.5755
1.58365
1.58935
1.59015
1.58547
1.57627
1.56438
1.55174
1.54017
1.53109
1.52536
1.52329
1.52485
1.53006
1.53917
1.55239
1.56891
1.58637
1.60132
1.61063
1.61284
1.60862
1.60053
1.59238
1.58817
1.59082
1.60108
1.61764
1.638
1.65941
1.67927
1.69522
1.70522
1.70753
1.70089
1.68512
1.66228
1.63749
1.61733
1.60511
1.5981
1.59067
1.57974
1.56652
1.55465
1.54751
1.54652
1.55086
1.55852
1.56756
1.57702
1.58682
1.59723
1.60808
1.61841
1.62656
1.63072
1.62961
1.62321
1.61311
1.60247
1.59485
1.5925
1.59519
1.60077
1.60673
1.61157
1.61542
1.61947
1.62464
1.63053
1.63572
1.63875
1.63913
1.63762
1.63589
1.6357
1.63809
1.64305
1.64966
1.65623
1.66045
1.65942
1.6505
1.63318
1.61056
1.58856
1.57313
1.56769
1.57244
1.58464
1.59948
1.6119
1.61823
1.6171
1.60916
1.59654
1.582
1.56793
1.5561
1.54777
1.54365
1.54353
1.54605
1.54886
1.54925
1.54493
1.53445
1.51726
1.49359
1.46455
1.4328
1.40298
1.38118
1.37276
1.37965
1.3993
1.42618
1.45456
1.48061
1.50287
1.52142
1.53652
1.54758
1.55278
1.54965
1.53665
1.51496
1.48927
1.46636
1.45156
1.44618
1.44809
1.45426
1.46265
1.47238
1.48336
1.49572
1.50946
1.52451
1.54098
1.55919
1.57939
1.60117
1.6231
1.64319
1.65966
1.67167
1.67938
1.68325
1.68322
1.67843
1.66794
1.65188
1.63211
1.61161
1.59296
1.57703
1.56291
1.54899
1.53472
1.52164
1.51273
1.51037
1.51455
1.52322
1.53402
1.54542
1.55668
1.56719
1.57593
1.58189
1.58439
1.58327
1.57875
1.57136
1.56204
1.55214
1.54358
1.5387
1.53985
1.54865
1.56519
1.58763
1.61253
1.63585
1.65403
1.66468
1.66676
1.66015
1.64536
1.62331
1.59521
1.5629
1.52906
1.49709
1.4708
1.45353
1.44711
1.45116
1.46339
1.4807
1.50041
1.52099
1.54193
1.56305
1.5836
1.60198
1.61636
1.62558
1.6298
1.63026
1.6286
1.62605
1.62336
1.62119
1.62035
1.6217
1.62571
1.63206
1.63947
1.64576
1.64855
1.64588
1.63692
1.62233
1.60406
1.58458
1.56619
1.55072
1.53954
1.53341
1.53235
1.53565
1.54203
1.54997
1.55792
1.56457
1.56911
1.57164
1.57344
1.57666
1.58341
1.59468
1.60998
1.62773
1.6461
1.66374
1.67979
1.69342
1.70348
1.70857
1.70756
1.69998
1.68623
1.6676
1.64617
1.62463
1.60574
1.59173
1.58354
1.58041
1.58037
1.58127
1.58147
1.58005
1.57676
1.57214
1.56751
1.56461
1.56486
1.5686
1.57483
1.58199
1.58897
1.59568
1.60291
1.61147
1.6213
1.63137
1.64032
1.64727
1.65192
1.65397
1.65276
1.64751
1.63786
1.62433
1.60828
1.59166
1.57654
1.56436
1.55543
1.54896
1.54374
1.53888
1.53426
1.53045
1.52824
1.52824
1.5306
1.53508
1.54103
1.54772
1.55461
1.56189
1.57088
1.58345
1.60058
1.62112
1.64199
1.65964
1.67169
1.67758
1.67844
1.6763
1.67331
1.67093
1.66951
1.66827
1.66573
1.66036
1.65087
1.63634
1.61638
1.59121
1.56191
1.53042
1.49949
1.47258
1.45367
1.44653
1.4532
1.47262
1.50061
1.53149
1.56019
1.58357
1.60061
1.61192
1.6192
1.62442
1.62916
1.63397
1.63796
1.63888
1.63378
1.62018
1.59745
1.56808
1.53801
1.51518
1.50642
1.51444
1.53711
1.56921
1.60483
1.63899
1.66821
1.6907
1.70608
1.71488
1.71816
1.71692
1.71166
1.70235
1.68882
1.67125
1.65051
1.62807
1.60585
1.58582
1.56955
1.55746
1.54859
1.54118
1.5335
1.52458
1.51455
1.50497
1.49883
1.49976
1.51045
1.53065
1.55676
1.58329
1.60512
1.61919
1.62478
1.62303
1.6159
1.60528
1.59253
1.57864
1.56482
1.55286
1.54489
1.54249
1.54586
1.55355
1.56316
1.57237
1.57978
1.58496
1.58809
1.5896
1.58991
1.58938
1.58831
1.58706
1.58594
1.5851
1.58413
1.58166
1.57561
1.56404
1.54628
1.52383
1.50045
1.48104
1.46979
1.4687
1.47708
1.49232
1.51096
1.52977
1.54618
1.55829
1.56475
1.5648
1.55856
1.54764
1.53531
1.52588
1.52364
1.53192
1.55212
1.58245
1.61795
1.65209
1.67902
1.69507
1.69944
1.69428
1.68395
1.67297
1.66391
1.65698
1.65157
1.64753
1.64544
1.64632
1.65117
1.66058
1.67439
1.69134
1.70922
1.72528
1.73687
1.74213
1.74024
1.73172
1.71811
1.70164
1.68475
1.66959
1.65793
1.65095
1.649
1.65122
1.65589
1.6611
1.66539
1.6679
1.66816
1.66594
1.66144
1.6554
1.64909
1.64364
1.63954
1.63642
1.63357
1.63053
1.62751
1.62563
1.62649
1.63136
1.64029
1.65179
1.66351
1.67323
1.67932
1.68077
1.67686
1.66686
1.64988
1.62477
1.59051
1.54708
1.49662
1.44445
1.39889
1.36878
1.35919
1.36876
1.39126
1.4197
1.44889
1.47557
1.49752
1.51314
1.52194
1.52516
1.52546
1.5249
1.52302
1.5171
1.50452
1.48479
1.46012
1.4347
1.41357
1.40125
1.40035
1.41064
1.42922
1.45173
1.47392
1.49285
1.50715
1.51682
1.52271
1.52601
1.52789
1.52919
1.53
1.52971
1.52736
1.52234
1.51488
1.50615
1.49779
1.49135
1.48789
1.48803
1.49211
1.50021
1.51194
1.52627
1.54168
1.55668
1.57024
1.58156
1.58985
1.59407
1.59325
1.58687
1.57502
1.55832
1.53775
1.51451
1.49
1.46569
1.44275
1.42168
1.40271
1.38685
1.37644
1.37417
1.38121
1.39626
1.41622
1.43774
1.45832
1.47656
1.49225
1.50675
1.5227
1.54274
1.56738
1.59388
1.61759
1.63479
1.64447
1.6482
1.64877
1.64832
1.64715
1.64377
1.63616
1.62311
1.60462
1.58176
1.55639
1.53081
1.50756
1.4889
1.47637
1.47047
1.47059
1.47518
1.4822
1.48953
1.4955
1.49963
1.50278
1.50657
1.51215
1.51939
1.52708
1.53382
1.53883
1.54198
1.54345
1.5435
1.54224
1.53974
1.53606
1.53095
1.52393
1.51468
1.50433
1.49656
1.49724
1.51169
1.54101
1.5806
1.62251
1.65915
1.68579
1.7008
1.7047
1.69901
1.68538
1.66521
1.6399
1.61156
1.58349
1.56013
1.54615
1.5448
1.55651
1.57831
1.60478
1.62983
1.64835
1.6571
1.65495
1.64268
1.62249
1.59737
1.57029
1.54362
1.51862
1.49556
1.47424
1.4548
1.43847
1.42741
1.42369
1.42788
1.43846
1.45237
1.46652
1.479
1.48956
1.49911
1.50876
1.51916
1.53032
1.54203
1.55402
1.56568
1.57579
1.58283
1.58581
1.58467
1.58035
1.57437
1.56834
1.56348
1.56034
1.55868
1.55773
1.55664
1.55477
1.55161
1.54689
1.54073
1.53369
1.52655
1.51993
1.51408
1.50921
1.50619
1.50688
1.5135
1.52708
1.54612
1.5669
1.58522
1.59816
1.60467
1.60509
1.60048
1.59221
1.58195
1.57164
1.56296
1.55687
1.55333
1.55178
1.55161
1.55241
1.55396
1.55622
1.55948
1.56431
1.57127
1.58057
1.59177
1.60414
1.6169
1.62951
1.64143
1.6518
1.6595
1.66367
1.66427
1.66222
1.65915
1.65663
1.6558
1.65744
1.6624
1.67173
1.68608
1.70493
1.72618
1.74637
1.7617
1.769
1.76645
1.75393
1.73292
1.70631
1.67784
1.6515
1.63057
1.61676
1.60975
1.60748
1.60734
1.60757
1.60786
1.60925
1.61313
1.62029
1.6302
1.64109
1.65032
1.6554
1.6546
1.64713
1.63315
1.61398
1.59231
1.57226
1.55833
1.55387
1.55966
1.57385
1.59298
1.61352
1.63314
1.65108
1.66767
1.68342
1.69813
1.71078
1.72028
1.72628
1.72942
1.73083
1.73151
1.732
1.73258
1.73336
1.73423
1.73463
1.73351
1.72972
1.72237
1.71123
1.69711
1.68167
1.66696
1.65468
1.64551
1.63895
1.63365
1.62801
1.62092
1.61221
1.60284
1.59461
1.58946
1.58871
1.59227
1.59852
1.60488
1.60921
1.61123
1.61302
1.61743
1.62567
1.63612
1.64551
1.65069
1.64989
1.64306
1.63164
1.61776
1.60314
1.58846
1.57395
1.56071
1.55165
1.5511
1.56231
1.58479
1.61357
1.64158
1.66288
1.67454
1.67655
1.67088
1.66031
1.64753
1.63452
1.6224
1.61185
1.60358
1.59862
1.59782
1.60131
1.60851
1.61853
1.63057
1.64369
1.65664
1.66793
1.67617
1.68039
1.68034
1.67667
1.67073
1.66414
1.65809
1.65304
1.6489
1.64542
1.6426
1.6407
1.64032
1.64212
1.64664
1.65393
1.66342
1.67402
1.68447
1.69367
1.70093
1.70593
1.70851
1.70868
1.70659
1.70276
1.69793
1.69272
1.68723
1.68108
1.67374
1.66493
1.65496
1.64463
1.63517
1.62805
1.62483
1.62683
1.63484
1.64859
1.6664
1.68504
1.70031
1.7085
1.70787
1.69906
1.68432
1.66612
1.64609
1.62485
1.60249
1.57918
1.55541
1.53182
1.50917
1.48846
1.47135
1.46057
1.45909
1.46833
1.48665
1.50973
1.53277
1.55243
1.56759
1.5788
1.58727
1.59399
1.59954
1.60412
1.60792
1.61112
1.61386
1.61622
1.61853
1.62153
1.62613
1.63289
1.64134
1.64993
1.65663
1.65974
1.65878
1.65467
1.64975
1.6474
1.65075
1.66084
1.67561
1.69113
1.7039
1.71184
1.7142
1.71139
1.70518
1.69845
1.69388
1.6923
1.692
1.69006
1.68441
1.67513
1.66409
1.65399
1.64705
1.64418
1.64483
1.64756
1.65115
1.65535
1.66081
1.6681
1.67683
1.6854
1.69165
1.69354
1.68956
1.67869
1.6606
1.63592
1.60637
1.57435
1.54233
1.51212
1.48473
1.46059
1.43989
1.42251
1.40816
1.39665
1.38858
1.38567
1.39004
1.40278
1.4231
1.4487
1.47667
1.50456
1.53116
1.55691
1.58358
1.61294
1.64528
1.67888
1.71066
1.73735
1.75648
1.7669
1.76891
1.76389
1.75329
1.73764
1.71663
1.6903
1.66047
1.63141
1.6093
1.60036
1.60817
1.6316
1.66491
1.70016
1.73022
1.75052
1.75919
1.75624
1.7427
1.72014
1.69055
1.65633
1.62029
1.58548
1.55486
1.53082
1.51469
1.50646
1.50473
1.50711
1.51096
1.51433
1.51659
1.51816
1.51963
1.52123
1.52306
1.52553
1.52956
1.53625
1.54621
1.55923
1.57434
1.59025
1.60594
1.62071
1.634
1.64517
1.65351
1.65817
1.65826
1.65291
1.6414
1.62353
1.5999
1.572
1.54232
1.51395
1.49018
1.47392
1.46705
1.46997
1.48117
1.49742
1.51472
1.5303
1.54421
1.55896
1.57678
1.59705
1.61635
1.63069
1.63701
1.63369
1.62084
1.60066
1.57709
1.5547
1.53748
1.52809
1.52771
1.53612
1.55201
1.57328
1.59727
1.62112
1.64243
1.65966
1.67194
1.67852
1.67859
1.67139
1.65716
1.63821
1.6193
1.6062
1.60202
1.60474
1.60937
1.61213
1.61245
1.61191
1.6123
1.61425
1.61707
1.61913
1.61842
1.61332
1.60304
1.58826
1.57139
1.55572
1.54369
1.53537
1.52908
1.52319
1.51718
1.51136
1.50598
1.50086
1.4955
1.48942
1.48224
1.47376
1.46429
1.45501
1.44783
1.44446
1.44497
1.44733
1.44867
1.4474
1.44453
1.44286
1.44483
1.45136
1.46237
1.47749
1.49635
1.5186
1.54361
1.57027
1.59702
1.62246
1.64555
1.66542
1.68096
1.69085
1.69393
1.68984
1.67948
1.66522
1.65048
1.63846
1.63071
1.62654
1.62393
1.62126
1.61824
1.61557
1.61409
1.61424
1.616
1.6189
1.6221
1.62465
1.62587
1.62552
1.62405
1.62245
1.62161
1.62149
1.62079
1.61759
1.61046
1.59908
1.58382
1.56524
1.54418
1.52232
1.50237
1.48768
1.48105
1.48377
1.49513
1.51284
1.53385
1.55519
1.57469
1.59114
1.60412
1.61348
1.6188
1.61931
1.61429
1.60372
1.58896
1.57298
1.55949
1.55156
1.55051
1.55585
1.56605
1.57931
1.59377
1.60768
1.61954
1.62838
1.63387
1.63624
1.63606
1.63399
1.63055
1.62595
1.61998
1.61237
1.60334
1.59411
1.58679
1.58357
1.58566
1.59284
1.6035
1.61521
1.6256
1.63297
1.63673
1.63716
1.63505
1.63156
1.62842
1.62789
1.6322
1.64235
1.65734
1.67435
1.68989
1.70107
1.70643
1.70598
1.70057
1.69142
1.67948
1.66532
1.64949
1.63289
1.61719
1.60471
1.59789
1.59816
1.60511
1.61664
1.62993
1.64268
1.65375
1.66325
1.67191
1.68037
1.68866
1.69606
1.70156
1.70447
1.7049
1.70383
1.70242
1.70118
1.69931
1.69479
1.68552
1.67067
1.6513
1.62942
1.60656
1.58326
1.56049
1.54101
1.52931
1.52985
1.54447
1.57088
1.60358
1.63639
1.66477
1.6867
1.70216
1.71216
1.71779
1.71995
1.71937
1.71631
1.71059
1.7017
1.68932
1.6738
1.65618
1.638
1.62098
1.60668
1.59585
1.58794
1.58122
1.57384
1.56475
1.5543
1.54397
1.53574
1.53112
1.53048
1.53299
1.53743
1.54303
1.54981
1.55796
1.56696
1.57522
1.58099
1.5839
1.58632
1.59219
1.60367
1.61897
1.63412
1.64608
1.65363
1.65661
1.65509
1.64942
1.64074
1.63142
1.6247
1.62367
1.62995
1.64296
1.65984
1.67629
1.68811
1.69247
1.68865
1.67791
1.66296
1.64725
1.6341
1.62596
1.62379
1.62699
1.63373
1.64174
1.64894
1.65386
1.65582
1.65497
1.65201
1.64766
1.6422
1.63518
1.62565
1.61265
1.59599
1.57683
1.55781
1.54218
1.53258
1.52986
1.53311
1.54052
1.55035
1.56134
1.57266
1.58372
1.59418
1.60416
1.61428
1.62589
1.64096
1.66129
1.68675
1.71393
1.73734
1.75216
1.75641
1.75099
1.73857
1.72247
1.70531
1.6883
1.67151
1.65516
1.64075
1.63065
1.62696
1.63066
1.64134
1.65723
1.67552
1.6928
1.70579
1.71229
1.71186
1.70575
1.69624
1.68544
1.67466
1.66452
1.65549
1.64837
1.64434
1.64442
1.64871
1.65588
1.66344
1.66875
1.67006
1.66697
1.66004
1.64997
1.63701
1.62097
1.60184
1.58064
1.55953
1.54089
1.52609
1.51486
1.50596
1.49821
1.49115
1.48512
1.48108
1.48042
1.48462
1.49476
1.51105
1.53257
1.55751
1.58348
1.60781
1.62779
1.64103
1.64604
1.64285
1.63322
1.62001
1.60554
1.59048
1.57412
1.55607
1.53752
1.52123
1.51053
1.50797
1.51432
1.52817
1.54653
1.56578
1.58296
1.59645
1.60585
1.61145
1.6139
1.61414
1.6133
1.61226
1.61091
1.60796
1.60148
1.58987
1.57277
1.55145
1.52869
1.508
1.49279
1.48528
1.48606
1.49418
1.50783
1.5251
1.54421
1.56354
1.58157
1.59698
1.60844
1.61431
1.61263
1.60194
1.58271
1.55825
1.53373
1.51352
1.49909
1.48959
1.48421
1.48357
1.48867
1.49926
1.51335
1.5281
1.541
1.5504
1.55547
1.55596
1.55261
1.54782
1.54519
1.54722
1.55338
1.56121
1.56899
1.57689
1.58619
1.59809
1.61316
1.63134
1.65213
1.67424
1.69555
1.71302
1.72318
1.72307
1.71139
1.68927
1.66039
1.63024
1.60444
1.58713
1.58003
1.58235
1.59136
1.60357
1.61581
1.62591
1.63268
1.63595
1.63637
1.63503
1.63293
1.6305
1.62772
1.62445
1.62082
1.61726
1.61426
1.61197
1.60995
1.6072
1.60251
1.59489
1.58399
1.5702
1.55443
1.53777
1.52124
1.50601
1.49371
1.48614
1.48436
1.48835
1.49771
1.51273
1.53402
1.56088
1.58963
1.6144
1.62994
1.63436
1.6303
1.62379
1.62113
1.62533
1.63539
1.64854
1.66245
1.67581
1.68779
1.69724
1.7023
1.70074
1.6909
1.67259
1.64743
1.61852
1.58962
1.56435
1.54559
1.53513
1.53331
1.53917
1.55095
1.56676
1.58499
1.60419
1.62285
1.63931
1.65196
1.65987
1.66309
1.66291
1.66175
1.66242
1.66741
1.67792
1.69331
1.71132
1.72893
1.74336
1.75284
1.75677
1.7557
1.75094
1.74426
1.73749
1.73197
1.72826
1.72611
1.72477
1.72344
1.7213
1.71695
1.70814
1.6933
1.67358
1.65235
1.63187
1.61137
1.58885
1.56358
1.53655
1.50994
1.48658
1.46943
1.46084
1.46206
1.47308
1.49264
1.51817
1.54647
1.57486
1.60194
1.62737
1.6512
1.67322
1.69266
1.70843
1.71941
1.72482
1.72445
1.71882
1.70928
1.69779
1.68644
1.67697
1.6706
1.66795
1.66896
1.67288
1.6784
1.6841
1.68896
1.69275
1.6959
1.69921
1.70324
1.70799
1.71254
1.71501
1.71294
1.70412
1.68743
1.6634
1.63416
1.60294
1.57317
1.54745
1.52687
1.51106
1.499
1.48985
1.48332
1.4795
1.47867
1.48113
1.48731
1.49773
1.51266
1.53163
1.55309
1.57444
1.59278
1.60577
1.61226
1.6124
1.60753
1.59994
1.59248
1.58792
1.58792
1.59234
1.59929
1.60599
1.60982
1.60922
1.60431
1.59748
1.59271
1.59317
1.5984
1.60437
1.60649
1.6025
1.59275
1.57861
1.5609
1.53999
1.5175
1.49755
1.48602
1.48723
1.50113
1.52388
1.55075
1.57835
1.60496
1.62984
1.65236
1.67172
1.68724
1.69874
1.70687
1.71303
1.71924
1.72748
1.73864
1.75149
1.76283
1.76893
1.7671
1.75651
1.73818
1.7146
1.68907
1.6647
1.64337
1.6253
1.60951
1.59502
1.58185
1.57134
1.56575
1.56734
1.57734
1.59536
1.61937
1.64618
1.67229
1.69465
1.71112
1.72076
1.72356
1.72015
1.71127
1.69756
1.67944
1.65721
1.63139
1.60312
1.5746
1.54919
1.5304
1.52027
1.51859
1.52351
1.53272
1.54431
1.55713
1.57045
1.58355
1.59539
1.60434
1.60823
1.60486
1.5927
1.57168
1.54341
1.51104
1.47884
1.45136
1.43228
1.42348
1.42475
1.43449
1.45087
1.47253
1.49839
1.52717
1.55688
1.58518
1.61005
1.63026
1.64572
1.65721
1.66534
1.6689
1.66484
1.65025
1.62488
1.59195
1.55726
1.52708
1.50592
1.49517
1.49336
1.49752
1.50469
1.51283
1.52109
1.52951
1.5381
1.54616
1.55203
1.55382
1.55083
1.54504
1.54104
1.54378
1.55518
1.57295
1.59265
1.61013
1.6228
1.62959
1.63076
1.62744
1.62119
1.61357
1.6058
1.59871
1.59258
1.58705
1.58134
1.57459
1.56636
1.55678
1.54673
1.53797
1.53307
1.5347
1.54468
1.56295
1.58747
1.61494
1.64204
1.66632
1.68652
1.70229
1.7137
1.72088
1.72384
1.72248
1.71672
1.70662
1.69261
1.67568
1.65725
1.63893
1.62198
1.60695
1.59373
1.58198
1.572
1.56511
1.56316
1.56729
1.57674
1.58885
1.60009
1.60721
1.60782
1.6006
1.58564
1.56494
1.54252
1.52365
1.51295
1.51233
1.5204
1.53415
1.55113
1.57035
1.59188
1.61581
1.64178
1.66906
1.69685
1.7244
1.75074
1.77414
1.79228
1.80283
1.80405
1.79518
1.7766
1.74983
1.71747
1.68276
1.6492
1.61985
1.59687
1.58122
1.57276
1.57051
1.57316
1.57927
1.58727
1.59535
1.6015
1.60394
1.60169
1.59472
1.58358
1.56914
1.5524
1.53476
1.51814
1.50469
1.49609
1.49287
1.49412
1.49802
1.50273
1.50712
1.51104
1.51479
1.51874
1.52318
1.52835
1.53433
1.54082
1.5472
1.55291
1.55789
1.56279
1.56859
1.57603
1.58495
1.59442
1.60315
1.61011
1.6152
1.61926
1.6235
1.62852
1.634
1.63932
1.64449
1.65012
1.65667
1.66377
1.67008
1.67379
1.67326
1.66752
1.65659
1.64161
1.62484
1.60911
1.59706
1.58997
1.5871
1.58596
1.58338
1.57701
1.56652
1.5541
1.54384
1.5401
1.54596
1.56216
1.58698
1.6167
1.64643
1.67111
1.68655
1.69037
1.68237
1.66463
1.64119
1.61708
1.59681
1.58299
1.57593
1.57422
1.57585
1.57903
1.58246
1.58522
1.58683
1.58718
1.58656
1.58531
1.58368
1.58159
1.57878
1.57499
1.57031
1.56513
1.56003
1.55564
1.55239
1.55061
1.55074
1.55317
1.55803
1.56487
1.57286
1.581
1.58833
1.59425
1.59875
1.60267
1.6076
1.61542
1.62754
1.6441
1.66378
1.6843
1.70334
1.71942
1.73214
1.74152
1.74724
1.74823
1.74315
1.73136
1.71342
1.69115
1.6671
1.64416
1.62521
1.6128
1.60848
1.61202
1.62089
1.63092
1.63783
1.63877
1.63326
1.62307
1.61137
1.60135
1.59532
1.59465
1.59981
1.60978
1.62181
1.63244
1.63899
1.64059
1.63825
1.63423
1.63107
1.63088
1.63473
1.64241
1.65264
1.66387
1.67516
1.68622
1.69576
1.70068
1.69759
1.68504
1.66428
1.63824
1.61018
1.58297
1.559
1.54042
1.52883
1.52466
1.52672
1.53234
1.53814
1.54109
1.53931
1.53263
1.52261
1.51194
1.50352
1.49938
1.50017
1.50559
1.51522
1.52909
1.54749
1.5704
1.59707
1.62601
1.65549
1.68397
1.71001
1.73178
1.74666
1.75188
1.74556
1.72782
1.70083
1.66844
1.6352
1.6055
1.58298
1.57038
1.56921
1.57911
1.59738
1.61964
1.64137
1.65939
1.6722
1.67963
1.68217
1.68059
1.6757
1.66828
1.65928
1.64985
1.64129
1.63456
1.63001
1.62721
1.62537
1.62379
1.62204
1.62001
1.61774
1.61552
1.61373
1.61263
1.61216
1.61189
1.61108
1.60897
1.60497
1.59887
1.59083
1.58164
1.57282
1.56653
1.565
1.56955
1.57966
1.59299
1.60634
1.61695
1.62316
1.62458
1.62178
1.61597
1.60869
1.60178
1.59734
1.59749
1.60347
1.61461
1.62819
1.64071
1.64942
1.65317
1.65258
1.64952
1.64612
1.64363
1.64198
1.6402
1.63735
1.63306
1.62755
1.62108
1.61348
1.60406
1.59181
1.57582
1.556
1.53375
1.51226
1.49626
1.49096
1.50008
1.52378
1.55857
1.59938
1.64172
1.68239
1.71913
1.75007
1.77356
1.78822
1.79328
1.78879
1.77587
1.75642
1.7327
1.70664
1.67962
1.6525
1.62591
1.60019
1.57537
1.55132
1.52814
1.5068
1.4892
1.47745
1.47266
1.4744
1.48117
1.49134
1.50376
1.51769
1.53219
1.54574
1.5564
1.56251
1.56344
1.55991
1.55379
1.54751
1.54356
1.54373
1.54865
1.55747
1.56836
1.57918
1.58824
1.59455
1.59751
1.59653
1.59106
1.5811
1.5681
1.55546
1.54752
1.54759
1.55586
1.56926
1.58322
1.59363
1.59788
1.59496
1.58526
1.57032
1.55251
1.53474
1.52029
1.51224
1.51257
1.5214
1.53705
1.55705
1.57909
1.60164
1.62375
1.64485
1.66447
1.68207
1.69688
1.70797
1.71463
1.71667
1.71456
1.70913
1.701
1.69052
1.67813
1.66494
1.65313
1.64576
1.64588
1.65519
1.67313
1.69675
1.72163
1.74313
1.7574
1.76175
1.75449
1.73506
1.70439
1.66559
1.62429
1.58723
1.55969
1.54347
1.53717
1.53806
1.54363
1.55172
1.56008
1.56617
1.56754
1.56276
1.55194
1.53684
1.52029
1.50517
1.49376
1.48779
1.48868
1.49755
1.51476
1.53951
1.56966
1.60209
1.6333
1.66002
1.67958
1.69014
1.69081
1.68172
1.66399
1.63949
1.61072
1.58071
1.55303
1.53163
1.51991
1.51956
1.52991
1.54799
1.56945
1.5897
1.60508
1.61366
1.61571
1.61389
1.6126
1.61626
1.62683
1.64218
1.65704
1.66575
1.66484
1.65467
1.63951
1.62531
1.6162
1.61286
1.61444
1.62035
1.62979
1.64069
1.64975
1.65358
1.64993
1.63823
1.61976
1.59735
1.57495
1.55695
1.54722
1.54799
1.55923
1.57912
1.60487
1.63334
1.66123
1.68509
1.70162
1.70807
1.70289
1.6864
1.66115
1.632
1.60502
1.58565
1.57682
1.57828
1.58745
1.60083
1.61507
1.62751
1.63619
1.63993
1.63845
1.63255
1.62383
1.61406
1.60455
1.59617
1.5897
1.58595
1.58552
1.58831
1.59362
1.6002
1.60649
1.61069
1.61139
1.60813
1.60176
1.59428
1.58805
1.58495
1.58587
1.59067
1.59836
1.6075
1.61657
1.62444
1.63084
1.63678
1.64405
1.6539
1.66587
1.67797
1.68782
1.69337
1.69332
1.68703
1.67473
1.65754
1.63754
1.6176
1.6006
1.58853
1.5818
1.57938
1.57953
1.58071
1.58221
1.58453
1.58906
1.59754
1.6108
1.62802
1.64674
1.66364
1.67573
1.68102
1.67853
1.66829
1.65119
1.62897
1.60416
1.58
1.56002
1.54781
1.54627
1.5564
1.57605
1.60016
1.62293
1.64041
1.6516
1.65762
1.66001
1.65928
1.65471
1.64515
1.63013
1.61067
1.5891
1.56795
1.5484
1.52936
1.50796
1.48156
1.45025
1.41828
1.3929
1.38012
1.38072
1.39065
1.40486
1.41999
1.43482
1.4495
1.4649
1.4821
1.50181
1.52377
1.54652
1.56753
1.58396
1.59339
1.59466
1.5882
1.57595
1.56088
1.54639
1.53565
1.53104
1.53364
1.5429
1.55671
1.57187
1.58469
1.59182
1.59086
1.58067
1.56151
1.53507
1.50441
1.47366
1.44737
1.42956
1.42219
1.42395
1.43
1.43348
1.42832
1.41227
1.38847
1.36353
1.34278
1.32767
1.31838
1.31688
1.32689
1.35158
1.39131
1.44233
1.49764
1.5494
1.59157
1.62087
1.63643
1.63884
1.62949
1.61017
1.58318
1.55165
1.51968
1.49188
1.47212
1.46223
1.4618
1.46888
1.48065
1.49377
1.50477
1.51075
1.51025
1.5036
1.4926
1.47974
1.46717
1.45633
1.44825
1.44436
1.44689
1.45749
1.47473
1.49364
1.50825
1.51444
1.51091
1.49871
1.48075
1.46138
1.44563
1.43819
1.4423
1.45878
1.48586
1.51976
1.55582
1.58966
1.61741
1.63618
1.64437
1.64214
1.63165
1.6166
1.60116
1.58852
1.58019
1.57615
1.57528
1.57573
1.57535
1.57268
1.56761
1.56134
1.55565
1.55209
1.55145
1.55362
1.55781
1.563
1.56836
1.57349
1.57806
1.58149
1.58264
1.58015
1.57332
1.56271
1.55017
1.53795
1.5278
1.52036
1.51544
1.51248
1.51125
1.51212
1.5161
1.52438
1.53774
1.55589
1.57734
1.59965
1.61994
1.63555
1.64461
1.64644
1.64166
1.63204
1.6202
1.60868
1.59915
1.59207
1.58703
1.5834
1.58081
1.57955
1.58063
1.58552
1.59532
1.60979
1.62699
1.644
1.65817
1.66794
1.6732
1.67488
1.67441
1.67311
1.67161
1.66952
1.66537
1.65714
1.64338
1.62451
1.6038
1.58703
1.5799
1.58463
1.59863
1.61695
1.63561
1.65315
1.67
1.68682
1.70315
1.71717
1.72654
1.72949
1.72545
1.71505
1.69941
1.67964
1.65664
1.63136
1.60532
1.58088
1.56099
1.54845
1.54508
1.55099
1.56452
1.58285
1.60304
1.6229
1.64138
1.65834
1.67406
1.6889
1.7029
1.71559
1.72604
1.73323
1.73661
1.73641
1.73349
1.7289
1.72353
1.71817
1.71371
1.71114
1.7111
1.71292
1.71424
1.71155
1.70151
1.68228
1.65406
1.61899
1.58064
1.54309
1.50983
1.48278
1.46187
1.44557
1.43192
1.41949
1.40782
1.39732
1.38887
1.38334
1.38126
1.3826
1.38659
1.39176
1.39602
1.39714
1.39364
1.38573
1.37567
1.3674
1.36503
1.37101
1.38479
1.40318
1.42187
1.43733
1.44807
1.45493
1.46029
1.46666
1.47544
1.48639
1.49824
1.50963
1.51967
1.52799
1.53461
1.53964
1.54319
1.5454
1.54655
1.54711
1.54765
1.54894
1.55182
1.55735
1.56651
1.57947
1.5949
1.60985
1.62045
1.6231
1.61571
1.59819
1.57222
1.54066
1.507
1.47491
1.44803
1.42968
1.42238
1.42737
1.44418
1.47056
1.50286
1.53663
1.56755
1.59221
1.60853
1.61604
1.61587
1.61046
1.60317
1.59769
1.59751
1.60523
1.62134
1.64359
1.66756
1.68866
1.70385
1.71226
1.71489
1.71366
1.71053
1.70677
1.70255
1.69691
1.68843
1.67616
1.66046
1.64297
1.62582
1.61084
1.59941
1.59263
1.59123
1.59508
1.60279
1.6118
1.61897
1.62153
1.61803
1.60906
1.59728
1.58689
1.58226
1.58559
1.59535
1.60722
1.61687
1.62191
1.62211
1.61849
1.61247
1.60524
1.59734
1.5887
1.5787
1.5665
1.55137
1.5331
1.51261
1.49222
1.47554
1.46619
1.46599
1.47404
1.48721
1.50171
1.51453
1.52441
1.53202
1.53976
1.55099
1.56882
1.59522
1.63031
1.67212
1.71695
1.76007
1.79669
1.82275
1.83528
1.83282
1.8155
1.7852
1.74547
1.70124
1.65807
1.6208
1.59236
1.57312
1.56131
1.55442
1.55054
1.54884
1.54918
1.55105
1.55308
1.55368
1.55265
1.55192
1.55471
1.56348
1.57851
1.59779
1.61798
1.63562
1.648
1.65358
1.65211
1.64453
1.63259
1.61839
1.60365
1.58921
1.57495
1.56028
1.545
1.53042
1.52029
1.51984
1.53265
1.55778
1.59032
1.6243
1.65533
1.68174
1.70442
1.72555
1.74648
1.76642
1.78302
1.79378
1.79708
1.79236
1.77992
1.76082
1.73683
1.71039
1.68434
1.66144
1.64369
1.63182
1.62528
1.62276
1.62304
1.62566
1.63086
1.63885
1.64892
1.65931
1.6678
1.67238
1.67168
1.66523
1.65358
1.63846
1.62241
1.60809
1.5974
1.59089
1.58791
1.5873
1.58829
1.59084
1.59568
1.60377
1.61583
1.63192
1.6511
1.67133
1.68971
1.70319
1.70931
1.70682
1.69583
1.67772
1.6547
1.62929
1.60391
1.5807
1.56154
1.54785
1.54003
1.53688
1.53575
1.53344
1.52734
1.51581
1.49859
1.47741
1.45628
1.44072
1.43587
1.44457
1.46664
1.49908
1.53719
1.57577
1.61046
1.63842
1.65833
1.67004
1.67421
1.67218
1.6661
1.65855
1.65199
1.64814
1.64777
1.65098
1.65752
1.66692
1.67845
1.69106
1.70341
1.71383
1.72048
1.72152
1.71551
1.70197
1.68184
1.65736
1.63154
1.60709
1.58571
1.56842
1.55619
1.54998
1.55015
1.55595
1.56576
1.57783
1.59086
1.60415
1.61725
1.62949
1.63985
1.64728
1.65111
1.65142
1.64909
1.64557
1.64244
1.64084
1.64114
1.64272
1.64409
1.64357
1.64005
1.63366
1.62563
1.61785
1.6119
1.60835
1.60672
1.60623
1.60643
1.6075
1.60989
1.61413
1.62098
1.63151
1.64659
1.66621
1.68896
1.71238
1.73362
1.75021
1.76061
1.7644
1.76228
1.75562
1.74606
1.7352
1.72429
1.71401
1.70438
1.69468
1.68352
1.66931
1.6509
1.62818
1.60242
1.57674
1.55594
1.54499
1.54646
1.55867
1.57683
1.596
1.61331
1.62828
1.64204
1.65607
1.67127
1.68788
1.70607
1.7265
1.74981
1.77536
1.80068
1.82221
1.83647
1.84074
1.8332
1.81304
1.78068
1.73793
1.68807
1.63539
1.58459
1.54002
1.50529
1.48286
1.47359
1.47646
1.48897
1.50781
1.52965
1.55149
1.57108
1.58712
1.5994
1.60852
1.61579
1.62306
1.6325
1.64604
1.66479
1.68852
1.71583
1.74477
1.77356
1.80096
1.82626
1.84891
1.86809
1.88256
1.89067
1.8906
1.88073
1.85989
1.82766
1.78483
1.73396
1.67942
1.62689
1.58195
1.54882
1.5297
1.52479
1.53251
1.54992
1.57357
1.60051
1.62893
1.65793
1.68683
1.71419
1.73742
1.75304
1.75749
1.74833
1.72547
1.69214
1.65505
1.62288
1.60297
1.59795
1.60459
1.61677
1.62918
1.63886
1.64484
1.64736
1.64718
1.64537
1.643
1.64092
1.63934
1.63781
1.63535
1.63095
1.62406
1.61472
1.60334
1.59055
1.5768
1.56262
1.54887
1.53712
1.52953
1.52814
1.53382
1.54558
1.56095
1.57726
1.59272
1.60667
1.61911
1.63021
1.63992
1.64802
1.65409
1.65765
1.65815
1.65512
1.6483
1.6377
1.62374
1.6073
1.58947
1.57151
1.55483
1.541
1.53155
1.52753
1.52888
1.53424
1.54153
1.5488
1.55463
1.5581
1.55855
1.55542
1.54859
1.53914
1.53053
1.52831
1.53745
1.5585
1.58669
1.61453
1.6352
1.64423
1.63967
1.62185
1.59277
1.55571
1.51453
1.47315
1.43505
1.4031
1.37935
1.36488
1.35955
1.36208
1.3707
1.38378
1.4002
1.41909
1.43955
1.46061
1.4814
1.50117
1.51921
1.53495
1.54811
1.55862
1.56638
1.57123
1.57311
1.57231
1.56963
1.56658
1.5654
1.56831
1.5765
1.58931
1.60441
1.6191
1.63158
1.64142
1.64896
1.65455
1.65802
1.65878
1.65649
1.65166
1.64593
1.64166
1.64107
1.64527
1.65392
1.6654
1.67733
1.68692
1.69128
1.68808
1.67621
1.6563
1.63067
1.60284
1.57678
1.55609
1.54324
1.53893
1.54166
1.54805
1.55379
1.55513
1.55038
1.54074
1.53
1.52311
1.52391
1.53348
1.54979
1.56871
1.58574
1.5976
1.60294
1.60193
1.59536
1.58393
1.56853
1.55107
1.53491
1.52377
1.51997
1.52353
1.53281
1.54589
1.56131
1.57814
1.5955
1.61209
1.62602
1.63502
1.63698
1.63067
1.61606
1.59437
1.56828
1.54204
1.5207
1.50852
1.50718
1.51541
1.53038
1.54902
1.56851
1.58614
1.59934
1.60605
1.60532
1.59732
1.58315
1.56442
1.54297
1.52088
1.50055
1.48469
1.47604
1.47712
1.48969
1.51412
1.54873
1.58949
1.63089
1.66755
1.69567
1.71358
1.72134
1.72001
1.7111
1.69623
1.67715
1.65565
1.63357
1.61258
1.59382
1.57774
1.56436
1.55357
1.54585
1.5422
1.54343
1.54924
1.55828
1.56872
1.57901
1.5881
1.59529
1.60012
1.60245
1.60256
1.60098
1.59812
1.59372
1.58676
1.57617
1.56169
1.54444
1.52618
1.50797
1.48963
1.47085
1.4526
1.43757
1.42924
1.43045
1.44262
1.46542
1.49712
1.535
1.57583
1.61631
1.65359
1.68561
1.71101
1.72878
1.73786
1.73729
1.72666
1.70677
1.67998
1.6499
1.62068
1.59584
1.57758
1.56695
1.56463
1.57122
1.58652
1.60844
1.6329
1.65508
1.6713
1.68033
1.68346
1.68307
1.68066
1.67659
1.67152
1.66736
1.6667
1.67105
1.67994
1.69131
1.7029
1.71324
1.72164
1.72795
1.73192
1.733
1.73028
1.72283
1.71018
1.69255
1.67105
1.64761
1.62481
1.60556
1.59232
1.58633
1.58702
1.5922
1.59861
1.60285
1.60237
1.59641
1.58664
1.5767
1.57054
1.57027
1.57525
1.58289
1.59018
1.59462
1.59458
1.58963
1.58113
1.57278
1.56987
1.5766
1.59316
1.61512
1.63596
1.65008
1.65414
1.647
1.6292
1.60262
1.5706
1.53757
1.50824
1.48689
1.47719
1.48168
1.50074
1.53222
1.57205
1.61521
1.65633
1.69049
1.71386
1.72446
1.72248
1.71028
1.69175
1.67137
1.65284
1.63816
1.62749
1.61957
1.61234
1.60362
1.59153
1.57507
1.55448
1.53131
1.50805
1.48758
1.47247
1.46463
1.46507
1.47392
1.49081
1.51508
1.54559
1.58043
1.61694
1.652
1.68264
1.70626
1.72075
1.72437
1.71541
1.69201
1.6529
1.59953
1.53902
1.48439
1.44869
1.43752
1.44744
1.47005
1.49747
1.5253
1.55194
1.57659
1.59803
1.61446
1.62401
1.62601
1.62206
1.61583
1.61041
1.6053
1.59696
1.58324
1.56664
1.55323
1.54866
1.55502
1.57019
1.58944
1.60728
1.61907
1.62204
1.61564
1.60141
1.58232
1.56214
1.54506
1.53534
1.53651
1.55029
1.57576
1.60967
1.64743
1.68435
1.7166
1.7416
1.75788
1.76474
1.76185
1.74917
1.72711
1.69676
1.66005
1.61957
1.57838
1.53997
1.50834
1.4873
1.47924
1.48411
1.49953
1.52185
1.54741
1.57307
1.59635
1.61528
1.62839
1.63477
1.63413
1.62685
1.61399
1.59722
1.57859
1.56035
1.54506
1.53576
1.53577
1.54758
1.57156
1.60515
1.64333
1.67968
1.70822
1.72515
1.73025
1.72724
1.72239
1.72142
1.7266
1.73622
1.74606
1.75177
1.75035
1.74033
1.72181
1.696
1.66524
1.63282
1.6025
1.57767
1.56037
1.5508
1.54739
1.54775
1.54983
1.55299
1.55808
1.56641
1.57806
1.59109
1.60192
1.60671
1.6025
1.58817
1.56509
1.53753
1.51178
1.49384
1.48681
1.49045
1.50255
1.5203
1.54066
1.56008
1.57455
1.58067
1.57775
1.57004
1.56619
1.57369
1.59239
1.61521
1.63501
1.64925
1.65918
1.667
1.67377
1.67889
1.68098
1.67868
1.67123
1.65861
1.64174
1.62274
1.60513
1.59324
1.59054
1.59795
1.61353
1.6334
1.65294
1.66805
1.67609
1.67632
1.66953
1.65727
1.64133
1.62365
1.60618
1.59036
1.57658
1.56439
1.55332
1.54377
1.5371
1.53498
1.53845
1.54727
1.56023
1.57588
1.59321
1.61196
1.63245
1.65505
1.67963
1.70517
1.7299
1.7518
1.76915
1.78082
1.78656
1.78668
1.7818
1.77237
1.75831
1.73898
1.71359
1.68199
1.64566
1.60854
1.57703
1.55842
1.55707
1.57191
1.59755
1.62759
1.65704
1.6831
1.70489
1.72279
1.73773
1.75033
1.76038
1.76691
1.76897
1.76661
1.76119
1.75439
1.74668
1.73724
1.7253
1.71092
1.69456
1.67658
1.65732
1.63743
1.61765
1.59869
1.58131
1.56671
1.55644
1.5518
1.55354
1.56203
1.57731
1.59858
1.62343
1.64815
1.66945
1.68576
1.69703
1.70394
1.70727
1.70782
1.70654
1.70414
1.70063
1.69511
1.68622
1.67299
1.65561
1.63578
1.61625
1.59961
1.58715
1.57845
1.57215
1.56717
1.56316
1.56003
1.55715
1.55319
1.54672
1.53719
1.52565
1.51462
1.50694
1.50401
1.5046
1.50548
1.50333
1.49676
1.4875
1.47998
1.47924
1.48831
1.50707
1.53296
1.56288
1.59437
1.62568
1.65454
1.67742
1.69029
1.69122
1.68308
1.67385
1.67273
1.68419
1.70566
1.73015
1.74989
1.75856
1.75222
1.7295
1.69161
1.64273
1.59066
1.54644
1.52136
1.52163
1.54395
1.57669
1.6069
1.62644
1.63308
1.62838
1.61562
1.59847
1.58071
1.56606
1.55798
1.5588
1.5689
1.58634
1.60731
1.62719
1.64173
1.64813
1.64576
1.63657
1.62454
1.61387
1.60732
1.60584
1.60938
1.61722
1.62803
1.63992
1.65094
1.65971
1.66575
1.66951
1.67202
1.67422
1.67645
1.67812
1.67783
1.67381
1.66469
1.65017
1.63143
1.61101
1.5918
1.57583
1.56333
1.55311
1.54374
1.53458
1.52605
1.51941
1.51619
1.51773
1.52486
1.53736
1.55393
1.5725
1.59087
1.60708
1.61938
1.62637
1.62727
1.62237
1.61307
1.6017
1.59081
1.58238
1.57745
1.57605
1.57768
1.58194
1.58861
1.59701
1.60539
1.61117
1.61205
1.60689
1.59608
1.58127
1.56519
1.55133
1.54351
1.54467
1.55536
1.57295
1.59261
1.60973
1.62178
1.62873
1.63193
1.6328
1.63228
1.63105
1.62981
1.62948
1.63094
1.63403
1.63701
1.63728
1.63324
1.62582
1.61845
1.61516
1.61786
1.62491
1.63228
1.63597
1.63386
1.62627
1.61564
1.60579
1.60067
1.60277
1.61204
1.62594
1.64049
1.65166
1.65653
1.65376
1.64387
1.62935
1.61417
1.60271
1.59833
1.60218
1.61304
1.62804
1.6438
1.65743
1.66698
1.67135
1.67032
1.66454
1.65534
1.64427
1.63255
1.62077
1.60916
1.59774
1.58652
1.57563
1.56546
1.55674
1.55056
1.54812
1.55032
1.55736
1.56849
1.58215
1.59625
1.60842
1.6163
1.61795
1.61232
1.59953
1.58103
1.55931
1.53732
1.51792
1.50351
1.49555
1.49416
1.49809
1.50537
1.51405
1.52273
1.5307
1.53787
1.5449
1.55287
1.56275
1.57482
1.58845
1.6023
1.61476
1.6242
1.6292
1.62873
1.62242
1.61074
1.59511
1.5778
1.56148
1.5485
1.54022
1.53658
1.53617
1.53681
1.53647
1.53414
1.53025
1.52623
1.52357
1.52328
1.52584
1.53129
1.53914
1.5482
1.55685
1.56373
1.56833
1.57124
1.57379
1.57747
1.58345
1.59241
1.60462
1.61971
1.63617
1.65151
1.66278
1.66742
1.66401
1.65266
1.63503
1.61397
1.59265
1.57338
1.55647
1.54013
1.52171
1.49967
1.47501
1.45171
1.43574
1.43296
1.44701
1.47781
1.52164
1.57215
1.62219
1.6656
1.69821
1.71804
1.7251
1.72116
1.70949
1.69403
1.67829
1.66413
1.6515
1.63922
1.62644
1.61369
1.60325
1.59812
1.60012
1.60842
1.61984
1.63048
1.63749
1.64011
1.63987
1.63983
1.64305
1.65069
1.66152
1.67287
1.68203
1.68703
1.68683
1.68121
1.67073
1.6564
1.63951
1.62137
1.60313
1.58596
1.57111
1.55978
1.55296
1.55099
1.55374
1.56065
1.57079
1.58263
1.59405
1.60255
1.60568
1.60188
1.59147
1.57729
1.56414
1.55665
1.55715
1.56494
1.57736
1.59124
1.60392
1.61363
1.61954
1.6216
1.62038
1.61698
1.61275
1.60907
1.60711
1.60752
1.61025
1.61459
1.61945
1.62385
1.62737
1.63031
1.63352
1.638
1.64431
1.65212
1.66003
1.66584
1.66725
1.66267
1.6517
1.63521
1.61476
1.592
1.56816
1.54376
1.51916
1.49536
1.47477
1.4614
1.4598
1.47289
1.49964
1.53476
1.57152
1.60493
1.63266
1.65424
1.6701
1.68088
1.68684
1.68762
1.6825
1.67101
1.65345
1.63111
1.60589
1.57976
1.55438
1.53129
1.51227
1.49968
1.49622
1.50412
1.5235
1.55124
1.58144
1.60763
1.62499
1.63138
1.62736
1.6157
1.60091
1.58847
1.58325
1.58759
1.59996
1.61577
1.62978
1.63857
1.64163
1.64091
1.63948
1.64014
1.64435
1.65191
1.66119
1.66993
1.67622
1.67928
1.67986
1.67992
1.68172
1.68655
1.69397
1.70182
1.70703
1.70664
1.69874
1.68284
1.6602
1.63402
1.60904
1.59019
1.58063
1.58067
1.58829
1.60084
1.61598
1.63202
1.64776
1.6624
1.67562
1.68766
1.69896
1.70957
1.71879
1.72558
1.72932
1.73048
1.7305
1.73085
1.73216
1.73377
1.73406
1.73123
1.72397
1.71172
1.69427
1.67152
1.64398
1.61426
1.58762
1.56986
1.56321
1.56531
1.57174
1.57844
1.58227
1.58122
1.57478
1.56458
1.55384
1.54593
1.54261
1.54337
1.54625
1.54927
1.55106
1.55093
1.54873
1.54471
1.53946
1.53395
1.52957
1.52778
1.52962
1.5353
1.54423
1.55569
1.56933
1.58526
1.60372
1.62483
1.6483
1.67342
1.69897
1.72311
1.74363
1.75825
1.76518
1.7634
1.75291
1.73461
1.71013
1.68136
1.65006
1.61786
1.58731
1.56311
1.55141
1.55616
1.57581
1.6043
1.63471
1.6617
1.68207
1.69444
1.69892
1.69648
1.68832
1.6753
1.65793
1.63677
1.61309
1.58874
1.56548
1.54438
1.52579
1.50963
1.49584
1.4847
1.47689
1.47324
1.47432
1.47998
1.4894
1.50147
1.51512
1.52947
1.54367
1.55664
1.56703
1.57345
1.57492
1.57134
1.56386
1.55475
1.54694
1.54334
1.54619
1.55635
1.57295
1.59353
1.61459
1.63236
1.64356
1.64599
1.63904
1.62406
1.60408
1.58283
1.56322
1.54626
1.53126
1.51731
1.50469
1.49495
1.48992
1.49056
1.49687
1.50835
1.52443
1.54458
1.56774
1.59206
1.61507
1.63417
1.64739
1.65384
1.65374
1.64789
1.63741
1.6238
1.60899
1.59491
1.58284
1.57293
1.56421
1.55533
1.54518
1.53339
1.52045
1.50732
1.4952
1.48514
1.47801
1.47435
1.47438
1.47809
1.48514
1.49476
1.50559
1.51594
1.5242
1.52936
1.53133
1.5309
1.52927
1.52755
1.52641
1.52619
1.52718
1.53009
1.53591
1.5454
1.55836
1.57329
1.58787
1.59993
1.60817
1.61224
1.61232
1.60873
1.6018
1.5921
1.58092
1.57053
1.56346
1.56138
1.56407
1.56931
1.57392
1.57531
1.57294
1.5687
1.56573
1.56655
1.57166
1.57949
1.58731
1.5923
1.59242
1.58688
1.57625
1.56228
1.54747
1.53456
1.5257
1.52193
1.52286
1.52702
1.53258
1.53809
1.54282
1.5468
1.55041
1.55397
1.55749
1.56077
1.56364
1.56649
1.5704
1.57669
1.58614
1.59817
1.61099
1.62252
1.63158
1.63825
1.6437
1.64992
1.65942
1.67444
1.69597
1.72295
1.75245
1.78069
1.80416
1.82029
1.82764
1.82572
1.81476
1.79547
1.76906
1.73723
1.702
1.66566
1.63078
1.60012
1.57605
1.56003
1.55263
1.55378
1.56277
1.57801
1.59708
1.61718
1.6356
1.65023
1.65965
1.66311
1.66068
1.65333
1.64292
1.63153
1.62052
1.61006
1.59934
1.58758
1.57489
1.56264
1.55321
1.54907
1.55184
1.56152
1.57652
1.59422
1.61188
1.62719
1.63869
1.64584
1.649
1.64899
1.64644
1.64116
1.63211
1.61845
1.60069
1.58131
1.56427
1.55357
1.55192
1.55995
1.57648
1.59902
1.62441
1.64953
1.67199
1.69058
1.70533
1.71697
1.72581
1.73095
1.73048
1.72259
1.70671
1.68402
1.6572
1.62963
1.60457
1.58478
1.57256
1.56978
1.57748
1.59514
1.62036
1.64912
1.67677
1.69902
1.71273
1.71627
1.70956
1.69409
1.67264
1.64881
1.62624
1.60764
1.59429
1.58617
1.5823
1.58123
1.58129
1.58106
1.57972
1.57706
1.57319
1.56799
1.56081
1.55087
1.5382
1.52438
1.51225
1.5044
1.50151
1.50204
1.50344
1.50334
1.50033
1.49444
1.48722
1.481
1.47779
1.47837
1.48222
1.48846
1.49698
1.509
1.52608
1.54828
1.57314
1.59665
1.61525
1.62714
1.63245
1.63269
1.62988
1.62577
1.62118
1.61581
1.60858
1.59843
1.58523
1.57044
1.55708
1.54882
1.54801
1.55432
1.56521
1.57787
1.59068
1.60336
1.61622
1.62932
1.64243
1.65542
1.66881
1.68354
1.69996
1.71706
1.73246
1.74316
1.74652
1.74096
1.72645
1.7048
1.67911
1.65279
1.62839
1.60729
1.59012
1.57741
1.56975
1.56725
1.56901
1.57293
1.57637
1.57722
1.57457
1.56909
1.56272
1.55795
1.55715
1.56177
1.57166
1.58496
1.59875
1.61002
1.6164
1.61652
1.61021
1.5986
1.58407
1.56997
1.56006
1.55756
1.5641
1.57922
1.60034
1.62357
1.64479
1.66051
1.66837
1.6673
1.65735
1.63968
1.61641
1.59046
1.56501
1.54273
1.52505
1.51218
1.504
1.50087
1.50388
1.51385
1.53011
1.55001
1.56959
1.58487
1.59316
1.59393
1.58899
1.58156
1.57487
1.57058
1.56856
1.56773
1.5671
1.5663
1.5654
1.56432
1.56227
1.55779
1.54944
1.53663
1.52032
1.50308
1.48836
1.47934
1.47798
1.48473
1.49855
1.51715
1.53755
1.55706
1.57389
1.58731
1.59748
1.60531
1.612
1.61839
1.6245
1.62942
1.63183
1.63063
1.62513
1.61516
1.601
1.58329
1.56296
1.5415
1.52164
1.50745
1.50324
1.51175
1.53273
1.56311
1.5985
1.63441
1.66698
1.69358
1.71319
1.72642
1.73467
1.73897
1.73957
1.73631
1.72904
1.71796
1.70369
1.68712
1.66933
1.65152
1.63475
1.61997
1.6079
1.59893
1.59315
1.59037
1.59016
1.59195
1.59504
1.5987
1.60208
1.6043
1.60444
1.6018
1.59605
1.58758
1.57766
1.56825
1.5615
1.55874
1.56007
1.56446
1.57063
1.57764
1.58477
1.59102
1.59521
1.59655
1.5951
1.5915
1.58643
1.58029
1.57304
1.56441
1.5541
1.5422
1.5295
1.51755
1.50833
1.50357
1.50389
1.50852
1.51563
1.52298
1.52875
1.53201
1.53298
1.53307
1.5345
1.53954
1.54966
1.5646
1.58204
1.59841
1.61043
1.61655
1.6176
1.61625
1.61581
1.6189
1.62607
1.63561
1.64463
1.65059
1.65218
1.64949
1.64369
1.63653
1.63004
1.62585
1.62439
1.62449
1.62373
1.61947
1.60987
1.59442
1.57385
1.54958
1.52347
1.49778
1.47565
1.46121
1.45891
1.47167
1.4987
1.53512
1.57409
1.60968
1.6384
1.65918
1.67279
1.68108
1.68617
1.68962
1.6921
1.69363
1.69438
1.6955
1.69898
1.70633
1.71731
1.73
1.74222
1.75264
1.7607
1.76591
1.76746
1.76423
1.75515
1.73966
1.71795
1.69122
1.66141
1.63092
1.60226
1.57759
1.55819
1.54421
1.53458
1.52762
1.52198
1.51772
1.51684
1.52192
1.53356
1.54915
1.56453
1.57649
1.58402
1.58785
1.58978
1.59171
1.59484
1.59922
1.60403
1.60842
1.61231
1.61619
1.62005
1.62254
1.62137
1.61503
1.60479
1.59532
1.59289
1.60194
1.62245
1.65012
1.67879
1.70274
1.71794
1.72241
1.71603
1.70008
1.67662
1.64814
1.61743
1.58776
1.56266
1.54492
1.53558
1.53388
1.53815
1.54657
1.55734
1.56872
1.57913
1.58747
1.59317
1.59616
1.59656
1.59456
1.59061
1.58572
1.58139
1.57911
1.57968
1.58284
1.58722
1.59102
1.59268
1.59163
1.58855
1.58508
1.58335
1.58499
1.59062
1.59952
1.60989
1.6196
1.62676
1.63012
1.62905
1.62339
1.61331
1.59935
1.58261
1.56486
1.5483
1.53475
1.5248
1.51767
1.51186
1.50634
1.50122
1.49777
1.49799
1.50386
1.51658
1.53614
1.56129
1.59003
1.62
1.6486
1.67305
1.69049
1.69845
1.69532
1.68061
1.65533
1.62216
1.58542
1.55021
1.52089
1.50056
1.49135
1.49451
1.50958
1.53356
1.56203
1.591
1.61825
1.64332
1.6668
1.68929
1.71072
1.73006
1.74561
1.7554
1.75791
1.75267
1.74071
1.72462
1.70794
1.69411
1.68526
1.68162
1.68177
1.68347
1.6845
1.68321
1.67893
1.672
1.6639
1.65694
1.65335
1.65408
1.6583
1.66378
1.66815
1.66996
1.66917
1.66669
1.66369
1.66097
1.65886
1.65723
1.65578
1.65434
1.65313
1.65275
1.65384
1.65681
1.66172
1.66818
1.67541
1.6823
1.68746
1.68912
1.68515
1.67382
1.65481
1.62983
1.60241
1.57662
1.55542
1.53961
1.52822
1.51973
1.5134
1.5098
1.51037
1.51628
1.52711
1.54035
1.55209
1.55858
1.55779
1.55037
1.53943
1.5294
1.52432
1.52651
1.53611
1.55145
1.57
1.58961
1.6095
1.63027
1.65252
1.67512
1.69492
1.70814
1.71197
1.70537
1.68928
1.66679
1.64276
1.62224
1.60793
1.59928
1.59388
1.58904
1.58212
1.57088
1.55421
1.53292
1.50958
1.48733
1.46829
1.45298
1.44073
1.43074
1.42301
1.4187
1.4194
1.42604
1.43795
1.45315
1.46922
1.48428
1.49742
1.50865
1.51868
1.52838
1.53836
1.54854
1.55803
1.56551
1.56978
1.57022
1.5672
1.5622
1.55768
1.55657
1.56115
1.57198
1.58759
1.60518
1.62193
1.63585
1.64577
1.6511
1.65147
1.6467
1.63719
1.6241
1.60939
1.59516
1.58272
1.5722
1.56304
1.55487
1.54802
1.54332
1.54129
1.5414
1.54207
1.54154
1.53901
1.53519
1.53198
1.53143
1.53477
1.54174
1.5507
1.55943
1.56597
1.56936
1.56967
1.56762
1.564
1.55911
1.55279
1.54473
1.53484
1.52342
1.5112
1.49963
1.49145
1.49061
1.50086
1.52288
1.55287
1.58465
1.61298
1.63555
1.65276
1.66648
1.67863
1.6903
1.70131
1.71054
1.71643
1.71749
1.71251
1.70085
1.68292
1.66096
1.63947
1.6244
1.6205
1.62859
1.64527
1.66506
1.68268
1.69435
1.69793
1.6928
1.67957
1.65971
1.63525
1.60833
1.58101
1.55552
1.53427
1.51925
1.51103
1.50825
1.50815
1.50816
1.50762
1.50812
1.5118
1.51945
1.5309
1.5465
1.56701
1.59199
1.61905
1.64463
1.66563
1.68018
1.68746
1.68741
1.68036
1.66699
1.64837
1.62621
1.60293
1.58172
1.56621
1.55984
1.56468
1.58059
1.60515
1.63437
1.66384
1.6896
1.70847
1.71836
1.71866
1.71048
1.69653
1.68017
1.66418
1.6499
1.63744
1.62645
1.6168
1.60865
1.60237
1.59824
1.59647
1.59725
1.60087
1.60753
1.61686
1.62748
1.63714
1.64361
1.64571
1.64369
1.63908
1.63405
1.63059
1.62976
1.63129
1.63392
1.63601
1.63646
1.63508
1.63264
1.63041
1.62947
1.62996
1.63056
1.62878
1.62226
1.61062
1.59648
1.5842
1.57727
1.57656
1.58135
1.59084
1.60455
1.62166
1.64064
1.65932
1.67574
1.68892
1.69918
1.70755
1.71494
1.72149
1.72658
1.72947
1.72959
1.72678
1.72099
1.71189
1.69904
1.68231
1.66268
1.64234
1.62401
1.61011
1.60197
1.59959
1.60171
1.60619
1.61122
1.61612
1.62169
1.62954
1.64109
1.6565
1.67438
1.69212
1.70663
1.7152
1.71606
1.70867
1.6936
1.67225
1.64672
1.61977
1.59464
1.57452
1.56142
1.55522
1.55386
1.55487
1.55677
1.55949
1.56345
1.56847
1.57315
1.57546
1.5736
1.56688
1.55587
1.54218
1.52791
1.5152
1.50604
1.50203
1.50423
1.51286
1.52709
1.54508
1.56442
1.58286
1.59929
1.61396
1.62815
1.64287
1.65811
1.67264
1.68461
1.69229
1.69486
1.69274
1.68781
1.68305
1.68153
1.68491
1.69279
1.70318
1.71403
1.72433
1.73434
1.74475
1.75544
1.76481
1.76995
1.76748
1.75461
1.73001
1.69413
1.64945
1.60019
1.55195
1.51048
1.4803
1.46348
1.45943
1.46563
1.47891
1.49633
1.51561
1.53516
1.55382
1.57077
1.58536
1.59719
1.60617
1.61246
1.61645
1.61849
1.61867
1.61681
1.61259
1.60574
1.59624
1.58436
1.57056
1.55568
1.54106
1.52853
1.51995
1.51657
1.51859
1.52488
1.5335
1.54252
1.55069
1.55763
1.56366
1.56951
1.57588
1.58316
1.59113
1.59885
1.60496
1.60842
1.60929
1.60874
1.60822
1.60851
1.60965
1.61153
1.61427
1.61793
1.62189
1.62471
1.62457
1.6198
1.60925
1.5927
1.57131
1.54788
1.52642
1.51092
1.50378
1.50501
1.51275
1.52452
1.53839
1.5532
1.56833
1.58331
1.59767
1.61098
1.62315
1.63444
1.64532
1.65602
1.66633
1.67561
1.68332
1.68951
1.69511
1.70176
1.71108
1.72371
1.73848
1.75239
1.76132
1.76133
1.74978
1.72598
1.69143
1.64974
1.60624
1.56706
1.53775
1.5216
1.51877
1.52623
1.53878
1.55054
1.55645
1.55346
1.54092
1.52042
1.49519
1.4694
1.44745
1.43322
1.42935
1.43657
1.45348
1.47711
1.5037
1.52953
1.55142
1.567
1.57486
1.57478
1.56805
1.55755
1.54734
1.5408
1.53857
1.53813
1.53618
1.53215
1.53015
1.53673
1.55531
1.58298
1.61361
1.64206
1.66535
1.68149
1.68866
1.68553
1.67175
1.64826
1.61688
1.57996
1.54034
1.50194
1.47048
1.45265
1.45321
1.47164
1.50192
1.53614
1.56839
1.59613
1.61938
1.63906
1.65601
1.67074
1.6836
1.6947
1.70357
1.70896
1.70913
1.70255
1.68876
1.66905
1.64637
1.62427
1.6054
1.59058
1.57914
1.57006
1.56305
1.55898
1.55923
1.56467
1.57488
1.58781
1.60048
1.61026
1.61615
1.61949
1.62321
1.62984
1.63957
1.65025
1.6593
1.66542
1.66866
1.66938
1.66724
1.66137
1.65136
1.638
1.62356
1.61135
1.60461
1.60538
1.61368
1.62767
1.64438
1.66069
1.67381
1.68154
1.6824
1.67577
1.66218
1.64334
1.62199
1.60139
1.58496
1.57533
1.57333
1.57724
1.5836
1.58919
1.5927
1.59522
1.59943
1.60819
1.62315
1.64393
1.66831
1.69291
1.71405
1.72858
1.73441
1.73077
1.71836
1.6993
1.67687
1.6548
1.63646
1.6239
1.61728
1.61501
1.61493
1.61602
1.61963
1.62866
1.64423
1.66344
1.68095
1.69245
1.69608
1.69189
1.68103
1.6652
1.64629
1.62596
1.60537
1.5854
1.5673
1.55347
1.54713
1.55061
1.5636
1.58331
1.60604
1.62878
1.64981
1.66824
1.68349
1.69505
1.70272
1.70712
1.70989
1.71344
1.71993
1.73014
1.74302
1.75614
1.76671
1.77252
1.77252
1.76669
1.75553
1.7395
1.71865
1.69293
1.66284
1.62996
1.59707
1.56756
1.54437
1.52925
1.52276
1.52483
1.53481
1.55071
1.56839
1.58232
1.58766
1.58233
1.56784
1.54866
1.53044
1.51784
1.51324
1.51675
1.52688
1.54159
1.55907
1.57813
1.598
1.6178
1.63601
1.65052
1.6591
1.66031
1.65453
1.64479
1.63616
1.63337
1.63806
1.6484
1.66118
1.6739
1.68505
1.69357
1.69819
1.69736
1.68983
1.67538
1.65578
1.63471
1.61637
1.60334
1.5956
1.59149
1.58919
1.58732
1.58489
1.58115
1.57582
1.56911
1.56161
1.55381
1.54575
1.53705
1.52759
1.51831
1.51166
1.51099
1.51903
1.53618
1.55983
1.58497
1.60615
1.61944
1.62373
1.62056
1.6127
1.60252
1.59153
1.58089
1.57209
1.56709
1.56756
1.57415
1.58595
1.60046
1.61444
1.62493
1.6303
1.63076
1.62825
1.62561
1.62536
1.62843
1.63354
1.63787
1.63824
1.63284
1.62232
1.60989
1.60041
1.59858
1.60692
1.62469
1.64844
1.67339
1.69472
1.70881
1.71404
1.71086
1.70132
1.68829
1.67487
1.66338
1.65479
1.64888
1.64496
1.64262
1.64168
1.64173
1.64185
1.64106
1.63861
1.63387
1.62578
1.61271
1.59285
1.56485
1.52864
1.48623
1.44193
1.40182
1.37223
1.35792
1.36077
1.37942
1.41001
1.44754
1.48722
1.52527
1.55918
1.58751
1.60959
1.62524
1.63435
1.63682
1.63258
1.62168
1.60453
1.58229
1.55711
1.53241
1.51258
1.50198
1.50341
1.5166
1.53823
1.56337
1.58711
1.60546
1.61567
1.6164
1.6081
1.59283
1.57362
1.55324
1.53337
1.51457
1.49684
1.47998
1.46361
1.44724
1.43058
1.41407
1.39931
1.38911
1.38676
1.3949
1.41439
1.44387
1.48003
1.51847
1.55475
1.58548
1.60911
1.62643
1.64029
1.65435
1.67103
1.69025
1.70971
1.72623
1.73669
1.73874
1.73111
1.71408
1.68938
1.65999
1.62937
1.60109
1.57823
1.56273
1.55519
1.55511
1.56158
1.57365
1.59033
1.61002
1.63028
1.64791
1.65951
1.66233
1.65484
1.63724
1.61142
1.58055
1.5484
1.5187
1.49477
1.47937
1.47445
1.48051
1.49621
1.51873
1.54462
1.57058
1.59385
1.61229
1.62422
1.62866
1.62598
1.61841
1.60957
1.60341
1.60291
1.60964
1.62377
1.64454
1.67058
1.70003
1.73057
1.75954
1.78417
1.80174
1.80958
1.80559
1.78897
1.761
1.72538
1.68761
1.65358
1.62777
1.61187
1.60465
1.60284
1.60243
1.59981
1.59281
1.58173
1.57027
1.5648
1.57093
1.58944
1.61578
1.64353
1.6677
1.68594
1.69795
1.70442
1.70609
1.70331
1.69625
1.68538
1.6719
1.65763
1.64459
1.6343
1.62728
1.62321
1.62132
1.62068
1.6205
1.62015
1.61915
1.61707
1.61356
1.60831
1.60114
1.5921
1.58155
1.5699
1.55744
1.54425
1.53027
1.51559
1.50053
1.48552
1.47075
1.45585
1.44012
1.42394
1.40964
1.40067
1.39944
1.40599
1.41857
1.43542
1.45598
1.48093
1.51109
1.54599
1.58306
1.61808
1.64669
1.66592
1.67482
1.67426
1.66617
1.65276
1.63612
1.61827
1.60127
1.58727
1.57812
1.57502
1.57805
1.58645
1.59927
1.6158
1.63527
1.65631
1.67663
1.69368
1.70555
1.71152
1.71188
1.70739
1.69885
1.6868
1.67157
1.65313
1.63123
1.60575
1.57735
1.54809
1.5218
1.50371
1.49904
1.51081
1.53785
1.57458
1.61294
1.64509
1.66525
1.67055
1.66127
1.64061
1.61372
1.5862
1.56241
1.54496
1.53517
1.53387
1.54152
1.55747
1.57867
1.59958
1.61361
1.61537
1.60219
1.57478
1.53714
1.49592
1.4588
1.43233
1.41995
1.42129
1.43298
1.45053
1.47016
1.48972
1.50854
1.52628
1.5415
1.55096
1.551
1.53988
1.51892
1.49168
1.46228
1.43414
1.40997
1.39227
1.38373
1.38671
1.40209
1.42843
1.46201
1.49794
1.53152
1.55971
1.58184
1.59936
1.61473
1.62982
1.64477
1.65795
1.66704
1.67005
1.66601
1.65482
1.63709
1.61424
1.58871
1.56395
1.54371
1.53101
1.52729
1.53238
1.54495
1.56287
1.5833
1.603
1.6189
1.62897
1.63284
1.63185
1.62863
1.62655
1.62893
1.63765
1.65204
1.66913
1.68507
1.69656
1.70129
1.69808
1.68697
1.66962
1.64941
1.63074
1.61739
1.61067
1.60874
1.60769
1.60367
1.59458
1.58082
1.56512
1.55163
1.54464
1.547
1.55911
1.57899
1.60333
1.629
1.65405
1.67771
1.69967
1.71929
1.73523
1.74564
1.74872
1.74367
1.73131
1.71424
1.69578
1.67819
1.66156
1.64445
1.62555
1.6049
1.58389
1.56439
1.54773
1.53393
1.52191
1.51002
1.49677
1.48163
1.46601
1.45426
1.45314
1.46807
1.49761
1.53315
1.5643
1.58405
1.58992
1.58312
1.56724
1.54736
1.52902
1.51717
1.51485
1.52251
1.53842
1.55989
1.58441
1.60995
1.635
1.65844
1.6795
1.69777
1.71315
1.72572
1.73555
1.74241
1.74563
1.74424
1.73726
1.72398
1.70429
1.67892
1.64948
1.61882
1.59057
1.56827
1.55392
1.54732
1.54641
1.54862
1.55205
1.55605
1.56132
1.56935
1.58166
1.59893
1.6205
1.64457
1.66885
1.69125
1.71002
1.72379
1.73141
1.73198
1.72521
1.71167
1.69291
1.67128
1.64939
1.62946
1.61272
1.59897
1.58653
1.57267
1.55471
1.53137
1.50372
1.47488
1.44861
1.42789
1.41458
1.40971
1.41398
1.42759
1.44943
1.47632
1.50344
1.52618
1.54189
1.55028
1.55301
1.55271
1.55198
1.55261
1.55524
1.55937
1.56364
1.56614
1.56478
1.55812
1.54636
1.53198
1.51939
1.51321
1.516
1.52682
1.54145
1.55413
1.56001
1.55662
1.54441
1.52627
1.50659
1.48996
1.48018
1.4796
1.48918
1.50866
1.53662
1.5704
1.60623
1.64
1.66807
1.68803
1.69908
1.70224
1.70019
1.69593
1.69114
1.68509
1.67525
1.65921
1.63631
1.60819
1.57847
1.55183
1.53308
1.52601
1.53248
1.55149
1.57913
1.60955
1.63666
1.65562
1.66373
1.66038
1.64685
1.62577
1.60057
1.5751
1.553
1.53731
1.53002
1.5316
1.54077
1.55502
1.5714
1.58707
1.59985
1.60874
1.61411
1.61719
1.61947
1.62231
1.62655
1.63232
1.63905
1.64567
1.65106
1.65452
1.65586
1.65541
1.65377
1.65156
1.64937
1.64767
1.64686
1.64713
1.6482
1.64932
1.64973
1.64896
1.64687
1.64359
1.63904
1.63261
1.6231
1.60902
1.5895
1.56554
1.54069
1.52016
1.50835
1.5063
1.51146
1.51984
1.5288
1.53779
1.54705
1.5562
1.56398
1.56898
1.57015
1.56698
1.55936
1.54788
1.53425
1.52115
1.51133
1.50635
1.50595
1.50851
1.5123
1.51634
1.52062
1.5257
1.53205
1.53976
1.54853
1.55816
1.56863
1.57964
1.5899
1.59723
1.59948
1.59536
1.58454
1.5675
1.54533
1.51978
1.49326
1.46861
1.44874
1.4364
1.43365
1.44113
1.45732
1.47907
1.5031
1.52711
1.5498
1.57039
1.58844
1.60399
1.61758
1.6298
1.64063
1.64934
1.65507
1.65753
1.65697
1.65382
1.64842
1.64086
1.63124
1.61977
1.60667
1.59193
1.57532
1.55668
1.5362
1.5145
1.49239
1.47063
1.45006
1.4323
1.42041
1.41889
1.43185
1.45964
1.49701
1.53519
1.56613
1.58499
1.59051
1.58457
1.57169
1.55791
1.54835
1.54518
1.54797
1.55567
1.56777
1.58397
1.60315
1.62308
1.641
1.65437
1.66163
1.66241
1.65748
1.64835
1.63699
1.62539
1.61489
1.60561
1.59648
1.58623
1.57438
1.56169
1.54974
1.54033
1.53478
1.53337
1.53508
1.53766
1.53809
1.53373
1.52352
1.50926
1.49561
1.48803
1.48945
1.49866
1.51176
1.52472
1.5346
1.5395
1.53855
1.53235
1.52279
1.51223
1.50255
1.4954
1.49244
1.49496
1.50344
1.51729
1.53473
1.55271
1.56803
1.57881
1.58488
1.5871
1.58654
1.58428
1.58179
1.58103
1.58386
1.59093
1.60113
1.61214
1.62154
1.62768
1.63001
1.62906
1.62611
1.62256
1.6192
1.61578
1.61137
1.60502
1.59646
1.58637
1.5764
1.56876
1.56561
1.56821
1.57643
1.58862
1.602
1.61344
1.62011
1.61989
1.61183
1.5964
1.57588
1.55404
1.5349
1.5211
1.51343
1.51147
1.51421
1.52022
1.52772
1.5349
1.54059
1.54457
1.54751
1.55029
1.55326
1.55586
1.55693
1.55527
1.55009
1.54113
1.52881
1.51412
1.49861
1.48427
1.47319
1.46721
1.46752
1.47459
1.48809
1.50678
1.52863
1.55127
1.57255
1.59079
1.60479
1.61392
1.61808
1.61786
1.61453
1.61018
1.60733
1.60833
1.61467
1.62642
1.64222
1.65943
1.6747
1.68475
1.68744
1.68282
1.67344
1.66367
1.65812
1.66052
1.6729
1.69486
1.7232
1.75274
1.7782
1.7958
1.80403
1.80338
1.79566
1.78304
1.76745
1.75062
1.73446
1.72083
1.71069
1.70357
1.69814
1.69334
1.68947
1.68824
1.69198
1.70227
1.71881
1.73915
1.75966
1.77674
1.78787
1.79183
1.78854
1.77858
1.76284
1.74234
1.71796
1.69034
1.65999
1.62746
1.59393
1.56153
1.53331
1.51237
1.50068
1.4981
1.50245
1.5106
1.51961
1.52755
1.53364
1.53809
1.54176
1.54573
1.5509
1.55757
1.56518
1.57219
1.57631
1.57516
1.5672
1.55251
1.5329
1.5113
1.49101
1.47551
1.46874
1.47458
1.49441
1.52544
1.56191
1.59796
1.6294
1.65375
1.66962
1.67653
1.67475
1.66542
1.65042
1.6322
1.61327
1.59578
1.58093
1.56894
1.55942
1.55224
1.54784
1.54614
1.545
1.5406
1.52992
1.51313
1.49418
1.47924
1.47394
1.4807
1.49783
1.5209
1.54526
1.56777
1.58741
1.60463
1.62028
1.63468
1.6472
1.65661
1.66155
1.66106
1.65463
1.64241
1.62507
1.60373
1.57977
1.55448
1.52887
1.50376
1.48
1.4587
1.44101
1.42772
1.41914
1.41525
1.41596
1.42116
1.4306
1.44393
1.46057
1.47959
1.4995
1.51863
1.5356
1.54978
1.56109
1.56954
1.57503
1.57737
1.57662
1.57323
1.56804
1.56225
1.55744
1.55544
1.5579
1.56554
1.57771
1.59245
1.60696
1.61834
1.62469
1.6258
1.6234
1.62032
1.61917
1.62128
1.62649
1.63332
1.63962
1.64311
1.64208
1.63584
1.62483
1.61052
1.59498
1.58034
1.56805
1.55862
1.55177
1.54653
1.54178
1.53676
1.53174
1.52807
1.52763
1.53188
1.54096
1.55352
1.56714
1.57899
1.5865
1.58801
1.58324
1.57367
1.56214
1.55221
1.54705
1.5487
1.55752
1.57206
1.58968
1.60738
1.62289
1.63504
1.64362
1.64912
1.65262
1.65557
1.65901
1.66272
1.66499
1.66338
1.65602
1.64264
1.62464
1.60428
1.58353
1.56351
1.54449
1.52631
1.50859
1.49077
1.4724
1.4539
1.43749
1.42722
1.42728
1.43939
1.46162
1.48991
1.5206
1.55164
1.58168
1.60822
1.6273
1.63531
1.63111
1.61706
1.59826
1.58061
1.56873
1.56443
1.56637
1.57141
1.57665
1.58126
1.58648
1.59366
1.60255
1.61136
1.6179
1.62095
1.62117
1.62148
1.62645
1.6402
1.66371
1.69355
1.7235
1.74761
1.76225
1.76636
1.76066
1.74698
1.72768
1.70532
1.6824
1.66124
1.64394
1.63223
1.62701
1.62781
1.63236
1.63681
1.63691
1.62931
1.61264
1.58788
1.55814
1.52825
1.50383
1.48932
1.48559
1.48999
1.49913
1.51136
1.52676
1.5456
1.56701
1.58882
1.60854
1.62456
1.63697
1.64758
1.65919
1.67426
1.69356
1.71548
1.73685
1.75443
1.76607
1.77112
1.77004
1.76402
1.75448
1.74273
1.72994
1.71723
1.70584
1.69672
1.69022
1.68569
1.68149
1.67515
1.66366
1.64415
1.61512
1.57727
1.53368
1.48912
1.44923
1.41993
1.40678
1.41378
1.44138
1.48491
1.5357
1.5842
1.62317
1.64878
1.66025
1.6589
1.64742
1.62935
1.60855
1.58876
1.57301
1.5634
1.56083
1.56477
1.57322
1.58367
1.59407
1.6029
1.60879
1.6108
1.6093
1.60633
1.60494
1.60775
1.61595
1.62925
1.64674
1.6675
1.69037
1.71315
1.73255
1.74506
1.74818
1.74108
1.7248
1.70182
1.6755
1.64926
1.62587
1.60704
1.59347
1.58524
1.58213
1.58365
1.58883
1.59598
1.60282
1.60686
1.60605
1.59944
1.5877
1.57344
1.56084
1.55442
1.55733
1.57001
1.59023
1.61427
1.63818
1.65848
1.67242
1.67829
1.67577
1.66615
1.65225
1.63797
1.62745
1.62398
1.6288
1.64074
1.65678
1.67298
1.68549
1.69118
1.68824
1.67634
1.65661
1.63125
1.60296
1.57453
1.54849
1.52685
1.51098
1.50131
1.49732
1.49757
1.49999
1.50245
1.50318
1.5011
1.49589
1.48805
1.47893
1.47075
1.46638
1.46893
1.48076
1.5025
1.53292
1.56974
1.61005
1.6505
1.68784
1.71963
1.74435
1.76111
1.76924
1.76839
1.75874
1.74133
1.71791
1.69082
1.66268
1.63649
1.61563
1.60305
1.59987
1.60449
1.61351
1.62403
1.63488
1.64634
1.65869
1.67121
1.68263
1.69234
1.70085
1.7094
1.7189
1.72925
1.73936
1.74778
1.75328
1.75524
1.75379
1.74965
1.74379
1.73695
1.72911
1.71949
1.70703
1.69102
1.67144
1.64909
1.62531
1.60175
1.58006
1.56168
1.54786
1.53949
1.53718
1.54114
1.55103
1.56581
1.58377
1.60278
1.62067
1.63549
1.64569
1.65015
1.64831
1.64018
1.62637
1.60808
1.58699
1.56533
1.54591
1.53209
1.52749
1.53465
1.55318
1.57928
1.60712
1.63121
1.64803
1.65615
1.65575
1.64778
1.63347
1.61425
1.59168
1.56761
1.5443
1.5243
1.51018
1.50373
1.50512
1.51268
1.52352
1.53454
1.5432
1.54782
1.54761
1.54277
1.53436
1.52414
1.51396
1.50534
1.49903
1.49516
1.49357
1.49424
1.49742
1.5032
1.51096
1.51895
1.52448
1.52476
1.51792
1.50382
1.48426
1.46259
1.44278
1.42855
1.42275
1.42705
1.44169
1.46535
1.49552
1.52903
1.56245
1.59249
1.61632
1.63206
1.63913
1.6381
1.6306
1.6191
1.60636
1.59492
1.58654
1.58199
1.58139
1.58476
1.59244
1.60505
1.62283
1.64478
1.66841
1.69025
1.7067
1.71503
1.71421
1.70517
1.69051
1.67365
1.65783
1.64543
1.63779
1.63534
1.63771
1.6437
1.65143
1.6588
1.66415
1.66662
1.66639
1.66438
1.66193
1.66027
1.66013
1.66142
1.66336
1.66485
1.66503
1.66369
1.66117
1.65785
1.65341
1.64667
1.63598
1.6204
1.60097
1.58109
1.5658
1.55979
1.56559
1.58264
1.60751
1.63505
1.65973
1.67679
1.68281
1.67625
1.65758
1.62936
1.59589
1.56222
1.53308
1.51232
1.50236
1.50378
1.51463
1.53077
1.5473
1.56022
1.56676
1.56511
1.55423
1.53447
1.50837
1.48029
1.45459
1.43379
1.41852
1.40901
1.40609
1.411
1.42441
1.44553
1.47193
1.49985
1.5249
1.54304
1.55181
1.55132
1.54464
1.53619
1.52884
1.52258
1.51621
1.50977
1.50474
1.50264
1.50413
1.50916
1.51765
1.52975
1.54559
1.56482
1.58616
1.60731
1.62562
1.63872
1.64512
1.64441
1.63727
1.62524
1.61055
1.59577
1.58336
1.57508
1.57165
1.57292
1.57829
1.58718
1.59925
1.61421
1.63159
1.65045
1.66943
1.68684
1.7009
1.71003
1.71312
1.70984
1.70071
1.68701
1.67058
1.65377
1.63934
1.63017
1.62847
1.63479
1.64751
1.6632
1.67762
1.68713
1.6896
1.68461
1.67312
1.65695
1.63824
1.61894
1.60043
1.58323
1.56711
1.55133
1.53533
1.51919
1.50367
1.49001
1.47944
1.47259
1.46924
1.46861
1.47004
1.4738
1.48129
1.49467
1.51572
1.54444
1.5784
1.61356
1.64598
1.67284
1.69257
1.70435
1.70781
1.70309
1.69082
1.6723
1.64944
1.62469
1.60081
1.58045
1.56519
1.55523
1.54984
1.54828
1.55035
1.55596
1.5645
1.57445
1.58362
1.58969
1.59098
1.5868
1.57756
1.56449
1.54929
1.53363
1.5189
1.50605
1.49577
1.48852
1.48452
1.48363
1.48568
1.4911
1.50116
1.51694
1.5374
1.55885
1.57685
1.58843
1.59316
1.59271
1.59008
1.58862
1.59109
1.59887
1.61159
1.62723
1.64274
1.65502
1.6618
1.66206
1.6561
1.64531
1.63169
1.61726
1.60354
1.59127
1.58033
1.5701
1.55994
1.54975
1.54007
1.53201
1.52681
1.52529
1.52753
1.53291
1.54047
1.54926
1.55853
1.56779
1.57686
1.5859
1.59547
1.60634
1.61891
1.63255
1.6454
1.65478
1.65817
1.65418
1.64321
1.62744
1.61055
1.59704
1.59094
1.59436
1.60614
1.62172
1.63483
1.63991
1.634
1.61724
1.59266
1.56545
1.54157
1.5258
1.52007
1.52345
1.53344
1.54752
1.56376
1.58083
1.59765
1.61284
1.62455
1.63059
1.62913
1.61948
1.60265
1.5811
1.55778
1.53503
1.51419
1.49619
1.48211
1.47315
1.47024
1.47376
1.48374
1.49971
1.52024
1.54251
1.56262
1.57695
1.58325
1.58125
1.57237
1.55942
1.54614
1.53666
1.53462
1.54217
1.55885
1.58129
1.60429
1.62279
1.63384
1.63729
1.63489
1.62878
1.61995
1.60801
1.59194
1.57145
1.5477
1.52315
1.50056
1.48195
1.46806
1.45857
1.45277
1.44998
1.44992
1.45291
1.45967
1.47076
1.48584
1.50364
1.52265
1.542
1.56177
1.58239
1.6039
1.6255
1.64567
1.6628
1.67577
1.6842
1.68833
1.6887
1.68561
1.67876
1.66736
1.65088
1.62996
1.6068
1.58457
1.5662
1.55358
1.54747
1.54804
1.55534
1.56844
1.58458
1.60023
1.61312
1.62272
1.62952
1.63425
1.63772
1.64046
1.64263
1.64418
1.64534
1.6467
1.64861
1.65061
1.65145
1.6495
1.64324
1.63165
1.61456
1.59321
1.57075
1.55207
1.54243
1.54515
1.56007
1.5844
1.61468
1.6479
1.6816
1.71354
1.74169
1.76443
1.78074
1.79016
1.79264
1.78832
1.77726
1.75956
1.73543
1.7056
1.67137
1.63451
1.59714
1.56167
1.53112
1.50914
1.49933
1.50385
1.52214
1.55085
1.58493
1.61914
1.64931
1.67284
1.68872
1.69688
1.69754
1.6908
1.67687
1.65649
1.63121
1.60339
1.57577
1.55128
1.53279
1.52288
1.52331
1.53434
1.55412
1.57884
1.60372
1.62434
1.63797
1.64398
1.64353
1.63853
1.63074
1.62131
1.61159
1.60443
1.60444
1.61562
1.63784
1.66647
1.69537
1.71983
1.73734
1.74703
1.74901
1.74395
1.73262
1.71569
1.69359
1.66658
1.63514
1.60043
1.56463
1.53096
1.503
1.48385
1.47522
1.47739
1.48955
1.51006
1.53634
1.56489
1.59181
1.61382
1.62909
1.63733
1.63953
1.63735
1.63271
1.62758
1.62383
1.62282
1.62514
1.63061
1.63843
1.64756
1.65687
1.66495
1.67005
1.67029
1.66427
1.65192
1.63495
1.61666
1.60091
1.59063
1.58662
1.58745
1.59057
1.59379
1.59598
1.59733
1.59873
1.60097
1.60421
1.60782
1.61071
1.61169
1.60971
1.60383
1.5932
1.57727
1.55629
1.532
1.50793
1.48878
1.47877
1.48006
1.4921
1.51192
1.53483
1.55542
1.56884
1.5721
1.56475
1.54911
1.52985
1.51308
1.50468
1.50799
1.52209
1.54243
1.56333
1.58027
1.59086
1.59503
1.5947
1.59299
1.59285
1.5956
1.60056
1.60597
1.61014
1.61208
1.61153
1.60887
1.60481
1.6002
1.59586
1.59253
1.59064
1.59017
1.59046
1.59022
1.5877
1.58112
1.56931
1.55223
1.5315
1.51033
1.49297
1.48372
1.48557
1.49925
1.52282
1.55221
1.58242
1.60871
1.62741
1.63619
1.63418
1.6226
1.60579
1.59098
1.58486
1.58897
1.59986
1.61365
1.6287
1.64476
1.66124
1.67668
1.68926
1.69736
1.7
1.69713
1.68998
1.68092
1.67284
1.66846
1.66962
1.67704
1.69014
1.70714
1.7254
1.74202
1.75432
1.76021
1.75856
1.74929
1.73334
1.71231
1.68815
1.66275
1.63786
1.6153
1.59699
1.58498
1.58108
1.58626
1.59989
1.61932
1.64036
1.65845
1.67041
1.67539
1.67466
1.6705
1.66494
1.65912
1.65338
1.64772
1.64216
1.6369
1.63213
1.62782
1.62359
1.61887
1.61345
1.60799
1.60407
1.60304
1.60463
1.60617
1.60391
1.59545
1.58159
1.56622
1.55447
1.54978
1.55216
1.5591
1.56794
1.57749
1.58786
1.59936
1.61174
1.62414
1.63556
1.64525
1.65279
1.65823
1.66222
1.66603
1.67113
1.67846
1.68801
1.6987
1.70894
1.71719
1.72242
1.72429
1.72305
1.7195
1.71482
1.71038
1.70714
1.7051
1.70328
1.70029
1.69518
1.68802
1.67983
1.672
1.66575
1.66195
1.66083
1.66178
1.6634
1.66383
1.66162
1.65666
1.6506
1.64629
1.64635
1.65152
1.66004
1.66852
1.67358
1.67313
1.6668
1.65564
1.64138
1.6259
1.61104
1.5983
1.58899
1.5842
1.58451
1.58979
1.59918
1.61128
1.62457
1.6381
1.65148
1.66438
1.67569
1.68359
1.68651
1.68406
1.67721
1.66781
1.65789
1.64908
1.64219
1.63715
1.63319
1.62895
1.62278
1.6133
1.60028
1.58524
1.57135
1.56238
1.561
1.56754
1.57997
1.595
1.60922
1.62001
1.6258
1.62626
1.62187
1.61329
1.60137
1.58772
1.57581
1.57088
1.57773
1.59739
1.62604
1.65745
1.68622
1.70904
1.72439
1.73165
1.73069
1.72178
1.70573
1.68435
1.6606
1.63859
1.6226
1.61556
1.6181
1.62857
1.64404
1.66112
1.67646
1.68741
1.69287
1.69379
1.6927
1.6919
1.69162
1.69003
1.68491
1.67557
1.66342
1.65137
1.64275
1.6399
1.6431
1.65025
1.65791
1.66272
1.66264
1.65762
1.64955
1.64137
1.63543
1.63213
1.62976
1.62579
1.61826
1.60663
1.5917
1.57508
1.55864
1.54401
1.53224
1.52371
1.51826
1.51574
1.51667
1.52261
1.53598
1.55858
1.58992
1.62654
1.66326
1.69517
1.71911
1.73414
1.74114
1.74214
1.73955
1.73535
1.73064
1.72536
1.71877
1.70991
1.69796
1.68245
1.66333
1.64102
1.61651
1.59127
1.56718
1.54617
1.52973
1.51851
1.51211
1.50925
1.50821
1.50729
1.50537
1.50199
1.4974
1.49213
1.48671
1.48164
1.4774
1.47456
1.47402
1.47715
1.48623
1.50404
1.5318
1.56675
1.6027
1.63346
1.65525
1.66672
1.66788
1.65934
1.64197
1.61704
1.58646
1.55331
1.52205
1.49844
1.4883
1.49504
1.5172
1.54826
1.57949
1.60364
1.61689
1.61874
1.61084
1.59572
1.57576
1.55276
1.52793
1.50254
1.47841
1.45803
1.44413
1.43873
1.44253
1.45455
1.47214
1.49172
1.51016
1.52573
1.53809
1.54767
1.55534
1.56216
1.5693
1.57766
1.58759
1.5988
1.61074
1.62302
1.63567
1.64862
1.66103
1.67104
1.67653
1.67589
1.66823
1.65333
1.63159
1.60429
1.57401
1.5446
1.52098
1.50806
1.50893
1.52337
1.54748
1.57489
1.59882
1.614
1.6176
1.60941
1.5917
1.56908
1.54774
1.53367
1.53008
1.53588
1.54655
1.55677
1.56277
1.56327
1.55906
1.55153
1.54148
1.52913
1.51503
1.50082
1.4891
1.48226
1.48124
1.48481
1.49025
1.49471
1.49625
1.49408
1.48843
1.48026
1.47113
1.46302
1.45826
1.45927
1.46785
1.48452
1.50799
1.53541
1.56318
1.5879
1.60705
1.61927
1.62446
1.62353
1.61812
1.60996
1.60025
1.58933
1.57704
1.56354
1.54997
1.53822
1.53003
1.52622
1.5265
1.53007
1.53644
1.54579
1.55879
1.57606
1.59752
1.62192
1.64677
1.66922
1.68708
1.69977
1.70833
1.7148
1.72129
1.7292
1.73896
1.75027
1.76232
1.77361
1.78176
1.78362
1.77612
1.75742
1.72768
1.68924
1.64599
1.60218
1.56145
1.52634
1.4984
1.47833
1.4659
1.45998
1.45874
1.46008
1.46227
1.46434
1.46641
1.46952
1.4754
1.48615
1.50368
1.52895
1.56138
1.59892
1.63834
1.67583
1.70713
1.72805
1.73541
1.72874
1.71208
1.69346
1.68085
1.67695
1.67878
1.68182
1.68363
1.68444
1.68587
1.68931
1.69485
1.70134
1.70717
1.7109
1.71163
1.70914
1.70397
1.69722
1.69014
1.68391
1.67928
1.67653
1.67554
1.67591
1.67697
1.6781
1.67879
1.67879
1.67795
1.67604
1.67254
1.66674
1.65803
1.64634
1.63243
1.61781
1.60439
1.59398
1.58799
1.5873
1.59228
1.60276
1.61793
1.63618
1.65516
1.67202
1.68387
1.68843
1.68492
1.67496
1.66269
1.6532
1.64897
1.64743
1.64299
1.63169
1.6136
1.59196
1.57117
1.55496
1.54522
1.54179
1.54311
1.54721
1.5524
1.55743
1.56129
1.56312
1.56234
1.55886
1.55323
1.54661
1.54065
1.53728
1.53832
1.54487
1.55671
1.57211
1.5884
1.60288
1.61371
1.62016
1.62241
1.621
1.61637
1.60927
1.60157
1.59662
1.59869
1.61122
1.63493
1.66699
1.70188
1.73358
1.75754
1.77139
1.77485
1.76912
1.75637
1.73939
1.72127
1.70473
1.69131
1.68081
1.67144
1.66065
1.64611
1.62652
1.60192
1.5736
1.54362
1.51439
1.48839
1.46809
1.45558
1.45199
1.4571
1.46929
1.486
1.50445
1.5223
1.53782
1.54987
1.55778
1.56131
1.56098
1.55819
1.55508
1.55394
1.5565
1.56331
1.57353
1.58502
1.59464
1.59894
1.59513
1.58224
1.56222
1.54055
1.52498
1.52199
1.53309
1.555
1.58299
1.6133
1.64339
1.67124
1.69488
1.71241
1.72244
1.7245
1.7193
1.70869
1.6952
1.68136
1.66925
1.66038
1.65572
1.65552
1.65878
1.66322
1.66592
1.66462
1.65861
1.64901
1.63843
1.63019
1.62718
1.63072
1.64011
1.65287
1.66578
1.67595
1.6816
1.68236
1.679
1.67282
1.66483
1.65532
1.64392
1.63023
1.61449
1.59822
1.5842
1.57571
1.57488
1.58125
1.59217
1.60462
1.61668
1.62755
1.63656
1.64256
1.6439
1.63902
1.62693
1.60744
1.58122
1.54979
1.51517
1.48014
1.44821
1.4235
1.40963
1.4082
1.41805
1.43574
1.45668
1.47645
1.49157
1.5
1.50137
1.4971
1.48987
1.48304
1.47999
1.4835
1.49523
1.51519
1.54158
1.57136
1.60127
1.6287
1.65193
1.66986
1.68162
1.68661
1.68466
1.67601
1.66099
1.63988
1.61373
1.58527
1.55835
1.53575
1.51761
1.50254
1.48957
1.47909
1.47224
1.47031
1.47401
1.48304
1.49597
1.51055
1.5246
1.53672
1.54669
1.55531
1.56353
1.57168
1.57892
1.58343
1.58323
1.57726
1.56613
1.55216
1.53865
1.52862
1.52397
1.52521
1.53167
1.54159
1.55234
1.56138
1.56734
1.57044
1.57191
1.5734
1.57655
1.58263
1.59178
1.60257
1.61258
1.6198
1.62378
1.62561
1.62685
1.62832
1.62982
1.63048
1.62934
1.62563
1.61919
1.61074
1.60202
1.59525
1.59235
1.59422
1.60042
1.60943
1.61916
1.62752
1.63293
1.63441
1.63136
1.62337
1.6105
1.59367
1.57502
1.55714
1.54155
1.52765
1.51332
1.49708
1.4798
1.46524
1.45889
1.46581
1.48818
1.52412
1.56854
1.61522
1.6587
1.69504
1.72163
1.73685
1.74003
1.73159
1.71301
1.68666
1.65544
1.62236
1.5902
1.56134
1.53772
1.52102
1.51269
1.5138
1.52451
1.54352
1.56806
1.59445
1.61862
1.6364
1.64395
1.63867
1.62042
1.59258
1.5613
1.53296
1.51082
1.49439
1.48157
1.4711
1.46317
1.45888
1.45944
1.46575
1.47843
1.49743
1.52182
1.54973
1.57868
1.60601
1.62935
1.64707
1.65861
1.66448
1.66598
1.66482
1.66269
1.66099
1.66056
1.66175
1.66433
1.66778
1.6713
1.67388
1.6743
1.67108
1.66283
1.64853
1.62778
1.60089
1.56919
1.53521
1.50257
1.47556
1.45825
1.45342
1.46168
1.48126
1.50827
1.5377
1.56452
1.58454
1.5951
1.59525
1.58568
1.56839
1.54647
1.52376
1.50435
1.49189
1.4888
1.49567
1.51134
1.53349
1.55943
1.58653
1.61227
1.63419
1.65034
1.65994
1.66408
1.66546
1.66687
1.66944
1.67226
1.67352
1.67178
1.66644
1.65765
1.64607
1.63267
1.61862
1.60529
1.59411
1.58628
1.58208
1.58049
1.57937
1.57646
1.5703
1.56059
1.54818
1.53466
1.52166
1.51031
1.50138
1.49651
1.49908
1.51157
1.53152
1.55205
1.56699
1.57397
1.57374
1.56823
1.55931
1.54841
1.53668
1.52559
1.51731
1.51461
1.52002
1.53484
1.55851
1.58875
1.62209
1.65481
1.68351
1.70564
1.71977
1.72562
1.72391
1.71584
1.70278
1.6859
1.66592
1.6432
1.61803
1.59137
1.56557
1.54433
1.53122
1.5273
1.53001
1.53498
1.53874
1.53989
1.53855
1.53548
1.5317
1.5284
1.52696
1.52864
1.53427
1.54384
1.55662
1.57158
1.58772
1.60426
1.6204
1.63529
1.64792
1.6572
1.66181
1.66022
1.65101
1.63348
