-5.13028
-5.14875
-5.15465
-5.14844
-5.13459
-5.11789
-5.10243
-5.08915
-5.08239
-5.08129
-5.08679
-5.09891
-5.11657
-5.13797
-5.16147
-5.18395
-5.2023
-5.21431
-5.21568
-5.20842
-5.19361
-5.17429
-5.15517
-5.13829
-5.12305
-5.1068
-5.08862
-5.06881
-5.04775
-5.02822
-5.00998
-4.99779
-4.98978
-4.98793
-4.99229
-5.00421
-5.02238
-5.04528
-5.0692
-5.09103
-5.10576
-5.11161
-5.10542
-5.08979
-5.06688
-5.04139
-5.01733
-4.99972
-4.99053
-4.98951
-4.99197
-4.99441
-4.99888
-5.00629
-5.01627
-5.0268
-5.03623
-5.04034
-5.04094
-5.03949
-5.04047
-5.04538
-5.0532
-5.06472
-5.07657
-5.08698
-5.09585
-5.10102
-5.10232
-5.10034
-5.09359
-5.08366
-5.06892
-5.05284
-5.03277
-5.01346
-4.99316
-4.97513
-4.96132
-4.95406
-4.95443
-4.96238
-4.97749
-4.99783
-5.01802
-5.03646
-5.04941
-5.05323
-5.04953
-5.03773
-5.02211
-5.00239
-4.98335
-4.97016
-4.96669
-4.97522
-4.99261
-5.0136
-5.03555
-5.05637
-5.0775
-5.09606
-5.11221
-5.12433
-5.13353
-5.1374
-5.13564
-5.12665
-5.11217
-5.09449
-5.07591
-5.05829
-5.04103
-5.02339
-5.00423
-4.98316
-4.96329
-4.94595
-4.93545
-4.93179
-4.93497
-4.94084
-4.95282
-4.96698
-4.97797
-4.98488
-4.98618
-4.98558
-4.98906
-5.00095
-5.02144
-5.05053
-5.08257
-5.11017
-5.12986
-5.13489
-5.12839
-5.10685
-5.07629
-5.04041
-5.0039
-4.97303
-4.95004
-4.93922
-4.93806
-4.94685
-4.9638
-4.9853
-5.00855
-5.02961
-5.04875
-5.06415
-5.07581
-5.08477
-5.08828
-5.08979
-5.08857
-5.08295
-5.07581
-5.06834
-5.06191
-5.05657
-5.05393
-5.05357
-5.05413
-5.05724
-5.06211
-5.06944
-5.07907
-5.09047
-5.10494
-5.11808
-5.12936
-5.13613
-5.13654
-5.12996
-5.11684
-5.09788
-5.07598
-5.0552
-5.03913
-5.032
-5.03437
-5.04422
-5.06044
-5.07906
-5.09554
-5.10796
-5.11267
-5.11253
-5.10559
-5.09569
-5.08531
-5.07544
-5.06724
-5.05875
-5.04862
-5.03628
-5.02402
-5.01385
-5.0095
-5.0101
-5.01693
-5.02994
-5.04694
-5.06618
-5.08649
-5.10714
-5.12689
-5.14519
-5.16208
-5.17551
-5.18775
-5.1965
-5.2023
-5.2028
-5.195
-5.18046
-5.15864
-5.13119
-5.09943
-5.06626
-5.03591
-5.01
-4.99004
-4.97685
-4.97134
-4.97316
-4.97936
-4.98859
-4.9988
-5.01065
-5.02303
-5.03782
-5.0568
-5.08206
-5.10823
-5.13256
-5.15229
-5.1638
-5.16969
-5.16959
-5.1632
-5.15266
-5.13686
-5.11514
-5.08968
-5.06134
-5.03044
-4.99916
-4.97177
-4.95152
-4.94273
-4.94684
-4.96394
-4.98862
-5.01669
-5.03995
-5.05816
-5.06763
-5.06948
-5.06311
-5.05035
-5.03735
-5.02662
-5.01875
-5.0178
-5.02169
-5.02463
-5.02342
-5.01586
-5.00234
-4.98644
-4.97194
-4.96045
-4.95122
-4.94132
-4.92796
-4.90744
-4.87997
-4.85061
-4.82383
-4.80958
-4.81362
-4.83305
-4.86226
-4.89331
-4.92186
-4.94402
-4.95886
-4.96627
-4.96555
-4.95673
-4.94277
-4.92577
-4.9144
-4.90935
-4.9135
-4.92429
-4.93807
-4.95279
-4.96765
-4.97868
-4.98649
-4.99154
-4.9909
-4.98998
-4.98875
-4.98968
-4.9956
-5.00405
-5.01285
-5.02037
-5.02804
-5.03263
-5.03436
-5.03414
-5.03026
-5.02559
-5.02093
-5.02125
-5.02444
-5.0331
-5.04618
-5.06339
-5.08334
-5.09736
-5.1049
-5.10764
-5.10493
-5.09986
-5.09643
-5.0968
-5.10217
-5.11092
-5.12115
-5.13059
-5.13923
-5.1421
-5.13968
-5.1346
-5.127
-5.12133
-5.12186
-5.12777
-5.13754
-5.14631
-5.15257
-5.15266
-5.14765
-5.13816
-5.12108
-5.1028
-5.08449
-5.06848
-5.0554
-5.04391
-5.03335
-5.02404
-5.01467
-5.00764
-5.00135
-4.9983
-4.99731
-5.00062
-5.00954
-5.02383
-5.04235
-5.06081
-5.0759
-5.08431
-5.08393
-5.07445
-5.06057
-5.04429
-5.02977
-5.01817
-5.00924
-5.00067
-4.9921
-4.98499
-4.98224
-4.98576
-4.99697
-5.01748
-5.04327
-5.07018
-5.09601
-5.11468
-5.12806
-5.13555
-5.13839
-5.13897
-5.13975
-5.14173
-5.14495
-5.14756
-5.14801
-5.14637
-5.14166
-5.1309
-5.11396
-5.09024
-5.0631
-5.03605
-5.01358
-5.00031
-5.00025
-5.01409
-5.03919
-5.07225
-5.10586
-5.13301
-5.15428
-5.16566
-5.16602
-5.16049
-5.15168
-5.14175
-5.13177
-5.12362
-5.11565
-5.10495
-5.09364
-5.08158
-5.07317
-5.0673
-5.06607
-5.06982
-5.07524
-5.08098
-5.0872
-5.09341
-5.1017
-5.11082
-5.12349
-5.13578
-5.14804
-5.15509
-5.15871
-5.15903
-5.15442
-5.14751
-5.14157
-5.13513
-5.12816
-5.12001
-5.11134
-5.10032
-5.09036
-5.08172
-5.07628
-5.07699
-5.08388
-5.09818
-5.11871
-5.14357
-5.17065
-5.19591
-5.21779
-5.23321
-5.24134
-5.24172
-5.23544
-5.22745
-5.21519
-5.20334
-5.19142
-5.18099
-5.16992
-5.1585
-5.1468
-5.13186
-5.11543
-5.09612
-5.0773
-5.06096
-5.04943
-5.04017
-5.03265
-5.02411
-5.01233
-4.99722
-4.9813
-4.9677
-4.95785
-4.95108
-4.95119
-4.95674
-4.96817
-4.98378
-5.00307
-5.02622
-5.05304
-5.07756
-5.09695
-5.1063
-5.10699
-5.10113
-5.09148
-5.0825
-5.07723
-5.07099
-5.06031
-5.04496
-5.02543
-5.00361
-4.98552
-4.97189
-4.96329
-4.96088
-4.96405
-4.97048
-4.97959
-4.98988
-4.99948
-5.00717
-5.01213
-5.01641
-5.02134
-5.02674
-5.033
-5.04246
-5.05607
-5.07411
-5.09664
-5.12132
-5.14468
-5.16499
-5.17947
-5.18416
-5.18178
-5.17173
-5.1579
-5.14378
-5.12855
-5.11458
-5.10166
-5.0907
-5.08033
-5.07226
-5.06579
-5.05932
-5.05299
-5.04683
-5.03816
-5.0306
-5.02619
-5.02622
-5.03082
-5.03857
-5.05143
-5.06596
-5.08071
-5.09466
-5.10914
-5.12298
-5.13464
-5.14392
-5.14869
-5.14869
-5.14697
-5.14195
-5.13673
-5.1324
-5.12886
-5.12653
-5.12234
-5.11344
-5.10023
-5.08371
-5.06984
-5.0637
-5.06514
-5.07152
-5.07702
-5.07724
-5.07226
-5.06432
-5.05747
-5.05808
-5.06779
-5.08587
-5.11073
-5.13892
-5.16397
-5.18229
-5.19412
-5.19786
-5.19539
-5.18764
-5.17748
-5.16761
-5.15459
-5.14277
-5.13295
-5.12375
-5.11196
-5.09689
-5.07689
-5.05147
-5.02009
-4.98404
-4.94553
-4.90932
-4.88031
-4.86458
-4.8661
-4.88066
-4.90798
-4.93941
-4.96931
-4.99351
-5.01072
-5.0199
-5.02333
-5.02215
-5.02103
-5.01989
-5.02189
-5.02617
-5.03313
-5.0398
-5.04735
-5.05617
-5.06544
-5.07535
-5.08593
-5.09854
-5.11248
-5.12586
-5.13689
-5.1422
-5.13987
-5.13008
-5.11507
-5.09239
-5.06525
-5.0359
-5.00667
-4.98246
-4.96501
-4.95762
-4.96087
-4.97147
-4.98725
-5.00375
-5.01952
-5.03133
-5.03605
-5.03609
-5.03186
-5.0251
-5.01917
-5.01576
-5.01456
-5.01362
-5.01364
-5.01497
-5.01848
-5.02286
-5.03003
-5.03625
-5.04354
-5.0486
-5.04981
-5.04786
-5.04372
-5.03861
-5.03513
-5.03281
-5.03202
-5.0329
-5.0342
-5.03723
-5.03962
-5.04303
-5.04493
-5.04547
-5.04291
-5.03782
-5.02978
-5.02041
-5.00711
-4.99258
-4.97819
-4.96506
-4.95585
-4.94817
-4.94352
-4.93812
-4.92964
-4.91635
-4.89962
-4.88164
-4.86354
-4.84976
-4.84167
-4.84027
-4.84849
-4.86408
-4.88687
-4.91351
-4.94108
-4.96758
-4.99266
-5.01312
-5.0335
-5.05163
-5.0687
-5.08414
-5.09715
-5.1059
-5.11047
-5.10856
-5.10174
-5.09029
-5.07757
-5.06467
-5.05391
-5.04526
-5.03782
-5.03333
-5.02813
-5.02642
-5.02673
-5.02599
-5.02653
-5.02798
-5.02969
-5.03002
-5.03212
-5.03453
-5.03957
-5.04579
-5.05398
-5.06329
-5.06976
-5.07136
-5.06405
-5.04911
-5.03046
-5.01124
-5.00269
-5.00687
-5.02249
-5.04506
-5.06552
-5.07823
-5.08273
-5.07991
-5.07139
-5.05864
-5.04356
-5.02692
-5.0075
-4.98512
-4.96071
-4.93363
-4.90779
-4.88923
-4.88403
-4.89266
-4.91373
-4.94388
-4.9801
-5.01781
-5.05545
-5.08899
-5.11433
-5.13079
-5.13519
-5.12997
-5.11974
-5.10929
-5.09617
-5.08183
-5.06516
-5.04547
-5.02646
-5.01365
-5.00821
-5.01012
-5.01736
-5.02552
-5.03017
-5.0302
-5.02533
-5.01524
-5.00205
-4.98918
-4.97919
-4.97364
-4.97422
-4.97881
-4.98674
-4.99737
-5.00891
-5.01906
-5.0305
-5.0415
-5.04942
-5.05319
-5.05339
-5.04959
-5.04015
-5.02373
-4.99953
-4.96911
-4.93414
-4.90247
-4.88243
-4.87665
-4.88594
-4.90407
-4.92686
-4.94807
-4.96569
-4.97989
-4.98979
-4.99709
-5.00184
-5.00401
-5.00432
-5.0014
-4.99864
-4.9966
-4.99599
-4.9992
-5.01037
-5.02684
-5.04639
-5.06687
-5.08841
-5.10911
-5.12846
-5.14392
-5.15556
-5.1599
-5.15848
-5.14788
-5.13017
-5.1055
-5.075
-5.0407
-5.00832
-4.98176
-4.96382
-4.95626
-4.9565
-4.96392
-4.97301
-4.98412
-4.99518
-5.00272
-5.00734
-5.00578
-4.99849
-4.98653
-4.97628
-4.96994
-4.97593
-4.9933
-5.02284
-5.05561
-5.08473
-5.10572
-5.1152
-5.11313
-5.09989
-5.08205
-5.06511
-5.05327
-5.05007
-5.05392
-5.06263
-5.07253
-5.08337
-5.09319
-5.10102
-5.10748
-5.11251
-5.11768
-5.12175
-5.12307
-5.12466
-5.12436
-5.1225
-5.11788
-5.10915
-5.09733
-5.08546
-5.07288
-5.05967
-5.0457
-5.03104
-5.01601
-5.00015
-4.98256
-4.96539
-4.95133
-4.94201
-4.93738
-4.93762
-4.94189
-4.94991
-4.9605
-4.97295
-4.98551
-4.99722
-5.00878
-5.01998
-5.03028
-5.04269
-5.05533
-5.06718
-5.07829
-5.08531
-5.08629
-5.07952
-5.06608
-5.04708
-5.0292
-5.01698
-5.01403
-5.02437
-5.04341
-5.06501
-5.08032
-5.0879
-5.08646
-5.08006
-5.07136
-5.06729
-5.07091
-5.08255
-5.09787
-5.11566
-5.13143
-5.14348
-5.14862
-5.14892
-5.14522
-5.13976
-5.13344
-5.12721
-5.1223
-5.11971
-5.11928
-5.12214
-5.12844
-5.13876
-5.15254
-5.16808
-5.18119
-5.18933
-5.19091
-5.18535
-5.17342
-5.15784
-5.14002
-5.11897
-5.09592
-5.07345
-5.0509
-5.02789
-5.00642
-4.98928
-4.97654
-4.9695
-4.96839
-4.97258
-4.98071
-4.98938
-4.99988
-5.01082
-5.02272
-5.03445
-5.04745
-5.06396
-5.08444
-5.10758
-5.13311
-5.15838
-5.17885
-5.19538
-5.2046
-5.20619
-5.19991
-5.18456
-5.16014
-5.12461
-5.08274
-5.03913
-4.99845
-4.96607
-4.94415
-4.93007
-4.92079
-4.91284
-4.9039
-4.89629
-4.89243
-4.89238
-4.89637
-4.90689
-4.92151
-4.94101
-4.95925
-4.97577
-4.98843
-4.99493
-4.99457
-4.98763
-4.97545
-4.96141
-4.94643
-4.93234
-4.9244
-4.91889
-4.91621
-4.91726
-4.92283
-4.93221
-4.94639
-4.96704
-4.99221
-5.01934
-5.04384
-5.06318
-5.07763
-5.08658
-5.08936
-5.08605
-5.08066
-5.07342
-5.06378
-5.05423
-5.04373
-5.03048
-5.0184
-5.00891
-5.00269
-5.00321
-5.00915
-5.01814
-5.02951
-5.04211
-5.0565
-5.07574
-5.09746
-5.1219
-5.14663
-5.16951
-5.18471
-5.19157
-5.1897
-5.17931
-5.16039
-5.13557
-5.10568
-5.07261
-5.03863
-5.00706
-4.97912
-4.95819
-4.94486
-4.94408
-4.95256
-4.96781
-4.986
-5.00716
-5.03242
-5.05576
-5.07703
-5.09294
-5.10219
-5.10351
-5.09856
-5.08631
-5.06754
-5.04594
-5.02154
-4.99677
-4.97542
-4.95834
-4.94517
-4.9408
-4.94212
-4.95177
-4.96677
-4.98631
-5.00803
-5.03044
-5.05128
-5.06694
-5.07382
-5.0697
-5.05681
-5.03865
-5.01713
-4.99468
-4.97533
-4.95927
-4.94784
-4.9416
-4.93988
-4.94095
-4.94298
-4.94582
-4.9517
-4.96234
-4.97698
-4.99536
-5.01683
-5.03956
-5.05982
-5.07841
-5.09505
-5.10856
-5.11757
-5.12362
-5.1275
-5.13016
-5.13278
-5.1357
-5.14065
-5.14277
-5.14219
-5.13555
-5.12435
-5.10513
-5.08491
-5.06659
-5.05362
-5.04421
-5.04042
-5.04278
-5.04915
-5.05721
-5.06547
-5.06929
-5.07126
-5.07054
-5.06948
-5.06815
-5.06684
-5.06225
-5.05353
-5.04236
-5.02921
-5.01654
-5.00925
-5.00924
-5.02048
-5.04033
-5.06665
-5.09591
-5.12363
-5.14786
-5.16691
-5.17959
-5.18353
-5.17831
-5.16762
-5.15256
-5.13239
-5.11255
-5.09377
-5.07637
-5.06028
-5.04611
-5.0338
-5.02648
-5.02227
-5.02171
-5.02636
-5.03169
-5.03664
-5.04064
-5.04457
-5.04842
-5.05332
-5.06025
-5.07044
-5.08388
-5.09872
-5.11115
-5.1209
-5.12735
-5.12914
-5.12626
-5.12119
-5.11561
-5.10864
-5.09923
-5.08235
-5.05878
-5.028
-4.99233
-4.95838
-4.9309
-4.91312
-4.90439
-4.90414
-4.91019
-4.92056
-4.93395
-4.94928
-4.96653
-4.98319
-4.9973
-5.00823
-5.0119
-5.00799
-4.99724
-4.98135
-4.96214
-4.9418
-4.92159
-4.90268
-4.88536
-4.87151
-4.86793
-4.87925
-4.90802
-4.9437
-4.97783
-5.00703
-5.02964
-5.04711
-5.05777
-5.06875
-5.07482
-5.0784
-5.07643
-5.07159
-5.06116
-5.04767
-5.03355
-5.01818
-5.00563
-4.99855
-4.99677
-5.00119
-5.01028
-5.024
-5.04388
-5.06744
-5.09171
-5.1153
-5.1328
-5.14219
-5.14309
-5.13418
-5.11556
-5.08945
-5.05974
-5.02863
-4.99945
-4.97827
-4.96633
-4.96485
-4.97483
-4.99466
-5.02062
-5.05212
-5.08051
-5.10439
-5.12024
-5.12432
-5.11886
-5.10346
-5.08267
-5.06108
-5.04165
-5.0232
-5.00529
-4.98845
-4.97313
-4.9651
-4.96601
-4.97331
-4.98364
-4.98967
-4.99369
-4.99744
-5.00281
-5.00673
-5.01146
-5.01929
-5.02967
-5.04333
-5.06179
-5.07951
-5.09837
-5.11756
-5.13608
-5.15506
-5.17086
-5.18561
-5.19538
-5.19972
-5.19618
-5.18746
-5.17327
-5.15315
-5.1307
-5.10904
-5.08833
-5.07523
-5.06805
-5.06681
-5.06975
-5.07236
-5.07424
-5.07287
-5.07024
-5.06663
-5.06345
-5.06118
-5.05654
-5.04814
-5.03435
-5.01785
-5.00085
-4.9868
-4.97769
-4.97833
-4.9873
-5.00594
-5.0289
-5.0523
-5.0737
-5.09046
-5.09867
-5.09962
-5.09461
-5.08913
-5.08624
-5.08825
-5.09443
-5.10499
-5.11263
-5.11871
-5.12167
-5.12292
-5.12305
-5.12208
-5.12193
-5.12329
-5.12355
-5.12329
-5.12054
-5.1171
-5.11187
-5.10383
-5.09647
-5.09119
-5.0929
-5.10248
-5.11798
-5.13556
-5.15094
-5.16202
-5.16698
-5.16416
-5.15688
-5.1471
-5.13792
-5.12869
-5.11759
-5.10277
-5.08594
-5.06904
-5.05637
-5.05015
-5.05313
-5.06434
-5.07898
-5.09392
-5.10583
-5.10976
-5.10619
-5.09421
-5.07765
-5.05784
-5.03353
-5.00782
-4.98247
-4.95976
-4.94291
-4.93679
-4.9429
-4.9596
-4.98582
-5.01468
-5.04263
-5.06467
-5.08015
-5.08805
-5.09173
-5.09231
-5.09239
-5.09348
-5.09536
-5.0953
-5.09187
-5.08309
-5.06993
-5.05254
-5.03126
-5.00866
-4.98835
-4.97273
-4.96645
-4.97025
-4.98457
-5.00307
-5.02224
-5.03772
-5.04734
-5.05005
-5.04636
-5.03948
-5.03267
-5.02804
-5.02773
-5.02795
-5.02604
-5.02207
-5.01412
-5.00428
-4.99483
-4.98652
-4.98071
-4.9776
-4.97975
-4.98512
-4.9928
-5.00412
-5.017
-5.03276
-5.04818
-5.06451
-5.08002
-5.09333
-5.10457
-5.11219
-5.11495
-5.11348
-5.10844
-5.09975
-5.08788
-5.07227
-5.05272
-5.03128
-5.00736
-4.9837
-4.96306
-4.94784
-4.94177
-4.94598
-4.96109
-4.98418
-5.01153
-5.03795
-5.05856
-5.06968
-5.06952
-5.06015
-5.04379
-5.02233
-5.00395
-4.99243
-4.98751
-4.98836
-4.99433
-5.00078
-5.00537
-5.00605
-5.00452
-5.00159
-4.99864
-4.99882
-5.00187
-5.0095
-5.01988
-5.03201
-5.04454
-5.05621
-5.06644
-5.07525
-5.08469
-5.09651
-5.10766
-5.11875
-5.12797
-5.13231
-5.13257
-5.12609
-5.11449
-5.09839
-5.07819
-5.0571
-5.03754
-5.02401
-5.01917
-5.0207
-5.02769
-5.03493
-5.04079
-5.04158
-5.03705
-5.02831
-5.01671
-5.00317
-4.99235
-4.98388
-4.97785
-4.97533
-4.97598
-4.98148
-4.99136
-5.00366
-5.02064
-5.0375
-5.05396
-5.06342
-5.06563
-5.0602
-5.05257
-5.04335
-5.03929
-5.04239
-5.05296
-5.06892
-5.08973
-5.111
-5.1307
-5.14696
-5.1565
-5.15927
-5.15308
-5.13792
-5.11477
-5.08983
-5.06921
-5.05806
-5.05196
-5.04422
-5.03329
-5.01871
-5.00865
-5.00076
-4.99946
-5.00486
-5.01252
-5.02202
-5.03223
-5.04188
-5.05168
-5.06238
-5.07301
-5.08207
-5.08609
-5.08453
-5.07842
-5.06832
-5.05844
-5.05082
-5.04756
-5.0504
-5.05659
-5.06239
-5.06769
-5.07093
-5.07377
-5.07924
-5.08514
-5.09123
-5.09456
-5.09585
-5.09358
-5.09186
-5.09091
-5.0936
-5.09781
-5.10411
-5.1119
-5.11506
-5.11433
-5.10541
-5.08734
-5.06426
-5.04301
-5.02818
-5.02305
-5.0278
-5.04015
-5.05394
-5.06635
-5.07299
-5.0711
-5.06316
-5.05069
-5.03569
-5.02087
-5.00874
-5.0004
-4.99552
-4.99435
-4.99763
-4.99954
-4.99977
-4.9947
-4.98346
-4.96643
-4.94245
-4.91357
-4.88257
-4.8529
-4.83215
-4.82342
-4.83047
-4.84967
-4.87851
-4.90735
-4.93234
-4.95506
-4.97526
-4.99052
-5.00143
-5.00708
-5.00426
-4.9905
-4.96835
-4.94312
-4.92065
-4.90586
-4.90108
-4.90374
-4.90962
-4.91755
-4.92729
-4.93781
-4.95062
-4.96467
-4.98032
-4.99603
-5.01424
-5.03339
-5.05501
-5.07634
-5.09538
-5.10988
-5.12204
-5.1296
-5.13302
-5.13344
-5.12956
-5.11831
-5.10225
-5.08278
-5.06213
-5.04423
-5.02801
-5.01434
-5.00041
-4.98675
-4.97367
-4.96612
-4.96376
-4.96763
-4.97691
-4.98832
-5.00032
-5.01174
-5.02209
-5.03098
-5.03679
-5.03884
-5.03681
-5.03184
-5.024
-5.01438
-5.00402
-4.99667
-4.99149
-4.99294
-5.00294
-5.01903
-5.04056
-5.06562
-5.0894
-5.10712
-5.11869
-5.12137
-5.11521
-5.10027
-5.07852
-5.05072
-5.01751
-4.98321
-4.95048
-4.92434
-4.90662
-4.89884
-4.90304
-4.91481
-4.93258
-4.9523
-4.97197
-4.99276
-5.01343
-5.03518
-5.05357
-5.06855
-5.07747
-5.08244
-5.08336
-5.08169
-5.07944
-5.07615
-5.07277
-5.07087
-5.07192
-5.07623
-5.08213
-5.09014
-5.09522
-5.09892
-5.09716
-5.08835
-5.07331
-5.05519
-5.03586
-5.01716
-5.00184
-4.99202
-4.9868
-4.98544
-4.98799
-4.99436
-5.00125
-5.01025
-5.01615
-5.02039
-5.02262
-5.02532
-5.02869
-5.03484
-5.04595
-5.0608
-5.07825
-5.09707
-5.11517
-5.13107
-5.14425
-5.1543
-5.1591
-5.15733
-5.1493
-5.13524
-5.11706
-5.09578
-5.075
-5.0564
-5.04225
-5.03482
-5.03168
-5.03195
-5.03285
-5.03366
-5.03087
-5.02743
-5.02145
-5.01712
-5.01543
-5.01493
-5.01912
-5.02611
-5.03342
-5.04116
-5.04832
-5.05464
-5.06411
-5.075
-5.0834
-5.09144
-5.09824
-5.10289
-5.10509
-5.1051
-5.10045
-5.09171
-5.07833
-5.06303
-5.0455
-5.02962
-5.01639
-5.00776
-5.00175
-4.99608
-4.99091
-4.98735
-4.9846
-4.98179
-4.98239
-4.9846
-4.98907
-4.99442
-5.00111
-5.0074
-5.01589
-5.02443
-5.03729
-5.05458
-5.07542
-5.09659
-5.1141
-5.12599
-5.13233
-5.1341
-5.13105
-5.12791
-5.12598
-5.12457
-5.12332
-5.12109
-5.11723
-5.10774
-5.09321
-5.07476
-5.05035
-5.02104
-4.98955
-4.95787
-4.93005
-4.91084
-4.90354
-4.909
-4.92797
-4.95642
-4.98654
-5.01586
-5.03833
-5.05476
-5.06502
-5.07184
-5.07645
-5.08104
-5.08525
-5.08879
-5.08971
-5.08507
-5.07026
-5.04737
-5.0177
-4.98928
-4.96645
-4.95785
-4.96587
-4.98914
-5.02185
-5.05793
-5.09329
-5.12252
-5.14456
-5.16038
-5.16918
-5.17186
-5.17138
-5.16627
-5.15544
-5.14056
-5.12314
-5.10149
-5.07904
-5.05713
-5.03755
-5.02174
-5.00964
-5.00002
-4.99216
-4.98373
-4.97511
-4.96567
-4.95549
-4.9492
-4.94968
-4.95976
-4.98117
-5.00714
-5.03427
-5.0555
-5.06972
-5.0738
-5.07144
-5.06356
-5.05415
-5.04048
-5.02735
-5.01429
-5.00233
-4.9933
-4.99105
-4.99457
-5.00302
-5.01247
-5.02124
-5.02849
-5.03352
-5.03741
-5.03907
-5.03908
-5.0396
-5.03884
-5.03667
-5.0357
-5.03441
-5.03405
-5.03128
-5.02508
-5.01321
-4.99545
-4.973
-4.95021
-4.9302
-4.91955
-4.91771
-4.927
-4.94178
-4.95982
-4.97863
-4.99504
-5.00656
-5.01392
-5.01548
-5.00969
-4.99741
-4.98493
-4.97444
-4.97249
-4.98048
-5.00083
-5.03041
-5.06576
-5.10005
-5.12758
-5.14378
-5.1483
-5.14284
-5.13342
-5.12153
-5.11352
-5.10766
-5.10315
-5.10016
-5.09747
-5.09836
-5.1032
-5.11306
-5.12597
-5.14323
-5.16141
-5.17716
-5.18951
-5.19387
-5.19183
-5.18269
-5.16939
-5.15322
-5.13678
-5.12252
-5.11071
-5.10298
-5.10254
-5.10491
-5.11019
-5.11434
-5.11833
-5.12129
-5.1217
-5.12009
-5.11559
-5.1091
-5.10188
-5.09643
-5.09247
-5.08966
-5.08757
-5.08544
-5.08242
-5.07948
-5.07958
-5.08445
-5.09353
-5.10488
-5.11615
-5.12557
-5.1312
-5.1319
-5.12784
-5.11844
-5.10252
-5.07802
-5.04451
-5.00109
-4.94972
-4.89784
-4.85243
-4.82156
-4.81227
-4.82215
-4.8439
-4.87295
-4.90199
-4.92746
-4.94941
-4.96549
-4.97307
-4.97629
-4.97614
-4.97633
-4.9743
-4.96793
-4.95641
-4.93774
-4.91367
-4.88839
-4.86711
-4.85434
-4.85344
-4.86312
-4.88277
-4.90482
-4.92702
-4.94655
-4.961
-4.97022
-4.97686
-4.98031
-4.98249
-4.98394
-4.98551
-4.98446
-4.98197
-4.97618
-4.96933
-4.9606
-4.953
-4.94579
-4.94294
-4.94203
-4.94565
-4.9542
-4.96624
-4.98102
-4.99628
-5.01144
-5.02514
-5.03616
-5.04325
-5.04761
-5.04664
-5.04042
-5.02887
-5.01141
-4.99205
-4.96866
-4.94491
-4.91969
-4.8972
-4.87613
-4.85671
-4.84055
-4.82969
-4.82862
-4.83581
-4.85102
-4.87113
-4.89204
-4.91308
-4.93086
-4.94656
-4.96045
-4.97715
-4.99764
-5.02183
-5.04894
-5.0719
-5.08955
-5.09877
-5.10296
-5.10337
-5.10187
-5.10085
-5.09611
-5.08805
-5.0756
-5.05651
-5.03425
-5.00828
-4.98209
-4.95899
-4.94078
-4.92795
-4.9213
-4.92081
-4.92601
-4.93379
-4.94202
-4.94724
-4.95106
-4.95376
-4.95876
-4.96419
-4.97082
-4.97881
-4.98556
-4.98966
-4.9922
-4.99323
-4.99312
-4.99261
-4.98997
-4.98628
-4.98057
-4.97385
-4.96416
-4.9532
-4.94603
-4.9464
-4.961
-4.99078
-5.02962
-5.07198
-5.10923
-5.13526
-5.15058
-5.15463
-5.14848
-5.13395
-5.11393
-5.08831
-5.05982
-5.03129
-5.00839
-4.99576
-4.99456
-5.00627
-5.02853
-5.05515
-5.08096
-5.09934
-5.10733
-5.10593
-5.09276
-5.07302
-5.04729
-5.02037
-4.99354
-4.96809
-4.94458
-4.9231
-4.90367
-4.88764
-4.87567
-4.8724
-4.87735
-4.88793
-4.90199
-4.9169
-4.92907
-4.93964
-4.94858
-4.95823
-4.96878
-4.97949
-4.99104
-5.00228
-5.01545
-5.02511
-5.03291
-5.03543
-5.03323
-5.03028
-5.02385
-5.01871
-5.01431
-5.01102
-5.00966
-5.00871
-5.00778
-5.0056
-5.00214
-4.99742
-4.99201
-4.98467
-4.97844
-4.97182
-4.96627
-4.96245
-4.95837
-4.95936
-4.96508
-4.97866
-4.99952
-5.02151
-5.03922
-5.05156
-5.05837
-5.05864
-5.05373
-5.045
-5.03399
-5.02322
-5.01455
-5.00785
-5.00521
-5.00366
-5.0041
-5.0055
-5.00675
-5.00962
-5.01303
-5.01801
-5.02392
-5.03306
-5.04366
-5.05497
-5.06758
-5.07989
-5.09226
-5.10218
-5.11079
-5.1148
-5.11465
-5.1132
-5.11043
-5.10716
-5.10588
-5.10751
-5.11277
-5.12255
-5.13615
-5.1544
-5.17519
-5.19539
-5.21208
-5.22059
-5.21819
-5.20567
-5.1836
-5.15775
-5.12988
-5.10308
-5.08215
-5.06955
-5.06254
-5.05951
-5.05892
-5.0593
-5.05975
-5.06083
-5.06471
-5.07141
-5.08148
-5.09267
-5.10145
-5.10699
-5.10619
-5.09841
-5.08504
-5.06571
-5.04389
-5.02444
-5.01127
-5.00756
-5.01336
-5.0277
-5.04728
-5.06828
-5.08866
-5.10659
-5.12378
-5.13954
-5.15485
-5.1669
-5.1761
-5.18194
-5.18568
-5.188
-5.18837
-5.18827
-5.18809
-5.18887
-5.18929
-5.19044
-5.18917
-5.18342
-5.17606
-5.16448
-5.1499
-5.13476
-5.12081
-5.10822
-5.09875
-5.09219
-5.08538
-5.08005
-5.07295
-5.06424
-5.05367
-5.04558
-5.04028
-5.03908
-5.04249
-5.0492
-5.05631
-5.05944
-5.06115
-5.0646
-5.0687
-5.07679
-5.08695
-5.09724
-5.10318
-5.10208
-5.0948
-5.08428
-5.07085
-5.05698
-5.04245
-5.0284
-5.01531
-5.00625
-5.00554
-5.01646
-5.03863
-5.06787
-5.09467
-5.11628
-5.12824
-5.12859
-5.12292
-5.11235
-5.09957
-5.08852
-5.0761
-5.06569
-5.05773
-5.05277
-5.05197
-5.05546
-5.06311
-5.07282
-5.08562
-5.09965
-5.1129
-5.12435
-5.13184
-5.13651
-5.13646
-5.13188
-5.12624
-5.1198
-5.11375
-5.10794
-5.1029
-5.09867
-5.09615
-5.09349
-5.0919
-5.09431
-5.09988
-5.10747
-5.11651
-5.12772
-5.13726
-5.14737
-5.15432
-5.16023
-5.16266
-5.16389
-5.16059
-5.15555
-5.15102
-5.1443
-5.13927
-5.13251
-5.12608
-5.11757
-5.10851
-5.09924
-5.09083
-5.08432
-5.08004
-5.08128
-5.08974
-5.10379
-5.12025
-5.13859
-5.15492
-5.16341
-5.16324
-5.15472
-5.13953
-5.12087
-5.10069
-5.08051
-5.0586
-5.03515
-5.01046
-4.98642
-4.96438
-4.94487
-4.92746
-4.91607
-4.9149
-4.92474
-4.94231
-4.9657
-4.98874
-5.00824
-5.0234
-5.03416
-5.04323
-5.04966
-5.0552
-5.05978
-5.06328
-5.06663
-5.06937
-5.07143
-5.07389
-5.07704
-5.0824
-5.08976
-5.09836
-5.10605
-5.11335
-5.11722
-5.1155
-5.11154
-5.10571
-5.10246
-5.10444
-5.11424
-5.12825
-5.14332
-5.15609
-5.16388
-5.16624
-5.16313
-5.15646
-5.14943
-5.14531
-5.14418
-5.14283
-5.14134
-5.13524
-5.12641
-5.11597
-5.10542
-5.09832
-5.09621
-5.09762
-5.1002
-5.10469
-5.10874
-5.11435
-5.12195
-5.13158
-5.14
-5.14535
-5.14785
-5.14341
-5.13253
-5.11414
-5.08855
-5.0584
-5.02668
-4.99497
-4.96415
-4.9363
-4.91232
-4.89282
-4.8759
-4.86124
-4.85079
-4.84288
-4.83981
-4.84358
-4.85662
-4.878
-4.9036
-4.93188
-4.95977
-4.98637
-5.01212
-5.03818
-5.06844
-5.10154
-5.1362
-5.16662
-5.19422
-5.2138
-5.22392
-5.22533
-5.22031
-5.20895
-5.19406
-5.17245
-5.14626
-5.11522
-5.08556
-5.06329
-5.05359
-5.06246
-5.08468
-5.11815
-5.15355
-5.18331
-5.20346
-5.21108
-5.20904
-5.19473
-5.17248
-5.14303
-5.10972
-5.07429
-5.03993
-5.00885
-4.98556
-4.96989
-4.96136
-4.95933
-4.96231
-4.96631
-4.96862
-4.97149
-4.97397
-4.97483
-4.97507
-4.97615
-4.97907
-4.98371
-4.99024
-4.9999
-5.01307
-5.02833
-5.04439
-5.06024
-5.07516
-5.08829
-5.10022
-5.10901
-5.11443
-5.11423
-5.10827
-5.09706
-5.07949
-5.05465
-5.02615
-4.99661
-4.9687
-4.94614
-4.93017
-4.92255
-4.92562
-4.93682
-4.95292
-4.96887
-4.98444
-4.99865
-5.0131
-5.03017
-5.05119
-5.0702
-5.08469
-5.09146
-5.08799
-5.07559
-5.05526
-5.03124
-5.00839
-4.99147
-4.98238
-4.98276
-4.99132
-5.00781
-5.02848
-5.05262
-5.07556
-5.09733
-5.11486
-5.12714
-5.13358
-5.13289
-5.12509
-5.11071
-5.0913
-5.07329
-5.06079
-5.05782
-5.05995
-5.06503
-5.0687
-5.06886
-5.06848
-5.06901
-5.07066
-5.07228
-5.07327
-5.07303
-5.06778
-5.05794
-5.04196
-5.02539
-5.01032
-4.99829
-4.98982
-4.98368
-4.97688
-4.97073
-4.9649
-4.95816
-4.95274
-4.94784
-4.94145
-4.93457
-4.92715
-4.91814
-4.9087
-4.90062
-4.8968
-4.89761
-4.90088
-4.90237
-4.90035
-4.89747
-4.89611
-4.89882
-4.90475
-4.91516
-4.93013
-4.94853
-4.97063
-4.99595
-5.02306
-5.05102
-5.07692
-5.09985
-5.11927
-5.13435
-5.1447
-5.14748
-5.14278
-5.13287
-5.11771
-5.10191
-5.0908
-5.0841
-5.07963
-5.07733
-5.07345
-5.07133
-5.06851
-5.06597
-5.06612
-5.06774
-5.07139
-5.07459
-5.07729
-5.07987
-5.07952
-5.07835
-5.07721
-5.07652
-5.07685
-5.07631
-5.07462
-5.06688
-5.05625
-5.04039
-5.0212
-4.99969
-4.97738
-4.95698
-4.94319
-4.93686
-4.93988
-4.9511
-4.97001
-4.99117
-5.01161
-5.03217
-5.04816
-5.0619
-5.07081
-5.07598
-5.07694
-5.07177
-5.06074
-5.04689
-5.03061
-5.01636
-5.00798
-5.00768
-5.01242
-5.02323
-5.03754
-5.05231
-5.06681
-5.07974
-5.08918
-5.09497
-5.09689
-5.09596
-5.09509
-5.09105
-5.08705
-5.08033
-5.07211
-5.06308
-5.05355
-5.04517
-5.04179
-5.04283
-5.05061
-5.06127
-5.07194
-5.08111
-5.08924
-5.09209
-5.09177
-5.09027
-5.08662
-5.08287
-5.08219
-5.0868
-5.09635
-5.11254
-5.1288
-5.1454
-5.15583
-5.1618
-5.16119
-5.15563
-5.14648
-5.13393
-5.11947
-5.10379
-5.08765
-5.07194
-5.05991
-5.0534
-5.05322
-5.05941
-5.07079
-5.08514
-5.09804
-5.10987
-5.11967
-5.12742
-5.13527
-5.14311
-5.15066
-5.15617
-5.15862
-5.15966
-5.15752
-5.15718
-5.15593
-5.15407
-5.1497
-5.14058
-5.12498
-5.10455
-5.08222
-5.05845
-5.0353
-5.01283
-4.9938
-4.98285
-4.9846
-4.99801
-5.02518
-5.05834
-5.091
-5.12029
-5.14206
-5.15662
-5.16707
-5.17315
-5.17441
-5.17458
-5.17137
-5.16671
-5.15692
-5.14529
-5.12992
-5.11321
-5.09532
-5.07861
-5.0637
-5.05333
-5.04707
-5.04202
-5.03539
-5.02661
-5.0154
-5.00507
-4.99639
-4.99056
-4.98931
-4.99122
-4.99551
-5.00005
-5.00759
-5.01544
-5.02428
-5.03209
-5.03695
-5.04002
-5.04244
-5.04799
-5.06038
-5.07508
-5.08993
-5.10174
-5.10944
-5.11303
-5.1115
-5.10507
-5.0967
-5.08798
-5.08141
-5.07992
-5.08606
-5.09771
-5.11398
-5.13074
-5.14226
-5.14556
-5.14204
-5.13084
-5.11468
-5.09791
-5.08522
-5.07693
-5.07431
-5.07901
-5.08651
-5.09422
-5.10082
-5.10513
-5.1071
-5.10625
-5.10298
-5.09924
-5.09272
-5.0863
-5.07647
-5.06362
-5.04621
-5.02735
-5.00923
-4.99345
-4.9837
-4.98082
-4.98392
-4.99149
-5.00116
-5.01276
-5.02272
-5.03348
-5.04485
-5.05407
-5.06495
-5.07715
-5.09116
-5.11226
-5.13832
-5.1655
-5.18861
-5.20389
-5.20844
-5.20362
-5.19226
-5.17479
-5.15763
-5.14048
-5.12444
-5.10884
-5.09489
-5.08584
-5.08261
-5.08782
-5.09774
-5.11393
-5.13298
-5.15011
-5.16341
-5.17006
-5.17008
-5.16367
-5.15356
-5.142
-5.13031
-5.12017
-5.11054
-5.10251
-5.09878
-5.09856
-5.10255
-5.11018
-5.11849
-5.1232
-5.12481
-5.12066
-5.11267
-5.1026
-5.08979
-5.07421
-5.05508
-5.03433
-5.0126
-4.99427
-4.97947
-4.96854
-4.9604
-4.9528
-4.94665
-4.94077
-4.93778
-4.93651
-4.93996
-4.94995
-4.9676
-4.98957
-5.01467
-5.04034
-5.06422
-5.0851
-5.09865
-5.10381
-5.10047
-5.09159
-5.07747
-5.0618
-5.04552
-5.02856
-5.01066
-4.99226
-4.97597
-4.96467
-4.96316
-4.96996
-4.98397
-5.00187
-5.02128
-5.03756
-5.05045
-5.05908
-5.06544
-5.06743
-5.06813
-5.06563
-5.06489
-5.06354
-5.0612
-5.05471
-5.04325
-5.02721
-5.00499
-4.98176
-4.96108
-4.94436
-4.9379
-4.93914
-4.94755
-4.96196
-4.97818
-4.99744
-5.01647
-5.03435
-5.0487
-5.05986
-5.06498
-5.06421
-5.05411
-5.03579
-5.01163
-4.98726
-4.9678
-4.95367
-4.94372
-4.93834
-4.93755
-4.94311
-4.95309
-4.96839
-4.98178
-4.99498
-5.00408
-5.009
-5.01025
-5.00765
-5.0021
-4.99902
-5.00135
-5.00676
-5.01579
-5.02433
-5.03223
-5.04047
-5.05162
-5.06714
-5.08547
-5.10716
-5.12989
-5.15059
-5.16776
-5.17731
-5.17676
-5.16418
-5.14205
-5.11422
-5.08452
-5.05917
-5.04216
-5.03492
-5.03543
-5.04368
-5.05559
-5.06828
-5.07823
-5.08455
-5.08798
-5.08839
-5.08751
-5.0854
-5.08207
-5.08034
-5.07662
-5.07269
-5.06868
-5.06583
-5.06384
-5.06152
-5.05847
-5.05348
-5.0454
-5.03496
-5.02056
-5.00555
-4.98813
-4.97236
-4.95758
-4.94633
-4.93876
-4.93699
-4.94127
-4.95079
-4.96581
-4.98861
-5.01607
-5.04438
-5.0687
-5.08454
-5.09017
-5.08791
-5.08125
-5.07874
-5.08279
-5.0915
-5.106
-5.11946
-5.13282
-5.14541
-5.15516
-5.15977
-5.15806
-5.14927
-5.13096
-5.10474
-5.07629
-5.04723
-5.02226
-5.0029
-4.99244
-4.99092
-4.99739
-5.00917
-5.02453
-5.04321
-5.06226
-5.08183
-5.09843
-5.11109
-5.11961
-5.12282
-5.12294
-5.12314
-5.12427
-5.12956
-5.14036
-5.155
-5.17226
-5.18881
-5.20264
-5.21242
-5.2162
-5.21498
-5.20992
-5.20264
-5.19586
-5.19019
-5.18648
-5.18418
-5.18179
-5.18
-5.17786
-5.17366
-5.16471
-5.15001
-5.12953
-5.10861
-5.08843
-5.06838
-5.04541
-5.0209
-4.99386
-4.96695
-4.94328
-4.92568
-4.91739
-4.91891
-4.92873
-4.94859
-4.97382
-5.00182
-5.03082
-5.05804
-5.08317
-5.1067
-5.12811
-5.14787
-5.16378
-5.17371
-5.17867
-5.17859
-5.17326
-5.16403
-5.15223
-5.14073
-5.13065
-5.12307
-5.12118
-5.12309
-5.12626
-5.13133
-5.13658
-5.14084
-5.14417
-5.14748
-5.15168
-5.15647
-5.16138
-5.16563
-5.16794
-5.16558
-5.15706
-5.14037
-5.11528
-5.08482
-5.053
-5.02278
-4.99766
-4.97708
-4.96203
-4.94921
-4.94036
-4.93337
-4.93002
-4.92963
-4.93179
-4.93843
-4.94885
-4.96317
-4.98184
-5.00421
-5.02465
-5.04314
-5.05704
-5.06444
-5.06488
-5.06016
-5.05242
-5.04526
-5.0416
-5.04054
-5.04633
-5.05343
-5.06134
-5.06472
-5.06532
-5.06117
-5.05388
-5.04912
-5.04973
-5.05466
-5.06138
-5.06305
-5.05831
-5.04826
-5.03441
-5.01685
-4.99685
-4.97406
-4.95411
-4.94152
-4.94182
-4.95512
-4.97787
-5.00474
-5.03143
-5.05835
-5.08278
-5.10378
-5.12345
-5.14032
-5.15198
-5.1598
-5.16581
-5.17248
-5.18056
-5.19051
-5.20352
-5.21531
-5.22232
-5.22004
-5.20975
-5.19203
-5.16708
-5.14094
-5.11672
-5.09494
-5.07672
-5.06139
-5.04705
-5.03508
-5.02382
-5.01823
-5.01966
-5.0286
-5.04663
-5.07048
-5.09821
-5.12417
-5.14653
-5.16315
-5.17249
-5.17483
-5.17203
-5.163
-5.14898
-5.13071
-5.10788
-5.08146
-5.05425
-5.02663
-5.00076
-4.98197
-4.97093
-4.96971
-4.97539
-4.98384
-4.99483
-5.0078
-5.02172
-5.03483
-5.04742
-5.05547
-5.05982
-5.05644
-5.04504
-5.02433
-4.9959
-4.96338
-4.93117
-4.90399
-4.88537
-4.87642
-4.87768
-4.88803
-4.90472
-4.92562
-4.95058
-4.97935
-5.01012
-5.03873
-5.06405
-5.08427
-5.09942
-5.11166
-5.11813
-5.12155
-5.11884
-5.10516
-5.07888
-5.0464
-5.01246
-4.98213
-4.96022
-4.95098
-4.94841
-4.95379
-4.96066
-4.96773
-4.9757
-4.98427
-4.9924
-5.00092
-5.00724
-5.00933
-5.00634
-5.0004
-4.99549
-4.99898
-5.01053
-5.02937
-5.04892
-5.06595
-5.07785
-5.08359
-5.0846
-5.08143
-5.07488
-5.06741
-5.05919
-5.05286
-5.04552
-5.03999
-5.03442
-5.02752
-5.0202
-5.01002
-4.99981
-4.9903
-4.98509
-4.98536
-4.9955
-5.01377
-5.0392
-5.06727
-5.09407
-5.11804
-5.13885
-5.15553
-5.16619
-5.17397
-5.17677
-5.17587
-5.16981
-5.16
-5.14449
-5.12801
-5.10882
-5.09065
-5.07416
-5.05868
-5.04575
-5.03401
-5.02342
-5.01683
-5.01549
-5.01977
-5.02968
-5.04208
-5.05363
-5.06075
-5.06137
-5.05505
-5.04024
-5.01743
-4.99469
-4.97583
-4.96513
-4.96435
-4.97167
-4.98588
-5.00406
-5.02283
-5.04421
-5.06784
-5.09396
-5.12215
-5.15039
-5.17915
-5.20503
-5.22874
-5.24778
-5.25713
-5.25745
-5.24843
-5.23014
-5.20473
-5.17267
-5.13857
-5.105
-5.07475
-5.05252
-5.03657
-5.02886
-5.02691
-5.03017
-5.03658
-5.04444
-5.05312
-5.05897
-5.06186
-5.05886
-5.05189
-5.04014
-5.02585
-5.00866
-4.99071
-4.9747
-4.96094
-4.95189
-4.94822
-4.94917
-4.95262
-4.95702
-4.95991
-4.96367
-4.96757
-4.97152
-4.97702
-4.9831
-4.98923
-4.99511
-5.00241
-5.00811
-5.01294
-5.01723
-5.02183
-5.03017
-5.04
-5.04947
-5.0585
-5.06486
-5.0692
-5.07311
-5.07749
-5.08206
-5.08784
-5.09347
-5.09833
-5.10457
-5.11142
-5.11822
-5.12453
-5.12794
-5.12711
-5.12137
-5.11058
-5.0956
-5.08004
-5.06416
-5.05287
-5.04517
-5.04215
-5.04071
-5.03692
-5.02965
-5.01825
-5.00613
-4.99601
-4.99197
-4.99723
-5.01283
-5.03765
-5.06813
-5.09862
-5.12284
-5.13859
-5.14347
-5.13607
-5.11742
-5.09473
-5.06971
-5.05004
-5.03713
-5.03023
-5.02837
-5.02984
-5.03227
-5.03479
-5.03786
-5.03811
-5.03906
-5.03813
-5.03779
-5.03631
-5.03423
-5.03157
-5.02687
-5.02204
-5.01791
-5.01312
-5.00933
-5.00653
-5.0049
-5.00609
-5.00898
-5.01157
-5.01886
-5.02625
-5.03514
-5.04233
-5.04779
-5.05168
-5.05621
-5.06113
-5.0688
-5.08137
-5.09839
-5.11852
-5.13935
-5.15945
-5.17507
-5.1878
-5.19748
-5.20305
-5.20343
-5.19775
-5.18551
-5.1662
-5.14438
-5.12049
-5.0983
-5.07996
-5.06739
-5.06458
-5.06827
-5.0767
-5.08658
-5.09379
-5.09534
-5.08892
-5.07918
-5.06627
-5.05565
-5.04961
-5.04939
-5.05471
-5.06438
-5.07535
-5.08583
-5.09223
-5.09368
-5.09119
-5.08777
-5.08536
-5.08502
-5.08857
-5.09535
-5.10558
-5.11665
-5.12855
-5.13946
-5.1487
-5.15362
-5.15144
-5.13859
-5.11722
-5.09102
-5.06403
-5.03621
-5.01193
-4.9932
-4.98101
-4.97699
-4.97935
-4.98482
-4.99017
-4.99267
-4.99089
-4.98496
-4.97539
-4.96487
-4.95615
-4.95141
-4.95265
-4.95807
-4.96785
-4.98112
-4.99906
-5.02152
-5.04743
-5.07577
-5.10541
-5.13433
-5.16053
-5.18215
-5.19719
-5.2021
-5.19503
-5.17698
-5.15165
-5.11971
-5.08632
-5.05722
-5.03486
-5.02316
-5.02169
-5.03068
-5.04896
-5.07136
-5.0931
-5.11263
-5.12574
-5.13332
-5.13556
-5.13292
-5.12773
-5.12061
-5.11161
-5.10128
-5.09316
-5.08659
-5.08234
-5.08015
-5.07785
-5.07476
-5.07287
-5.07098
-5.06917
-5.06679
-5.06319
-5.06269
-5.06283
-5.06211
-5.06266
-5.061
-5.05731
-5.0512
-5.04331
-5.03443
-5.02576
-5.01992
-5.01778
-5.02339
-5.03426
-5.04758
-5.05958
-5.07049
-5.07761
-5.07873
-5.07578
-5.07057
-5.06314
-5.05592
-5.05027
-5.05012
-5.05565
-5.06604
-5.07992
-5.09184
-5.101
-5.10475
-5.10355
-5.10034
-5.09739
-5.09535
-5.09476
-5.0942
-5.09164
-5.0866
-5.08064
-5.07357
-5.06642
-5.05685
-5.04581
-5.02951
-5.00955
-4.98759
-4.9655
-4.9501
-4.9451
-4.95512
-4.97898
-5.01393
-5.05443
-5.09707
-5.13624
-5.17086
-5.20195
-5.22468
-5.2392
-5.24501
-5.24082
-5.2279
-5.20815
-5.18427
-5.15792
-5.13135
-5.10468
-5.07854
-5.05252
-5.02801
-5.0035
-4.98092
-4.95913
-4.94153
-4.92978
-4.92453
-4.92703
-4.93365
-4.94413
-4.95579
-4.97032
-4.98498
-4.99853
-5.00829
-5.01501
-5.01533
-5.01059
-5.00507
-4.99925
-4.99513
-4.99546
-5.00189
-5.01026
-5.02175
-5.03197
-5.04073
-5.04643
-5.04924
-5.04812
-5.04324
-5.03404
-5.02271
-5.01051
-5.00242
-5.00249
-5.01046
-5.02356
-5.03737
-5.04794
-5.05158
-5.04866
-5.03835
-5.02356
-5.00635
-4.98949
-4.97535
-4.96669
-4.96656
-4.97599
-4.9909
-5.01105
-5.03354
-5.057
-5.07971
-5.10066
-5.11967
-5.13713
-5.15148
-5.16348
-5.17044
-5.17233
-5.17022
-5.16585
-5.15786
-5.14708
-5.13485
-5.12196
-5.10984
-5.10247
-5.10259
-5.11129
-5.12893
-5.15135
-5.17623
-5.19743
-5.21125
-5.21514
-5.20789
-5.18861
-5.15748
-5.11823
-5.07723
-5.04016
-5.01171
-4.99474
-4.98829
-4.98964
-4.9943
-5.00254
-5.00984
-5.01609
-5.01716
-5.01344
-5.00216
-4.98766
-4.97126
-4.95629
-4.94428
-4.93921
-4.9389
-4.94807
-4.96452
-4.98942
-5.01988
-5.05277
-5.08428
-5.11221
-5.13162
-5.14324
-5.14406
-5.13557
-5.11814
-5.095
-5.06623
-5.03636
-5.00793
-4.98623
-4.97465
-4.97431
-4.98511
-5.00259
-5.0236
-5.044
-5.05924
-5.06812
-5.07092
-5.06955
-5.06765
-5.07101
-5.08144
-5.09739
-5.11226
-5.12066
-5.12006
-5.10883
-5.09472
-5.08052
-5.07125
-5.06867
-5.06935
-5.07526
-5.08546
-5.095
-5.1027
-5.10562
-5.10212
-5.08951
-5.0709
-5.04893
-5.02729
-5.00959
-4.99971
-5.00002
-5.01112
-5.03206
-5.05781
-5.08674
-5.11493
-5.13895
-5.15593
-5.16208
-5.15751
-5.14086
-5.11546
-5.08675
-5.05992
-5.03995
-5.03127
-5.03273
-5.04054
-5.05483
-5.06877
-5.08077
-5.08975
-5.09364
-5.09185
-5.08565
-5.07784
-5.06791
-5.0578
-5.05078
-5.04385
-5.03996
-5.03967
-5.04307
-5.04898
-5.05466
-5.06125
-5.06545
-5.06616
-5.06395
-5.05682
-5.05009
-5.04372
-5.04137
-5.04213
-5.04618
-5.05297
-5.06287
-5.07269
-5.08086
-5.08726
-5.0929
-5.09987
-5.11002
-5.12245
-5.13546
-5.14424
-5.14935
-5.1493
-5.1424
-5.13026
-5.11351
-5.09215
-5.07251
-5.0555
-5.04374
-5.03717
-5.03444
-5.03414
-5.03562
-5.03773
-5.04034
-5.04488
-5.0532
-5.06676
-5.08339
-5.10286
-5.11976
-5.13141
-5.13669
-5.13435
-5.12396
-5.10701
-5.08448
-5.05953
-5.03536
-5.01493
-5.00256
-5.00027
-5.01116
-5.02945
-5.05342
-5.07633
-5.09442
-5.1047
-5.10982
-5.11206
-5.11042
-5.10615
-5.09674
-5.08111
-5.06105
-5.04084
-5.02074
-5.0015
-4.98276
-4.96151
-4.93542
-4.9029
-4.87077
-4.84629
-4.83382
-4.83487
-4.84571
-4.85977
-4.87415
-4.88807
-4.90214
-4.91739
-4.93429
-4.95506
-4.97748
-5.00022
-5.02064
-5.03676
-5.04574
-5.04701
-5.0401
-5.02784
-5.01322
-4.99858
-4.98663
-4.98218
-4.98462
-4.99252
-5.00725
-5.02256
-5.03493
-5.04221
-5.04155
-5.0306
-5.01189
-4.98606
-4.95555
-4.92645
-4.90032
-4.88189
-4.87544
-4.87675
-4.88189
-4.88492
-4.87992
-4.86372
-4.84006
-4.81497
-4.79391
-4.77911
-4.76997
-4.76877
-4.77862
-4.80301
-4.84334
-4.89286
-4.94772
-5.00009
-5.04332
-5.07338
-5.08909
-5.0918
-5.08244
-5.06222
-5.03553
-5.00294
-4.97081
-4.94392
-4.92401
-4.91412
-4.91353
-4.92001
-4.93224
-4.94522
-4.95576
-4.96144
-4.96124
-4.95459
-4.94328
-4.92997
-4.9174
-4.9061
-4.89802
-4.89474
-4.89848
-4.90953
-4.92692
-4.94553
-4.96015
-4.9671
-4.96492
-4.95333
-4.93597
-4.91645
-4.9013
-4.89416
-4.89917
-4.9152
-4.94183
-4.97527
-5.0118
-5.04488
-5.07218
-5.09004
-5.09854
-5.09631
-5.08445
-5.06955
-5.05411
-5.04177
-5.03389
-5.0294
-5.02763
-5.02792
-5.02739
-5.02563
-5.02041
-5.01444
-5.0089
-5.00519
-5.0041
-5.00642
-5.00925
-5.01519
-5.0198
-5.02402
-5.02919
-5.03504
-5.03605
-5.03341
-5.02687
-5.01445
-5.00297
-4.99135
-4.98135
-4.97331
-4.96929
-4.96558
-4.9645
-4.96446
-4.96829
-4.97657
-4.99038
-5.00853
-5.03043
-5.05336
-5.07305
-5.08805
-5.09726
-5.09985
-5.09476
-5.08469
-5.07225
-5.06072
-5.05119
-5.04472
-5.04028
-5.0365
-5.03527
-5.03295
-5.03312
-5.03771
-5.04766
-5.06198
-5.07888
-5.09605
-5.11158
-5.12271
-5.12751
-5.12904
-5.12766
-5.12666
-5.12501
-5.12216
-5.11787
-5.10934
-5.09421
-5.0761
-5.0566
-5.03982
-5.0333
-5.03773
-5.05234
-5.0699
-5.08931
-5.10746
-5.12506
-5.14158
-5.15761
-5.17193
-5.18085
-5.1841
-5.17991
-5.16981
-5.15357
-5.1341
-5.11125
-5.08566
-5.05947
-5.03473
-5.01529
-5.0026
-4.99954
-5.00665
-5.01988
-5.03792
-5.0587
-5.07766
-5.09539
-5.11144
-5.12716
-5.14291
-5.15645
-5.16945
-5.18004
-5.18754
-5.19077
-5.18981
-5.18704
-5.18139
-5.17557
-5.16991
-5.16545
-5.16243
-5.16209
-5.16361
-5.16372
-5.16178
-5.15235
-5.13342
-5.10596
-5.07164
-5.03298
-4.99558
-4.96338
-4.93618
-4.91422
-4.89837
-4.88366
-4.87078
-4.85926
-4.84921
-4.84076
-4.83538
-4.83345
-4.83555
-4.83893
-4.84335
-4.8467
-4.84843
-4.84509
-4.83656
-4.8259
-4.81793
-4.81571
-4.82138
-4.83517
-4.85356
-4.87241
-4.88696
-4.89709
-4.90335
-4.90976
-4.91614
-4.92476
-4.93541
-4.94802
-4.95941
-4.96929
-4.97776
-4.98423
-4.98942
-4.99356
-4.99592
-4.99648
-4.99673
-4.99728
-4.99962
-5.0037
-5.00969
-5.019
-5.03286
-5.04709
-5.06311
-5.0734
-5.07711
-5.06987
-5.05265
-5.02622
-4.99617
-4.96176
-4.92936
-4.90187
-4.88428
-4.87623
-4.88167
-4.89908
-4.92532
-4.95807
-4.99229
-5.02261
-5.04772
-5.06374
-5.07141
-5.07184
-5.06612
-5.05914
-5.05426
-5.05362
-5.06028
-5.07715
-5.09925
-5.12171
-5.14373
-5.15906
-5.16732
-5.1695
-5.16872
-5.16619
-5.16152
-5.15821
-5.15167
-5.14334
-5.13138
-5.11507
-5.09712
-5.07937
-5.06363
-5.05174
-5.04526
-5.04357
-5.04787
-5.05588
-5.06475
-5.07117
-5.07357
-5.07098
-5.0611
-5.05008
-5.03984
-5.03535
-5.03943
-5.05011
-5.06228
-5.07224
-5.07788
-5.07853
-5.07612
-5.07086
-5.06408
-5.05573
-5.04633
-5.03542
-5.02323
-5.00824
-4.98953
-4.96903
-4.94879
-4.93332
-4.92366
-4.92422
-4.93182
-4.94379
-4.95737
-4.9702
-4.97962
-4.98662
-4.99452
-5.00528
-5.02327
-5.04982
-5.08597
-5.12733
-5.17125
-5.21392
-5.251
-5.2763
-5.28898
-5.28743
-5.27011
-5.2386
-5.19947
-5.15358
-5.11191
-5.07464
-5.04635
-5.02756
-5.01621
-5.00978
-5.00559
-5.00359
-5.00348
-5.0049
-5.00723
-5.00813
-5.00785
-5.00773
-5.01006
-5.01929
-5.03356
-5.05344
-5.07258
-5.09038
-5.10351
-5.10803
-5.10626
-5.09792
-5.08673
-5.07223
-5.05779
-5.04305
-5.02864
-5.01443
-4.99929
-4.98427
-4.97367
-4.97292
-4.98754
-5.01359
-5.04597
-5.08011
-5.1122
-5.13876
-5.16068
-5.18135
-5.20183
-5.22117
-5.23883
-5.25019
-5.25349
-5.24832
-5.23618
-5.21648
-5.19218
-5.16589
-5.13999
-5.11725
-5.1001
-5.08763
-5.08018
-5.07705
-5.07733
-5.08071
-5.0847
-5.09284
-5.10291
-5.11345
-5.12255
-5.12773
-5.12734
-5.12119
-5.10969
-5.09457
-5.07837
-5.0642
-5.05441
-5.0479
-5.04507
-5.04356
-5.04485
-5.04785
-5.05254
-5.06078
-5.073
-5.08893
-5.10811
-5.1285
-5.14613
-5.1596
-5.16603
-5.16263
-5.15195
-5.13278
-5.10885
-5.08344
-5.05866
-5.0353
-5.01568
-5.00169
-4.99372
-4.99179
-4.99005
-4.98698
-4.98089
-4.96981
-4.95289
-4.93231
-4.91103
-4.89547
-4.89016
-4.89977
-4.92153
-4.95337
-4.99134
-5.02992
-5.06491
-5.09302
-5.11127
-5.12313
-5.1276
-5.12633
-5.11949
-5.11103
-5.10387
-5.09986
-5.09979
-5.10362
-5.10954
-5.1191
-5.13017
-5.14324
-5.15438
-5.1648
-5.1719
-5.1731
-5.1683
-5.15416
-5.13553
-5.11211
-5.08659
-5.06139
-5.04
-5.02226
-5.00972
-5.00427
-5.00475
-5.011
-5.02111
-5.03364
-5.04622
-5.05905
-5.07305
-5.08484
-5.09566
-5.10279
-5.10571
-5.10723
-5.10399
-5.10017
-5.09598
-5.09498
-5.09574
-5.09762
-5.09914
-5.09862
-5.09691
-5.09082
-5.08249
-5.07471
-5.07043
-5.06687
-5.06479
-5.06505
-5.0645
-5.06497
-5.06721
-5.07039
-5.07633
-5.087
-5.10299
-5.12201
-5.14446
-5.16879
-5.18897
-5.20541
-5.21596
-5.2193
-5.21673
-5.21006
-5.20005
-5.18828
-5.17555
-5.16467
-5.15505
-5.14625
-5.136
-5.12149
-5.10293
-5.08081
-5.05505
-5.02907
-5.00796
-4.99716
-4.99984
-5.0113
-5.02946
-5.04818
-5.06504
-5.07971
-5.09377
-5.10885
-5.12391
-5.14021
-5.15885
-5.17988
-5.20394
-5.23025
-5.25619
-5.27772
-5.29258
-5.29745
-5.28961
-5.2693
-5.23724
-5.19525
-5.14614
-5.09225
-5.04145
-4.99703
-4.96169
-4.9388
-4.92923
-4.93059
-4.94371
-4.9621
-4.98379
-5.00609
-5.02446
-5.03991
-5.05279
-5.06206
-5.07039
-5.07735
-5.08648
-5.10094
-5.11998
-5.14371
-5.17178
-5.20087
-5.22997
-5.25752
-5.28342
-5.30623
-5.32586
-5.33972
-5.34798
-5.34822
-5.33759
-5.31676
-5.28543
-5.24245
-5.19097
-5.13673
-5.08435
-5.03956
-5.00583
-4.9867
-4.98224
-4.98846
-5.00587
-5.03013
-5.05707
-5.08533
-5.11434
-5.14308
-5.16999
-5.19217
-5.20764
-5.21255
-5.20353
-5.18052
-5.14719
-5.11055
-5.07776
-5.05756
-5.05193
-5.05843
-5.07107
-5.08332
-5.0933
-5.09929
-5.1015
-5.10163
-5.10027
-5.09775
-5.09581
-5.09454
-5.09271
-5.09024
-5.08554
-5.0776
-5.06841
-5.05658
-5.04424
-5.03064
-5.01646
-5.00301
-4.99051
-4.98186
-4.98107
-4.98675
-5.00032
-5.01585
-5.03216
-5.04838
-5.06263
-5.07492
-5.08586
-5.09603
-5.10307
-5.10899
-5.11285
-5.1138
-5.11048
-5.10381
-5.0932
-5.0797
-5.0622
-5.04391
-5.0255
-5.00882
-4.99454
-4.98539
-4.98212
-4.98242
-4.98793
-4.99552
-5.00204
-5.00907
-5.01255
-5.01299
-5.01002
-5.00092
-4.98996
-4.98134
-4.97822
-4.98766
-5.00841
-5.03766
-5.06475
-5.08527
-5.09475
-5.08944
-5.07162
-5.04329
-5.00623
-4.9658
-4.92457
-4.88693
-4.85406
-4.83092
-4.81675
-4.81202
-4.81516
-4.82424
-4.83807
-4.85449
-4.87323
-4.89369
-4.91475
-4.9366
-4.95668
-4.97425
-4.9903
-5.00467
-5.01428
-5.02248
-5.02688
-5.02877
-5.02812
-5.02528
-5.02118
-5.02166
-5.02426
-5.03215
-5.04481
-5.05991
-5.07566
-5.08829
-5.09783
-5.10582
-5.1111
-5.11548
-5.11488
-5.11259
-5.10686
-5.10143
-5.09701
-5.09672
-5.10077
-5.10911
-5.11999
-5.13162
-5.14182
-5.14527
-5.14147
-5.12975
-5.11044
-5.08511
-5.05728
-5.03152
-5.01052
-4.99812
-4.99412
-4.99716
-5.00339
-5.00914
-5.01033
-5.00603
-4.99593
-4.98519
-4.97875
-4.97864
-4.98852
-5.00589
-5.0245
-5.04169
-5.05431
-5.05874
-5.05712
-5.05041
-5.03852
-5.02417
-5.00611
-4.98904
-4.97805
-4.97365
-4.97736
-4.9871
-4.99987
-5.01453
-5.03092
-5.04842
-5.06502
-5.08016
-5.08855
-5.08976
-5.08376
-5.06929
-5.0479
-5.02181
-4.99481
-4.97377
-4.96084
-4.95904
-4.96698
-4.9827
-5.00194
-5.02205
-5.03998
-5.05317
-5.06019
-5.05931
-5.05115
-5.03638
-5.01644
-4.99514
-4.9732
-4.95242
-4.93595
-4.9267
-4.92838
-4.93989
-4.96492
-4.99953
-5.04121
-5.08246
-5.11882
-5.14739
-5.16621
-5.17457
-5.17369
-5.16463
-5.14976
-5.13083
-5.10978
-5.08725
-5.06716
-5.04991
-5.03505
-5.02166
-5.01073
-5.00436
-5.00132
-5.00209
-5.00806
-5.01725
-5.02845
-5.03783
-5.04632
-5.0526
-5.05834
-5.06142
-5.06183
-5.06056
-5.05725
-5.05284
-5.04528
-5.03468
-5.02036
-5.0028
-4.9859
-4.96724
-4.9483
-4.92982
-4.91096
-4.89578
-4.88805
-4.8891
-4.90022
-4.92272
-4.95397
-4.992
-5.03193
-5.07287
-5.11029
-5.14261
-5.16681
-5.18382
-5.19366
-5.19249
-5.18064
-5.16
-5.13351
-5.10524
-5.07526
-5.05193
-5.03322
-5.02305
-5.02133
-5.02777
-5.04277
-5.06439
-5.08794
-5.11027
-5.12529
-5.13416
-5.13593
-5.13584
-5.13313
-5.12951
-5.12504
-5.12119
-5.12037
-5.12412
-5.13286
-5.14438
-5.15613
-5.16631
-5.17426
-5.18027
-5.18469
-5.18653
-5.18366
-5.1756
-5.16446
-5.14774
-5.12518
-5.10204
-5.07969
-5.06165
-5.04766
-5.04212
-5.04281
-5.04754
-5.05486
-5.06061
-5.06088
-5.05507
-5.04469
-5.0346
-5.02829
-5.02757
-5.03255
-5.03974
-5.04643
-5.05147
-5.05203
-5.04602
-5.03616
-5.0266
-5.02339
-5.03012
-5.0482
-5.07076
-5.091
-5.10542
-5.10979
-5.10325
-5.08499
-5.05842
-5.027
-4.99381
-4.96403
-4.94253
-4.93283
-4.93656
-4.95471
-4.98559
-5.02528
-5.06843
-5.10971
-5.14447
-5.16755
-5.17754
-5.17511
-5.16245
-5.14361
-5.12278
-5.10409
-5.08866
-5.0789
-5.07159
-5.06512
-5.05639
-5.04537
-5.0289
-5.00785
-4.98438
-4.96143
-4.94034
-4.92584
-4.91785
-4.91874
-4.92759
-4.94449
-4.9686
-4.99987
-5.03562
-5.07318
-5.10689
-5.13889
-5.16236
-5.1767
-5.17957
-5.16985
-5.1457
-5.10704
-5.05427
-4.99467
-4.93942
-4.90296
-4.89149
-4.90126
-4.92358
-4.95145
-4.97838
-5.00608
-5.03072
-5.05157
-5.068
-5.0783
-5.07985
-5.0759
-5.06875
-5.06364
-5.05823
-5.05035
-5.03692
-5.01972
-5.00555
-5.00143
-5.00763
-5.02251
-5.04237
-5.0602
-5.0717
-5.07436
-5.06766
-5.05418
-5.03434
-5.01371
-4.99722
-4.98825
-4.98852
-5.00215
-5.02732
-5.06063
-5.09885
-5.13546
-5.16741
-5.19286
-5.20929
-5.21722
-5.21568
-5.2027
-5.18004
-5.14908
-5.11086
-5.06962
-5.02964
-4.99138
-4.96005
-4.93946
-4.93079
-4.93476
-4.95109
-4.97372
-4.99928
-5.02569
-5.05033
-5.06851
-5.08177
-5.08891
-5.08857
-5.08069
-5.06752
-5.0509
-5.03272
-5.01403
-4.99888
-4.98928
-4.99035
-5.0014
-5.02508
-5.05822
-5.09625
-5.13275
-5.1607
-5.17899
-5.18423
-5.18076
-5.17546
-5.17358
-5.17741
-5.18687
-5.19626
-5.20273
-5.20191
-5.19099
-5.17261
-5.14711
-5.1165
-5.08452
-5.05405
-5.02862
-5.01147
-5.0019
-4.99804
-4.99749
-5.00018
-5.00439
-5.00903
-5.01721
-5.02947
-5.04295
-5.05469
-5.05932
-5.05587
-5.04018
-5.01665
-4.98999
-4.96393
-4.94584
-4.93866
-4.94321
-4.9541
-4.97109
-4.99071
-5.00998
-5.02445
-5.03102
-5.02856
-5.01978
-5.01638
-5.02403
-5.04334
-5.06496
-5.08476
-5.0999
-5.11058
-5.11856
-5.12517
-5.1306
-5.13329
-5.13114
-5.12399
-5.11243
-5.09662
-5.07565
-5.0588
-5.0466
-5.04466
-5.05207
-5.06689
-5.08722
-5.10692
-5.12127
-5.12976
-5.13044
-5.12335
-5.11094
-5.0947
-5.07777
-5.0603
-5.04478
-5.0304
-5.01836
-5.00608
-4.99668
-4.99001
-4.9888
-4.99182
-4.99988
-5.01194
-5.02834
-5.04627
-5.06517
-5.08566
-5.10872
-5.13299
-5.15823
-5.18417
-5.20592
-5.22251
-5.23449
-5.24008
-5.24035
-5.23516
-5.22499
-5.21108
-5.19039
-5.16485
-5.13325
-5.09616
-5.05918
-5.02798
-5.00981
-5.00982
-5.02482
-5.05107
-5.08005
-5.10905
-5.13511
-5.15735
-5.17571
-5.19065
-5.20294
-5.21405
-5.21998
-5.22159
-5.21907
-5.2135
-5.20716
-5.2005
-5.19061
-5.17897
-5.16595
-5.15034
-5.13251
-5.11386
-5.09427
-5.07464
-5.05523
-5.0377
-5.02295
-5.01268
-5.00728
-5.00932
-5.01811
-5.03294
-5.05421
-5.07952
-5.10439
-5.12463
-5.14063
-5.15055
-5.15746
-5.16063
-5.16089
-5.15885
-5.1566
-5.15354
-5.14832
-5.13929
-5.12545
-5.10882
-5.08914
-5.06961
-5.05313
-5.04127
-5.03257
-5.02702
-5.02174
-5.01849
-5.01475
-5.01187
-5.00746
-5.00144
-4.99146
-4.98007
-4.96843
-4.96197
-4.95903
-4.95932
-4.9602
-4.95715
-4.95028
-4.93981
-4.93289
-4.93169
-4.94046
-4.95832
-4.98467
-5.01443
-5.04532
-5.07663
-5.1064
-5.13034
-5.14382
-5.14535
-5.1375
-5.12842
-5.1273
-5.13921
-5.16023
-5.18412
-5.20341
-5.21163
-5.20363
-5.18106
-5.14362
-5.09549
-5.04493
-5.00146
-4.97562
-4.97619
-4.99928
-5.03248
-5.06238
-5.08208
-5.08796
-5.0816
-5.06824
-5.05048
-5.03225
-5.01791
-5.00952
-5.01079
-5.0206
-5.03864
-5.05841
-5.07784
-5.09329
-5.09969
-5.09837
-5.08782
-5.07745
-5.06663
-5.06023
-5.05951
-5.06243
-5.07073
-5.08214
-5.09479
-5.10582
-5.11473
-5.12153
-5.12544
-5.12734
-5.12894
-5.13026
-5.13163
-5.13089
-5.12657
-5.11745
-5.10293
-5.0845
-5.06437
-5.04486
-5.02919
-5.01639
-5.00663
-4.99681
-4.98809
-4.97956
-4.97248
-4.9691
-4.96988
-4.9764
-4.98937
-5.00533
-5.02329
-5.04257
-5.05848
-5.07002
-5.07626
-5.07852
-5.07392
-5.06371
-5.0534
-5.04296
-5.03574
-5.03126
-5.02986
-5.03165
-5.03606
-5.04318
-5.05219
-5.06087
-5.06604
-5.06602
-5.06162
-5.05171
-5.0363
-5.02097
-5.0059
-4.99838
-4.99984
-5.01084
-5.02828
-5.04704
-5.06552
-5.07877
-5.08512
-5.08862
-5.08888
-5.08806
-5.08608
-5.08559
-5.0833
-5.08521
-5.0883
-5.09097
-5.09156
-5.08736
-5.07903
-5.0712
-5.06716
-5.06986
-5.07782
-5.08504
-5.08768
-5.08646
-5.07963
-5.06945
-5.05915
-5.05358
-5.05628
-5.06509
-5.07885
-5.09309
-5.10457
-5.1093
-5.10743
-5.09814
-5.08256
-5.06693
-5.05531
-5.05092
-5.05493
-5.06595
-5.08034
-5.09595
-5.10959
-5.11868
-5.12395
-5.12262
-5.11775
-5.10945
-5.09989
-5.08878
-5.07624
-5.06387
-5.05351
-5.04289
-5.03125
-5.02062
-5.01206
-5.00557
-5.00177
-5.00382
-5.01086
-5.02275
-5.03581
-5.05036
-5.06329
-5.07162
-5.07463
-5.06991
-5.05636
-5.03817
-5.01614
-4.99369
-4.9746
-4.96034
-4.95268
-4.95144
-4.95613
-4.96311
-4.97043
-4.97911
-4.98663
-4.99365
-5.00052
-5.00925
-5.01867
-5.03165
-5.04498
-5.05732
-5.07009
-5.07832
-5.08377
-5.08285
-5.07668
-5.0647
-5.04862
-5.03146
-5.01438
-5.00125
-4.99478
-4.99054
-4.99074
-4.99138
-4.99028
-4.9887
-4.98436
-4.98064
-4.97813
-4.97814
-4.98086
-4.98646
-4.99461
-5.00427
-5.01277
-5.0195
-5.02335
-5.02595
-5.02805
-5.03203
-5.03892
-5.04802
-5.05949
-5.07427
-5.08983
-5.10532
-5.11689
-5.12138
-5.11737
-5.10586
-5.08839
-5.06672
-5.04585
-5.02598
-5.00907
-4.99243
-4.97341
-4.95106
-4.92745
-4.90506
-4.88938
-4.88646
-4.9005
-4.93086
-4.97484
-5.0249
-5.0754
-5.11881
-5.15158
-5.17125
-5.17936
-5.17603
-5.16435
-5.14905
-5.13346
-5.11945
-5.10621
-5.09394
-5.08055
-5.06795
-5.05826
-5.05268
-5.05483
-5.06253
-5.07441
-5.08535
-5.09191
-5.09377
-5.09473
-5.09409
-5.09761
-5.106
-5.11835
-5.12879
-5.1381
-5.14296
-5.1426
-5.13638
-5.12469
-5.10961
-5.09241
-5.07517
-5.05618
-5.03916
-5.02491
-5.01359
-5.00676
-5.006
-5.00799
-5.01446
-5.02414
-5.03568
-5.04756
-5.0556
-5.05829
-5.05388
-5.04407
-5.03034
-5.01749
-5.01015
-5.01065
-5.01814
-5.03117
-5.0446
-5.05757
-5.06805
-5.07396
-5.07465
-5.07313
-5.07048
-5.0664
-5.06257
-5.05986
-5.06072
-5.06315
-5.06885
-5.07356
-5.07781
-5.08163
-5.08397
-5.08824
-5.09256
-5.09963
-5.10713
-5.11535
-5.12192
-5.12212
-5.11844
-5.10551
-5.08978
-5.06932
-5.04672
-5.02212
-4.99727
-4.97222
-4.94841
-4.92767
-4.9149
-4.91299
-4.92579
-4.9533
-4.98873
-5.02579
-5.06041
-5.08889
-5.11016
-5.12602
-5.13771
-5.14322
-5.14445
-5.13933
-5.1286
-5.11165
-5.0893
-5.06423
-5.0378
-5.01257
-4.99038
-4.97151
-4.95892
-4.95485
-4.9626
-4.98168
-5.00958
-5.04008
-5.06492
-5.08122
-5.08655
-5.08238
-5.07117
-5.05623
-5.04379
-5.03871
-5.04335
-5.05603
-5.07155
-5.0851
-5.09313
-5.09589
-5.09441
-5.09253
-5.09319
-5.09725
-5.10481
-5.11469
-5.12329
-5.13018
-5.13248
-5.13246
-5.13327
-5.13598
-5.14111
-5.14777
-5.15608
-5.16099
-5.1606
-5.1527
-5.13785
-5.11491
-5.08827
-5.0633
-5.04444
-5.03428
-5.03492
-5.04255
-5.05419
-5.06872
-5.08447
-5.09975
-5.11499
-5.12761
-5.1401
-5.15065
-5.1611
-5.17078
-5.17847
-5.18146
-5.18141
-5.18128
-5.18194
-5.18248
-5.18531
-5.1856
-5.18277
-5.17445
-5.16265
-5.14596
-5.12442
-5.09673
-5.06564
-5.03991
-5.0217
-5.01505
-5.01791
-5.02479
-5.03104
-5.03638
-5.03457
-5.02829
-5.01793
-5.00749
-4.99958
-4.99596
-4.99686
-4.99945
-5.00232
-5.00411
-5.00413
-5.00162
-4.99685
-4.99115
-4.9864
-4.98096
-4.97916
-4.98146
-4.98789
-4.99697
-5.00949
-5.02268
-5.03815
-5.05662
-5.07772
-5.1018
-5.12828
-5.15428
-5.17767
-5.19804
-5.21342
-5.21944
-5.21811
-5.20868
-5.18993
-5.1665
-5.13804
-5.10644
-5.07423
-5.04202
-5.01751
-5.0049
-5.01057
-5.03037
-5.05962
-5.09109
-5.11703
-5.13739
-5.14886
-5.15243
-5.14878
-5.14062
-5.12775
-5.11007
-5.08952
-5.06614
-5.04134
-5.01808
-4.99577
-4.97597
-4.95966
-4.94527
-4.93352
-4.92586
-4.92358
-4.92419
-4.92985
-4.93973
-4.95165
-4.96545
-4.98086
-4.99416
-5.00773
-5.01827
-5.02454
-5.02586
-5.02258
-5.01464
-5.00599
-4.99909
-4.99518
-4.99833
-5.00804
-5.02585
-5.04627
-5.06779
-5.08572
-5.09556
-5.09814
-5.09164
-5.07621
-5.05652
-5.03588
-5.01552
-4.99946
-4.98446
-4.97052
-4.95835
-4.94861
-4.94327
-4.94482
-4.95098
-4.962
-4.97839
-4.99748
-5.02109
-5.04511
-5.06798
-5.08753
-5.1012
-5.1072
-5.10755
-5.1014
-5.09137
-5.07731
-5.06265
-5.04948
-5.03741
-5.02809
-5.02059
-5.0108
-5.0008
-4.98841
-4.97501
-4.96174
-4.94961
-4.93956
-4.93076
-4.9277
-4.92789
-4.9322
-4.93864
-4.94841
-4.95879
-4.97006
-4.97832
-4.98393
-4.98605
-4.98502
-4.98263
-4.98121
-4.97992
-4.97894
-4.97963
-4.98329
-4.9876
-4.99649
-5.00915
-5.02423
-5.0382
-5.04906
-5.05851
-5.06272
-5.06221
-5.05877
-5.05032
-5.04183
-5.03081
-5.02102
-5.0153
-5.01262
-5.01516
-5.02101
-5.02456
-5.02641
-5.02464
-5.02009
-5.01818
-5.0193
-5.02412
-5.03225
-5.03977
-5.04552
-5.04593
-5.04009
-5.02871
-5.01458
-5.00053
-4.98761
-4.98072
-4.97725
-4.97788
-4.98204
-4.9879
-4.99387
-4.99906
-5.00364
-5.00695
-5.01186
-5.01493
-5.01776
-5.02047
-5.02348
-5.02723
-5.03307
-5.04388
-5.05531
-5.06798
-5.07951
-5.08782
-5.09418
-5.10024
-5.1063
-5.1167
-5.13173
-5.15326
-5.17963
-5.20853
-5.23707
-5.25995
-5.27699
-5.28463
-5.28105
-5.26964
-5.25034
-5.22364
-5.1915
-5.15612
-5.12099
-5.08551
-5.0553
-5.03228
-5.01671
-5.00946
-5.01152
-5.02051
-5.0359
-5.05437
-5.07507
-5.09274
-5.10662
-5.1171
-5.12011
-5.11843
-5.11047
-5.09826
-5.08611
-5.07525
-5.06448
-5.05421
-5.04216
-5.02961
-5.01811
-5.00823
-5.00349
-5.00641
-5.01624
-5.03214
-5.05015
-5.06691
-5.08312
-5.09598
-5.10359
-5.10644
-5.10597
-5.10237
-5.09769
-5.08865
-5.07529
-5.05677
-5.03724
-5.01944
-5.00813
-5.00648
-5.01482
-5.0309
-5.05374
-5.07807
-5.10395
-5.12702
-5.14681
-5.16111
-5.17199
-5.18113
-5.18642
-5.18535
-5.17776
-5.16204
-5.13905
-5.11207
-5.0842
-5.05807
-5.03874
-5.02637
-5.02374
-5.03053
-5.04819
-5.07296
-5.10142
-5.13013
-5.15283
-5.16715
-5.17114
-5.16489
-5.14896
-5.12721
-5.10293
-5.08065
-5.0622
-5.049
-5.04043
-5.03702
-5.03564
-5.03555
-5.03472
-5.03383
-5.03238
-5.02776
-5.02301
-5.01553
-5.00544
-4.99247
-4.97895
-4.96682
-4.95987
-4.95668
-4.95752
-4.95877
-4.95943
-4.95595
-4.94947
-4.94194
-4.93496
-4.931
-4.93188
-4.93558
-4.94091
-4.94898
-4.9607
-4.97777
-4.99982
-5.02393
-5.04638
-5.06438
-5.07657
-5.08264
-5.08243
-5.08052
-5.07641
-5.07212
-5.06721
-5.05967
-5.04998
-5.03754
-5.02244
-5.00863
-5.00036
-5.00122
-5.00858
-5.01948
-5.03214
-5.0445
-5.05688
-5.07033
-5.08284
-5.09579
-5.10908
-5.12217
-5.1363
-5.15287
-5.16846
-5.18401
-5.19381
-5.19778
-5.19206
-5.1777
-5.1562
-5.13066
-5.10524
-5.08039
-5.06004
-5.04333
-5.03093
-5.02326
-5.02091
-5.02252
-5.02705
-5.0305
-5.03089
-5.02808
-5.0211
-5.01487
-5.0101
-5.0093
-5.01423
-5.02352
-5.03591
-5.05106
-5.06294
-5.06947
-5.07035
-5.06373
-5.05258
-5.03849
-5.02455
-5.01478
-5.01182
-5.01882
-5.03319
-5.0534
-5.07588
-5.09665
-5.11146
-5.11842
-5.11719
-5.10709
-5.08943
-5.06585
-5.04035
-5.0146
-4.99262
-4.97464
-4.96101
-4.95147
-4.94864
-4.95196
-4.96298
-4.97939
-4.99899
-5.01813
-5.03296
-5.0414
-5.04111
-5.03586
-5.02828
-5.02189
-5.0182
-5.01589
-5.01445
-5.01337
-5.01287
-5.01243
-5.00984
-5.00839
-5.00436
-4.99526
-4.98411
-4.9675
-4.9501
-4.93568
-4.92651
-4.92455
-4.93129
-4.94573
-4.96493
-4.98563
-5.00438
-5.02167
-5.03614
-5.04587
-5.05506
-5.06189
-5.06873
-5.07515
-5.08112
-5.08369
-5.08249
-5.07669
-5.06702
-5.05286
-5.0353
-5.01482
-4.99366
-4.97456
-4.95961
-4.956
-4.96496
-4.98519
-5.01572
-5.05051
-5.08657
-5.12081
-5.14711
-5.16671
-5.17858
-5.18699
-5.19128
-5.19158
-5.18802
-5.18165
-5.17088
-5.15705
-5.14063
-5.12164
-5.10397
-5.08691
-5.07273
-5.06126
-5.05275
-5.04697
-5.04403
-5.04292
-5.04455
-5.04795
-5.05191
-5.05605
-5.05826
-5.05796
-5.05531
-5.04866
-5.03973
-5.02935
-5.02041
-5.0135
-5.01044
-5.01132
-5.01601
-5.02248
-5.02919
-5.03556
-5.04197
-5.04479
-5.04493
-5.04317
-5.04017
-5.03495
-5.02942
-5.02277
-5.0149
-5.00429
-4.99314
-4.9806
-4.96818
-4.95942
-4.95329
-4.95301
-4.9581
-4.96581
-4.97256
-4.97954
-4.98416
-4.98574
-4.98567
-4.98559
-4.99123
-5.00225
-5.01735
-5.03555
-5.05192
-5.06424
-5.07111
-5.07187
-5.07096
-5.06977
-5.07286
-5.08078
-5.08973
-5.09784
-5.1044
-5.10599
-5.10315
-5.0969
-5.09049
-5.08385
-5.0792
-5.0782
-5.07739
-5.07663
-5.07358
-5.06444
-5.04899
-5.02917
-5.00551
-4.97985
-4.95415
-4.93218
-4.91698
-4.91513
-4.92804
-4.95462
-4.99014
-5.02911
-5.065
-5.09327
-5.1139
-5.12721
-5.13625
-5.14089
-5.14449
-5.14727
-5.1491
-5.1503
-5.15081
-5.15399
-5.16165
-5.17278
-5.18396
-5.19572
-5.2075
-5.21541
-5.22017
-5.22112
-5.21683
-5.20836
-5.19256
-5.17146
-5.14397
-5.11432
-5.08322
-5.05486
-5.02898
-5.01094
-4.9971
-4.98748
-4.98022
-4.97518
-4.97062
-4.96853
-4.97315
-4.98585
-5.00175
-5.01728
-5.02894
-5.03586
-5.0406
-5.04313
-5.04536
-5.04834
-5.05242
-5.05632
-5.06132
-5.06475
-5.06819
-5.07205
-5.07454
-5.07276
-5.06582
-5.05497
-5.04565
-5.04397
-5.05302
-5.07383
-5.10212
-5.13079
-5.15444
-5.16948
-5.17501
-5.16727
-5.15162
-5.12877
-5.10104
-5.06957
-5.04035
-5.0142
-4.99721
-4.98908
-4.98708
-4.9906
-4.99886
-5.01054
-5.02222
-5.03249
-5.03991
-5.04562
-5.04785
-5.0475
-5.04595
-5.04336
-5.03802
-5.03338
-5.03109
-5.03152
-5.03362
-5.03816
-5.04105
-5.04331
-5.04272
-5.03813
-5.0345
-5.03231
-5.03501
-5.04079
-5.05
-5.06023
-5.07024
-5.07634
-5.08015
-5.07924
-5.07327
-5.06454
-5.05104
-5.03415
-5.0158
-4.99908
-4.98598
-4.97679
-4.96996
-4.96446
-4.95833
-4.95397
-4.95036
-4.95073
-4.95781
-4.97144
-4.99175
-5.0163
-5.04505
-5.07426
-5.10256
-5.1267
-5.14445
-5.15257
-5.14867
-5.13291
-5.10627
-5.07355
-5.03696
-5.0016
-4.97228
-4.95209
-4.94378
-4.94755
-4.96262
-4.98691
-5.01523
-5.04496
-5.07251
-5.09758
-5.12272
-5.14476
-5.16633
-5.18568
-5.20017
-5.20981
-5.21187
-5.20647
-5.19391
-5.17691
-5.16068
-5.1467
-5.13725
-5.13406
-5.13467
-5.13667
-5.1377
-5.13596
-5.13334
-5.12656
-5.11831
-5.11075
-5.10655
-5.10668
-5.1112
-5.11593
-5.1203
-5.12165
-5.12056
-5.11808
-5.11553
-5.11266
-5.1104
-5.10756
-5.10551
-5.10498
-5.10407
-5.10399
-5.10553
-5.10835
-5.11417
-5.12003
-5.12846
-5.1355
-5.14127
-5.14338
-5.13987
-5.12809
-5.10877
-5.08289
-5.05607
-5.02922
-5.00711
-4.9901
-4.9784
-4.97007
-4.9651
-4.96224
-4.96417
-4.97054
-4.98107
-4.99416
-5.00576
-5.01058
-5.00994
-5.00252
-4.99234
-4.98291
-4.97812
-4.97956
-4.98856
-5.00541
-5.02472
-5.04357
-5.06345
-5.08317
-5.10647
-5.12878
-5.14782
-5.15999
-5.16443
-5.15782
-5.14158
-5.11984
-5.09581
-5.07498
-5.06113
-5.05263
-5.04603
-5.04148
-5.03487
-5.02363
-5.00772
-4.98612
-4.96278
-4.94128
-4.92315
-4.90739
-4.89499
-4.88469
-4.87561
-4.87129
-4.87215
-4.87863
-4.88994
-4.90559
-4.92136
-4.93733
-4.95062
-4.96246
-4.97278
-4.98204
-4.99126
-5.00114
-5.01018
-5.01947
-5.02359
-5.02357
-5.0204
-5.01434
-5.00982
-5.00992
-5.01525
-5.02609
-5.04124
-5.05899
-5.07574
-5.08996
-5.09958
-5.10476
-5.10618
-5.10142
-5.09221
-5.07806
-5.06335
-5.04836
-5.03622
-5.02586
-5.01716
-5.00823
-5.00123
-4.99668
-4.99555
-4.99537
-4.99497
-4.99399
-4.99116
-4.98689
-4.98277
-4.98282
-4.98616
-4.99313
-5.00149
-5.01082
-5.01707
-5.02045
-5.02182
-5.01902
-5.0157
-5.01081
-5.00479
-4.99718
-4.98729
-4.97572
-4.96486
-4.95375
-4.94496
-4.94366
-4.95377
-4.97548
-5.00578
-5.03801
-5.06635
-5.08846
-5.10673
-5.12105
-5.1329
-5.14487
-5.15603
-5.16571
-5.17085
-5.17267
-5.16799
-5.15587
-5.13764
-5.11614
-5.09479
-5.07942
-5.07507
-5.0833
-5.10044
-5.12008
-5.13665
-5.14877
-5.15281
-5.14768
-5.13414
-5.11458
-5.08982
-5.06184
-5.03498
-5.00888
-4.98763
-4.97306
-4.96529
-4.96237
-4.96196
-4.96167
-4.96083
-4.96133
-4.96531
-4.97281
-4.98366
-4.9991
-5.01976
-5.04565
-5.07393
-5.09906
-5.1196
-5.13415
-5.14143
-5.14168
-5.13373
-5.1205
-5.10098
-5.07867
-5.05584
-5.03417
-5.01776
-5.01198
-5.01637
-5.03184
-5.0564
-5.08592
-5.116
-5.14252
-5.16244
-5.17203
-5.17172
-5.1637
-5.15019
-5.13368
-5.11634
-5.10176
-5.08929
-5.07936
-5.0694
-5.06141
-5.05408
-5.04934
-5.04847
-5.0494
-5.05302
-5.06044
-5.07022
-5.0816
-5.09065
-5.09682
-5.09877
-5.0966
-5.09259
-5.08772
-5.08516
-5.08539
-5.08753
-5.09
-5.09224
-5.0933
-5.09267
-5.08888
-5.08664
-5.08631
-5.08725
-5.0877
-5.08548
-5.0785
-5.0658
-5.05241
-5.04014
-5.03365
-5.03264
-5.03743
-5.04602
-5.05851
-5.07427
-5.09326
-5.11148
-5.12729
-5.14123
-5.15179
-5.15985
-5.1671
-5.17305
-5.17753
-5.17966
-5.17933
-5.17728
-5.17119
-5.16209
-5.14848
-5.13205
-5.11227
-5.09238
-5.07436
-5.06135
-5.05367
-5.05099
-5.05341
-5.0576
-5.06278
-5.06858
-5.07475
-5.08276
-5.09309
-5.10775
-5.12473
-5.14307
-5.15698
-5.1654
-5.16701
-5.15993
-5.14455
-5.1232
-5.09707
-5.07042
-5.04483
-5.02441
-5.01192
-5.00526
-5.00436
-5.00506
-5.00652
-5.00998
-5.01501
-5.02047
-5.02456
-5.02732
-5.02636
-5.0207
-5.00924
-4.99494
-4.98067
-4.96811
-4.95925
-4.95495
-4.95699
-4.96623
-4.98122
-4.99981
-5.01945
-5.03804
-5.05477
-5.06929
-5.08302
-5.09745
-5.11344
-5.12812
-5.13994
-5.14762
-5.15004
-5.14761
-5.14147
-5.13687
-5.13474
-5.13812
-5.146
-5.15715
-5.16755
-5.1783
-5.18936
-5.20007
-5.21047
-5.22059
-5.22483
-5.2213
-5.20753
-5.18156
-5.14629
-5.10145
-5.05219
-5.00395
-4.96218
-4.93321
-4.91669
-4.91414
-4.92065
-4.93469
-4.95302
-4.97155
-4.99049
-5.009
-5.02716
-5.04235
-5.05433
-5.06285
-5.06885
-5.07239
-5.07442
-5.0749
-5.07244
-5.06792
-5.06152
-5.05096
-5.03954
-5.02453
-5.00934
-4.99502
-4.98159
-4.9733
-4.97008
-4.9727
-4.97945
-4.98731
-4.99543
-5.0039
-5.01069
-5.01642
-5.02227
-5.02833
-5.03652
-5.04464
-5.05252
-5.05833
-5.06163
-5.0622
-5.0618
-5.06188
-5.06247
-5.06377
-5.06656
-5.0696
-5.07462
-5.07918
-5.08291
-5.08232
-5.07815
-5.0676
-5.05029
-5.02966
-5.00592
-4.98401
-4.96896
-4.96061
-4.9626
-4.97109
-4.98256
-4.99628
-5.01185
-5.02622
-5.04045
-5.0539
-5.06812
-5.07923
-5.08977
-5.10049
-5.1115
-5.12301
-5.13306
-5.14061
-5.1477
-5.15376
-5.1598
-5.16882
-5.18055
-5.19471
-5.20847
-5.21605
-5.21606
-5.20421
-5.18011
-5.14586
-5.10416
-5.06081
-5.02239
-4.99397
-4.97647
-4.97349
-4.97914
-4.99305
-5.0033
-5.00847
-5.00517
-4.99339
-4.97303
-4.94749
-4.92216
-4.90021
-4.88537
-4.8821
-4.88751
-4.90443
-4.92775
-4.95405
-4.97987
-5.00237
-5.01795
-5.02521
-5.02483
-5.01824
-5.00744
-4.99752
-4.99068
-4.98922
-4.98984
-4.98819
-4.98491
-4.98321
-4.98964
-5.00852
-5.0374
-5.06803
-5.09589
-5.11752
-5.1338
-5.14158
-5.13799
-5.12543
-5.10284
-5.07191
-5.0353
-4.99552
-4.95742
-4.9255
-4.90797
-4.90717
-4.92545
-4.95589
-4.99027
-5.02297
-5.05071
-5.07456
-5.09454
-5.1121
-5.12667
-5.13984
-5.15169
-5.16011
-5.16595
-5.16552
-5.15864
-5.14439
-5.12438
-5.102
-5.08021
-5.06178
-5.04726
-5.03538
-5.0269
-5.01974
-5.01371
-5.01395
-5.02106
-5.03202
-5.04586
-5.05914
-5.06937
-5.07601
-5.0783
-5.08172
-5.08895
-5.09883
-5.10951
-5.11826
-5.12422
-5.12701
-5.12713
-5.12514
-5.12002
-5.10941
-5.09665
-5.08312
-5.07015
-5.06326
-5.06433
-5.07309
-5.08723
-5.10409
-5.12055
-5.13352
-5.14035
-5.14106
-5.13443
-5.12008
-5.1014
-5.08004
-5.05854
-5.04195
-5.03293
-5.03123
-5.03423
-5.04089
-5.04694
-5.04954
-5.05222
-5.05718
-5.06428
-5.07878
-5.09881
-5.12349
-5.14855
-5.16939
-5.18362
-5.18869
-5.1852
-5.17203
-5.15388
-5.13084
-5.10847
-5.09013
-5.07818
-5.07245
-5.0711
-5.07102
-5.07196
-5.07587
-5.08519
-5.10047
-5.12013
-5.13719
-5.1493
-5.15338
-5.14874
-5.13757
-5.12099
-5.10116
-5.08083
-5.0607
-5.03997
-5.02202
-5.00864
-5.00306
-5.00638
-5.01907
-5.03878
-5.06167
-5.08487
-5.1065
-5.12493
-5.14078
-5.15234
-5.16001
-5.16561
-5.16884
-5.17193
-5.17857
-5.18758
-5.20061
-5.21343
-5.22294
-5.2289
-5.22966
-5.22307
-5.21162
-5.19498
-5.17367
-5.1481
-5.11877
-5.08589
-5.05284
-5.02228
-4.99833
-4.98412
-4.97718
-4.97864
-4.98787
-5.00241
-5.01904
-5.03312
-5.03937
-5.03238
-5.01758
-4.99809
-4.97881
-4.96636
-4.96086
-4.96452
-4.97419
-4.98861
-5.00654
-5.02605
-5.04578
-5.06618
-5.08439
-5.09935
-5.10763
-5.1096
-5.10472
-5.09513
-5.0868
-5.08401
-5.0881
-5.09889
-5.11198
-5.125
-5.136
-5.14331
-5.14853
-5.14846
-5.14168
-5.12663
-5.10733
-5.08717
-5.06943
-5.05624
-5.04881
-5.04485
-5.04225
-5.04054
-5.03704
-5.03497
-5.02918
-5.02383
-5.01633
-5.00869
-5.00032
-4.99147
-4.98171
-4.97212
-4.96457
-4.96374
-4.97193
-4.98864
-5.01334
-5.03713
-5.05831
-5.07085
-5.07558
-5.07287
-5.0641
-5.05332
-5.04324
-5.03244
-5.02318
-5.01727
-5.01789
-5.02449
-5.03689
-5.05156
-5.06554
-5.07619
-5.08246
-5.08382
-5.08085
-5.07837
-5.07782
-5.07952
-5.08525
-5.08987
-5.08979
-5.08546
-5.07508
-5.06204
-5.05286
-5.05133
-5.06013
-5.07744
-5.10075
-5.12661
-5.14869
-5.16233
-5.16786
-5.16604
-5.15725
-5.14271
-5.12929
-5.11795
-5.10982
-5.10285
-5.09938
-5.09674
-5.09595
-5.09464
-5.09522
-5.09337
-5.08941
-5.08482
-5.07673
-5.06381
-5.04411
-5.01625
-4.9802
-4.93838
-4.89302
-4.85336
-4.82392
-4.81037
-4.81352
-4.83353
-4.86518
-4.90136
-4.9421
-4.98076
-5.01406
-5.04421
-5.06462
-5.08027
-5.08983
-5.09216
-5.08716
-5.07656
-5.05941
-5.03717
-5.01229
-4.98668
-4.96624
-4.95473
-4.95465
-4.9674
-4.98933
-5.01553
-5.03927
-5.05747
-5.06828
-5.06887
-5.05981
-5.04484
-5.02608
-5.006
-4.98598
-4.96658
-4.94915
-4.93289
-4.91667
-4.90121
-4.88335
-4.86637
-4.85207
-4.84126
-4.83937
-4.84796
-4.86775
-4.89753
-4.9331
-4.97153
-5.00676
-5.03764
-5.05991
-5.07738
-5.09124
-5.10499
-5.12137
-5.14014
-5.1593
-5.17567
-5.18689
-5.19029
-5.18146
-5.16397
-5.13958
-5.11154
-5.08122
-5.0531
-5.03023
-5.01504
-5.00734
-5.00742
-5.01434
-5.02656
-5.04324
-5.06142
-5.08094
-5.09781
-5.10865
-5.11238
-5.10413
-5.08623
-5.0598
-5.02772
-4.99648
-4.96768
-4.94556
-4.92971
-4.92509
-4.93161
-4.94686
-4.96908
-4.99527
-5.01987
-5.04329
-5.06309
-5.07457
-5.0787
-5.07754
-5.06951
-5.06037
-5.05374
-5.05401
-5.06133
-5.07577
-5.09594
-5.12167
-5.15083
-5.18167
-5.21124
-5.23618
-5.25375
-5.2628
-5.25837
-5.24219
-5.21483
-5.1792
-5.14067
-5.10664
-5.08082
-5.06447
-5.05756
-5.0553
-5.05489
-5.05213
-5.04542
-5.03329
-5.02212
-5.01726
-5.02308
-5.04144
-5.06734
-5.09463
-5.11835
-5.13659
-5.1483
-5.15446
-5.15734
-5.15501
-5.14841
-5.13769
-5.12375
-5.10858
-5.09599
-5.08615
-5.07898
-5.07552
-5.07347
-5.07283
-5.07281
-5.072
-5.0704
-5.06787
-5.0639
-5.0588
-5.05178
-5.04245
-5.03219
-5.0207
-5.00884
-4.99474
-4.98091
-4.96699
-4.95163
-4.93692
-4.92215
-4.9071
-4.89213
-4.8764
-4.86316
-4.85403
-4.8525
-4.8589
-4.87148
-4.88787
-4.90874
-4.93475
-4.96581
-4.9998
-5.03809
-5.07296
-5.10203
-5.12126
-5.13045
-5.12975
-5.12135
-5.10718
-5.09009
-5.07284
-5.05523
-5.04063
-5.03179
-5.02898
-5.03111
-5.03936
-5.05248
-5.0681
-5.08667
-5.10726
-5.12909
-5.14478
-5.15619
-5.16202
-5.16314
-5.15955
-5.15176
-5.13957
-5.12312
-5.10529
-5.08248
-5.05746
-5.02906
-5.00025
-4.97365
-4.95631
-4.95119
-4.9622
-4.98864
-5.02583
-5.06359
-5.09619
-5.1156
-5.12181
-5.11148
-5.09171
-5.06513
-5.0376
-5.01351
-4.9959
-4.98552
-4.98436
-4.99126
-5.00766
-5.02932
-5.05068
-5.06472
-5.06618
-5.05255
-5.02558
-4.989
-4.94777
-4.9108
-4.88539
-4.87362
-4.8739
-4.88589
-4.90239
-4.92186
-4.94173
-4.961
-4.97844
-4.99246
-5.00101
-5.00075
-4.99023
-4.97017
-4.94278
-4.91383
-4.88645
-4.86198
-4.84458
-4.83512
-4.83886
-4.85409
-4.87967
-4.91296
-4.94874
-4.98187
-5.01036
-5.0331
-5.05047
-5.06674
-5.08168
-5.09693
-5.11072
-5.11875
-5.12236
-5.11863
-5.10652
-5.08759
-5.06519
-5.03876
-5.01263
-4.99224
-4.97954
-4.97673
-4.97955
-4.99227
-5.01095
-5.03199
-5.05169
-5.06849
-5.07917
-5.08379
-5.0825
-5.08064
-5.07931
-5.08169
-5.09207
-5.10631
-5.12371
-5.1389
-5.15144
-5.15542
-5.15221
-5.14155
-5.1248
-5.10383
-5.08547
-5.07182
-5.06464
-5.06256
-5.06091
-5.0578
-5.0484
-5.03374
-5.01849
-5.005
-4.99891
-5.00081
-5.01172
-5.03069
-5.05609
-5.0801
-5.1047
-5.12775
-5.15032
-5.17039
-5.18589
-5.19629
-5.19847
-5.19311
-5.18241
-5.16489
-5.14658
-5.12959
-5.11432
-5.09691
-5.07953
-5.05797
-5.0368
-5.0173
-5.0017
-4.9882
-4.97739
-4.96581
-4.9524
-4.93575
-4.91983
-4.90852
-4.90741
-4.92279
-4.95294
-4.98894
-5.01979
-5.03984
-5.04496
-5.03815
-5.02137
-5.00178
-4.98329
-4.97083
-4.96836
-4.97587
-4.99193
-5.0131
-5.03792
-5.06346
-5.08852
-5.11256
-5.13392
-5.1531
-5.16878
-5.1815
-5.19073
-5.19669
-5.19976
-5.19837
-5.19108
-5.17765
-5.15736
-5.13183
-5.10225
-5.07263
-5.04454
-5.02253
-5.00864
-5.00249
-5.00189
-5.00531
-5.00828
-5.01229
-5.01801
-5.02664
-5.0394
-5.05773
-5.07825
-5.10262
-5.12705
-5.1496
-5.16807
-5.18109
-5.1884
-5.18777
-5.18024
-5.16639
-5.14719
-5.12585
-5.10351
-5.08343
-5.06654
-5.05173
-5.03975
-5.02574
-5.00808
-4.98443
-4.95739
-4.9281
-4.90092
-4.88095
-4.86779
-4.86202
-4.86613
-4.88004
-4.90173
-4.92832
-4.95484
-4.97774
-4.99496
-5.00319
-5.00592
-5.00623
-5.00474
-5.00597
-5.00876
-5.01274
-5.01701
-5.02056
-5.01951
-5.01315
-5.00108
-4.98716
-4.97472
-4.96793
-4.97027
-4.98004
-4.99451
-5.0066
-5.01263
-5.00908
-4.99581
-4.97782
-4.95784
-4.94121
-4.93234
-4.93146
-4.94118
-4.96081
-4.98908
-5.0218
-5.05809
-5.09232
-5.12115
-5.14111
-5.1529
-5.15667
-5.15401
-5.1493
-5.14406
-5.1377
-5.12787
-5.11183
-5.08863
-5.06126
-5.03183
-5.00399
-4.98478
-4.97801
-4.98448
-5.00485
-5.03265
-5.06247
-5.08837
-5.10809
-5.1162
-5.1136
-5.09947
-5.07748
-5.05259
-5.0256
-5.00425
-4.9875
-4.97976
-4.98089
-4.9899
-5.00417
-5.02145
-5.03651
-5.04809
-5.05638
-5.06249
-5.06618
-5.06831
-5.0707
-5.07478
-5.0804
-5.0879
-5.09406
-5.10036
-5.10427
-5.10591
-5.10607
-5.10458
-5.10236
-5.09942
-5.09787
-5.0969
-5.09703
-5.09855
-5.09907
-5.09903
-5.09795
-5.09617
-5.09273
-5.08742
-5.081
-5.07179
-5.05786
-5.03849
-5.01423
-4.98998
-4.96915
-4.95733
-4.95589
-4.96181
-4.97004
-4.979
-4.98768
-4.99726
-5.0064
-5.01524
-5.01993
-5.0205
-5.01718
-5.00896
-4.99808
-4.9849
-4.97165
-4.96108
-4.95565
-4.95524
-4.9578
-4.96174
-4.96502
-4.96779
-4.97317
-4.97968
-4.98859
-4.99797
-5.00639
-5.01686
-5.02818
-5.03783
-5.04411
-5.04697
-5.04178
-5.03021
-5.01347
-4.99175
-4.9662
-4.94059
-4.91699
-4.89773
-4.88568
-4.88324
-4.89087
-4.90736
-4.92867
-4.95254
-4.97685
-4.99969
-5.01939
-5.03849
-5.05389
-5.06823
-5.08075
-5.09098
-5.09878
-5.10466
-5.10698
-5.10641
-5.10161
-5.09681
-5.08865
-5.07856
-5.0677
-5.05355
-5.03911
-5.0228
-5.00506
-4.98428
-4.96243
-4.94047
-4.91872
-4.8986
-4.88219
-4.87015
-4.86954
-4.88235
-4.91029
-4.94812
-4.986
-5.01664
-5.03535
-5.04087
-5.03463
-5.02174
-5.0075
-4.99794
-4.99402
-4.99636
-5.00436
-5.01646
-5.03251
-5.05289
-5.07329
-5.0903
-5.10382
-5.11228
-5.11383
-5.10904
-5.10052
-5.08825
-5.0768
-5.0666
-5.05596
-5.04653
-5.03703
-5.02488
-5.01129
-4.99873
-4.98887
-4.98332
-4.98191
-4.98377
-4.98695
-4.98709
-4.98257
-4.97388
-4.96006
-4.94686
-4.93913
-4.94101
-4.95007
-4.96378
-4.97553
-4.98466
-4.9897
-4.98831
-4.9821
-4.97224
-4.96289
-4.95276
-4.94651
-4.94324
-4.94667
-4.95485
-4.96885
-4.98644
-5.00397
-5.01899
-5.02962
-5.03554
-5.0364
-5.03583
-5.03342
-5.03123
-5.03078
-5.03361
-5.04038
-5.05148
-5.06219
-5.07205
-5.07848
-5.08112
-5.08016
-5.07843
-5.07427
-5.06985
-5.06658
-5.06217
-5.05417
-5.04651
-5.03581
-5.02644
-5.01805
-5.01399
-5.01629
-5.02481
-5.03565
-5.04827
-5.06107
-5.06804
-5.06768
-5.05962
-5.04343
-5.02336
-5.00152
-4.98268
-4.96903
-4.96197
-4.96016
-4.9629
-4.96891
-4.97626
-4.98329
-4.98928
-4.9919
-4.99544
-4.99823
-5.00255
-5.00576
-5.00698
-5.00517
-4.99953
-4.99058
-4.97855
-4.96401
-4.94911
-4.93568
-4.9243
-4.92013
-4.92073
-4.9266
-4.94041
-4.95924
-4.9814
-5.00374
-5.02608
-5.04522
-5.05968
-5.0691
-5.07297
-5.07229
-5.06926
-5.06446
-5.06175
-5.062
-5.06804
-5.08009
-5.09664
-5.11416
-5.12913
-5.13828
-5.14097
-5.13604
-5.12651
-5.11658
-5.11103
-5.11373
-5.12551
-5.14823
-5.17627
-5.20566
-5.23037
-5.24797
-5.25725
-5.25676
-5.24919
-5.23612
-5.22098
-5.20399
-5.18768
-5.17436
-5.16527
-5.15785
-5.15197
-5.14762
-5.1433
-5.14313
-5.14701
-5.1564
-5.17293
-5.19343
-5.21424
-5.23209
-5.24321
-5.24702
-5.24388
-5.23453
-5.21879
-5.19738
-5.17254
-5.14447
-5.11457
-5.08114
-5.04745
-5.01581
-4.98774
-4.96664
-4.95435
-4.95283
-4.95719
-4.96458
-4.97299
-4.98138
-4.98747
-4.99267
-4.99695
-5.00122
-5.00684
-5.01351
-5.02022
-5.02783
-5.03241
-5.03201
-5.0245
-5.00997
-4.98975
-4.96861
-4.94801
-4.93341
-4.92619
-4.93066
-4.9499
-4.98078
-5.01679
-5.05239
-5.08248
-5.10698
-5.1227
-5.12855
-5.12586
-5.11562
-5.10153
-5.08361
-5.06378
-5.04704
-5.0322
-5.01914
-5.01038
-5.00275
-4.99759
-4.99483
-4.99354
-4.9887
-4.97817
-4.96244
-4.94499
-4.92974
-4.92429
-4.93045
-4.94758
-4.97021
-4.99426
-5.01677
-5.03732
-5.05545
-5.0717
-5.08595
-5.09862
-5.10803
-5.11297
-5.11278
-5.10666
-5.09489
-5.0777
-5.05606
-5.03391
-5.00786
-4.9821
-4.95594
-4.93248
-4.91087
-4.89318
-4.88005
-4.87056
-4.86621
-4.86647
-4.87227
-4.88156
-4.89504
-4.91123
-4.931
-4.95198
-4.97186
-4.98883
-5.00271
-5.01326
-5.02217
-5.0266
-5.02848
-5.02743
-5.02344
-5.0181
-5.01155
-5.00764
-5.0061
-5.00765
-5.01468
-5.02625
-5.04069
-5.05414
-5.06583
-5.07233
-5.07283
-5.07089
-5.06751
-5.06545
-5.06741
-5.07337
-5.08021
-5.08666
-5.09106
-5.09002
-5.08499
-5.07368
-5.05982
-5.04428
-5.02933
-5.01825
-5.00762
-5.00061
-4.99568
-4.99138
-4.9859
-4.98119
-4.97782
-4.97768
-4.98193
-4.99086
-5.00433
-5.01705
-5.02905
-5.03641
-5.03882
-5.03405
-5.02569
-5.01401
-5.00422
-4.99952
-5.00087
-5.00983
-5.02468
-5.0423
-5.05865
-5.07476
-5.08676
-5.09428
-5.10023
-5.10388
-5.10759
-5.11178
-5.11489
-5.11656
-5.11495
-5.10744
-5.09299
-5.07529
-5.05629
-5.03585
-5.01568
-4.9962
-4.97772
-4.9603
-4.94309
-4.92502
-4.90607
-4.88875
-4.87938
-4.87839
-4.89125
-4.91333
-4.94102
-4.97171
-5.00169
-5.03189
-5.05843
-5.07797
-5.08552
-5.08102
-5.06757
-5.04831
-5.03187
-5.02074
-5.01705
-5.01884
-5.02388
-5.02912
-5.03464
-5.04001
-5.04794
-5.05729
-5.06701
-5.07249
-5.07508
-5.0762
-5.07591
-5.08073
-5.09432
-5.11784
-5.14723
-5.17628
-5.20069
-5.21533
-5.21884
-5.21404
-5.20172
-5.18181
-5.15991
-5.13774
-5.11567
-5.09853
-5.08681
-5.0819
-5.0827
-5.08649
-5.09125
-5.0915
-5.08314
-5.06693
-5.04323
-5.01243
-4.98238
-4.95826
-4.94435
-4.93972
-4.94307
-4.95221
-4.96398
-4.97999
-4.99807
-5.01978
-5.04129
-5.0601
-5.07446
-5.08838
-5.09959
-5.1106
-5.12567
-5.14452
-5.16613
-5.18766
-5.20569
-5.21718
-5.22192
-5.22069
-5.21467
-5.20498
-5.19293
-5.18013
-5.16788
-5.15649
-5.14737
-5.14102
-5.13695
-5.13214
-5.12581
-5.11416
-5.09511
-5.06547
-5.02747
-4.98434
-4.93977
-4.89852
-4.86891
-4.85591
-4.86276
-4.89036
-4.9339
-4.98514
-5.03365
-5.07262
-5.09884
-5.11076
-5.11031
-5.09898
-5.08197
-5.06192
-5.04167
-5.02638
-5.01677
-5.01495
-5.01844
-5.02704
-5.03734
-5.0488
-5.05778
-5.06427
-5.06614
-5.06478
-5.06121
-5.06072
-5.06323
-5.07264
-5.08625
-5.10343
-5.12313
-5.1457
-5.16939
-5.18849
-5.20055
-5.20276
-5.19521
-5.17893
-5.15625
-5.12917
-5.10429
-5.08136
-5.06237
-5.04865
-5.04042
-5.03777
-5.03853
-5.04401
-5.05147
-5.05785
-5.06144
-5.06124
-5.05508
-5.04334
-5.02923
-5.01511
-5.0099
-5.01356
-5.02578
-5.04511
-5.06914
-5.09351
-5.11381
-5.12836
-5.13317
-5.1305
-5.12073
-5.10653
-5.09193
-5.08142
-5.07795
-5.08246
-5.09486
-5.10984
-5.12575
-5.1375
-5.14335
-5.1404
-5.12851
-5.10832
-5.08326
-5.05482
-5.02623
-5.00079
-4.97961
-4.96374
-4.95422
-4.95023
-4.95064
-4.95366
-4.95627
-4.95685
-4.95507
-4.94896
-4.93961
-4.92973
-4.92019
-4.91582
-4.91746
-4.92929
-4.95072
-4.98115
-5.01827
-5.05949
-5.09979
-5.13713
-5.16907
-5.19319
-5.20949
-5.21748
-5.21783
-5.20848
-5.19092
-5.1681
-5.14102
-5.11378
-5.08759
-5.06733
-5.05536
-5.05233
-5.05725
-5.06658
-5.07785
-5.08855
-5.10031
-5.11266
-5.12412
-5.13525
-5.14434
-5.15406
-5.16337
-5.17226
-5.18261
-5.19333
-5.2022
-5.20786
-5.21088
-5.20837
-5.20407
-5.19762
-5.19123
-5.18353
-5.17407
-5.16146
-5.14514
-5.12692
-5.10564
-5.0814
-5.05557
-5.03478
-5.01596
-5.00198
-4.9927
-4.99175
-4.99557
-5.0062
-5.02129
-5.0388
-5.05781
-5.076
-5.09083
-5.10117
-5.10609
-5.10319
-5.09506
-5.08065
-5.0625
-5.04126
-5.01915
-5.00033
-4.98606
-4.98191
-4.98831
-5.00699
-5.03355
-5.06109
-5.08443
-5.1014
-5.10877
-5.10882
-5.10069
-5.08578
-5.06656
-5.04353
-5.01871
-4.9963
-4.97539
-4.96158
-4.95347
-4.9541
-4.96212
-4.97417
-4.98534
-4.99461
-4.99967
-4.99917
-4.99417
-4.98486
-4.97448
-4.96446
-4.95478
-4.94847
-4.94505
-4.94467
-4.94519
-4.94791
-4.9537
-4.9613
-4.96945
-4.97498
-4.97481
-4.96767
-4.95463
-4.93462
-4.91415
-4.89479
-4.88116
-4.87672
-4.88087
-4.89536
-4.91902
-4.9492
-4.98315
-5.01522
-5.04541
-5.06879
-5.08423
-5.091
-5.09012
-5.08171
-5.07066
-5.05912
-5.04633
-5.03795
-5.0337
-5.03341
-5.03707
-5.04475
-5.05721
-5.07499
-5.09649
-5.12088
-5.14332
-5.15932
-5.1675
-5.16653
-5.15689
-5.14298
-5.12551
-5.11045
-5.0985
-5.09071
-5.08826
-5.09093
-5.09571
-5.10314
-5.11036
-5.11631
-5.11803
-5.11689
-5.11579
-5.11409
-5.11289
-5.11199
-5.11298
-5.11462
-5.11611
-5.11629
-5.1148
-5.11152
-5.1082
-5.10361
-5.09505
-5.08512
-5.06849
-5.04935
-5.03053
-5.01433
-5.00801
-5.01472
-5.03254
-5.05696
-5.08419
-5.11024
-5.12624
-5.13301
-5.12646
-5.10778
-5.08017
-5.04549
-5.01135
-4.98192
-4.96176
-4.9521
-4.95488
-4.96589
-4.98248
-4.99811
-5.01132
-5.01892
-5.01819
-5.00715
-4.98618
-4.96008
-4.93245
-4.9066
-4.88595
-4.87219
-4.86268
-4.85975
-4.86361
-4.87762
-4.8992
-4.92636
-4.95383
-4.97827
-4.99627
-5.00503
-5.00364
-4.99651
-4.9882
-4.98221
-4.97625
-4.97003
-4.96359
-4.95916
-4.95706
-4.95825
-4.96298
-4.97147
-4.98462
-5.00001
-5.01819
-5.03877
-5.06084
-5.07869
-5.09254
-5.09879
-5.09824
-5.09095
-5.07801
-5.06271
-5.04718
-5.03446
-5.02709
-5.02351
-5.02448
-5.02939
-5.03858
-5.0505
-5.06606
-5.0842
-5.10351
-5.1237
-5.14051
-5.15457
-5.16355
-5.16755
-5.16412
-5.15439
-5.14114
-5.12516
-5.10744
-5.0927
-5.08323
-5.08138
-5.08709
-5.10012
-5.11551
-5.13099
-5.1405
-5.14207
-5.13723
-5.12679
-5.11198
-5.09418
-5.07443
-5.05697
-5.03978
-5.02426
-5.00893
-4.99278
-4.97649
-4.96233
-4.94942
-4.93931
-4.9314
-4.9273
-4.92636
-4.9281
-4.93215
-4.93859
-4.95076
-4.97196
-5.00037
-5.03404
-5.0686
-5.10178
-5.12818
-5.14776
-5.15999
-5.1627
-5.15843
-5.14677
-5.12688
-5.10206
-5.0767
-5.05222
-5.032
-5.01629
-5.00709
-5.00139
-4.99893
-5.00085
-5.00586
-5.01409
-5.02481
-5.03307
-5.03913
-5.04028
-5.03565
-5.0273
-5.01378
-4.99798
-4.98293
-4.96759
-4.95489
-4.94506
-4.93751
-4.93442
-4.93398
-4.93572
-4.94099
-4.95075
-4.96684
-4.98655
-5.00845
-5.02675
-5.03864
-5.04321
-5.04215
-5.04043
-5.03837
-5.04173
-5.04936
-5.06224
-5.07833
-5.09475
-5.10734
-5.11351
-5.11332
-5.10691
-5.09687
-5.0837
-5.06896
-5.05495
-5.04389
-5.0325
-5.02242
-5.01211
-5.00146
-4.99148
-4.98312
-4.97761
-4.97549
-4.97818
-4.98507
-4.99278
-5.00097
-5.01024
-5.02087
-5.02873
-5.03806
-5.04794
-5.05911
-5.07289
-5.08729
-5.09968
-5.10952
-5.11276
-5.10938
-5.09871
-5.08278
-5.06619
-5.05328
-5.04748
-5.05166
-5.06239
-5.07752
-5.08912
-5.09465
-5.0892
-5.0738
-5.04951
-5.02275
-4.99872
-4.98204
-4.97571
-4.97879
-4.98788
-5.00075
-5.01668
-5.033
-5.05027
-5.06516
-5.07703
-5.08292
-5.08161
-5.07105
-5.05406
-5.03266
-5.01025
-4.9872
-4.96575
-4.9473
-4.93398
-4.92653
-4.92377
-4.92623
-4.93591
-4.95128
-4.97166
-4.99408
-5.01465
-5.02897
-5.03497
-5.03237
-5.02439
-5.01068
-4.99831
-4.98868
-4.98724
-4.99464
-5.01041
-5.03286
-5.05601
-5.07497
-5.08632
-5.09022
-5.08797
-5.08156
-5.07152
-5.06004
-5.04322
-5.02272
-4.99807
-4.97321
-4.95062
-4.93262
-4.91827
-4.90954
-4.90359
-4.89928
-4.89877
-4.90251
-4.91049
-4.92067
-4.93651
-4.95355
-4.97331
-4.99161
-5.01153
-5.03305
-5.05457
-5.07571
-5.09663
-5.11453
-5.12764
-5.13637
-5.14096
-5.14209
-5.14051
-5.13396
-5.12166
-5.10457
-5.0847
-5.06215
-5.03931
-5.0217
-5.00893
-5.00297
-5.00429
-5.01069
-5.02394
-5.04023
-5.05558
-5.06832
-5.07732
-5.08471
-5.08915
-5.09322
-5.09642
-5.09873
-5.10028
-5.10069
-5.10083
-5.10169
-5.1046
-5.10559
-5.10289
-5.09587
-5.08398
-5.06764
-5.04584
-5.02262
-5.00484
-4.99566
-4.99717
-5.01269
-5.03763
-5.06776
-5.10128
-5.13604
-5.16828
-5.19719
-5.21994
-5.23624
-5.24596
-5.24845
-5.24442
-5.23398
-5.21733
-5.1929
-5.16216
-5.12793
-5.09137
-5.05445
-5.01822
-4.98707
-4.96554
-4.95618
-4.96025
-4.97688
-5.00484
-5.03907
-5.07389
-5.1036
-5.12774
-5.14316
-5.15072
-5.15198
-5.14601
-5.13116
-5.10987
-5.08385
-5.05617
-5.02931
-5.00345
-4.98512
-4.97566
-4.97579
-4.98621
-5.00584
-5.03087
-5.05605
-5.07562
-5.08924
-5.09465
-5.0939
-5.08905
-5.08171
-5.07107
-5.06195
-5.05449
-5.0542
-5.06461
-5.087
-5.11608
-5.14573
-5.16974
-5.1877
-5.19709
-5.19907
-5.19386
-5.18269
-5.16681
-5.14395
-5.11725
-5.08581
-5.0505
-5.01454
-4.98132
-4.95291
-4.933
-4.92392
-4.92548
-4.93689
-4.95709
-4.98459
-5.01435
-5.04187
-5.06449
-5.07991
-5.0883
-5.09035
-5.08832
-5.08428
-5.07976
-5.07585
-5.0765
-5.07988
-5.08596
-5.09318
-5.10231
-5.11282
-5.1209
-5.12525
-5.12519
-5.11872
-5.10592
-5.09014
-5.0711
-5.0558
-5.04658
-5.04348
-5.04385
-5.04577
-5.04899
-5.05163
-5.05283
-5.05498
-5.05647
-5.05896
-5.06287
-5.06545
-5.06568
-5.06294
-5.05751
-5.04644
-5.03036
-5.00923
-4.98523
-4.96086
-4.9405
-4.93079
-4.93283
-4.94397
-4.96424
-4.98701
-5.00639
-5.02057
-5.02307
-5.01557
-4.99918
-4.9793
-4.96283
-4.95413
-4.9576
-4.9717
-4.99158
-5.01204
-5.02943
-5.04183
-5.04585
-5.04597
-5.04456
-5.04382
-5.04626
-5.05107
-5.05618
-5.0599
-5.06259
-5.06189
-5.05878
-5.05502
-5.05086
-5.04592
-5.04244
-5.041
-5.04113
-5.04233
-5.0418
-5.04063
-5.03391
-5.0221
-5.00547
-4.98489
-4.96462
-4.94681
-4.93695
-4.93896
-4.95188
-4.97575
-5.00439
-5.03491
-5.06105
-5.07945
-5.08732
-5.08591
-5.07358
-5.05661
-5.04255
-5.03567
-5.04009
-5.05083
-5.06432
-5.07891
-5.09513
-5.11221
-5.12826
-5.14069
-5.1494
-5.15128
-5.14795
-5.1405
-5.13159
-5.1226
-5.11837
-5.11954
-5.1265
-5.13854
-5.15554
-5.17335
-5.18922
-5.20152
-5.20771
-5.20667
-5.19876
-5.18401
-5.16359
-5.13913
-5.11357
-5.08914
-5.06763
-5.04947
-5.03746
-5.03357
-5.03935
-5.05282
-5.07301
-5.09481
-5.11336
-5.12532
-5.1306
-5.12942
-5.12495
-5.11909
-5.11327
-5.10768
-5.10126
-5.09585
-5.09029
-5.08477
-5.08001
-5.07638
-5.07197
-5.06669
-5.06109
-5.05731
-5.05584
-5.05833
-5.05866
-5.05625
-5.0478
-5.03499
-5.02038
-5.00968
-5.00604
-5.00767
-5.01491
-5.02345
-5.0336
-5.04367
-5.05502
-5.0677
-5.07965
-5.09107
-5.10062
-5.10816
-5.1145
-5.11728
-5.11928
-5.12513
-5.13321
-5.14321
-5.15406
-5.16325
-5.17194
-5.17703
-5.17799
-5.17614
-5.17259
-5.16761
-5.16241
-5.15948
-5.15683
-5.15396
-5.15188
-5.14722
-5.14006
-5.13232
-5.12418
-5.11869
-5.11459
-5.11407
-5.11729
-5.11891
-5.11979
-5.11819
-5.11337
-5.10671
-5.10316
-5.10382
-5.10793
-5.11631
-5.12464
-5.12834
-5.12683
-5.12005
-5.10889
-5.09417
-5.07884
-5.06564
-5.0532
-5.04344
-5.03759
-5.03745
-5.04333
-5.05348
-5.06437
-5.07676
-5.09013
-5.10336
-5.11612
-5.12878
-5.13653
-5.1396
-5.137
-5.12984
-5.11999
-5.10917
-5.10006
-5.0924
-5.08737
-5.08417
-5.07932
-5.07451
-5.06488
-5.05065
-5.03561
-5.02202
-5.01411
-5.01318
-5.01836
-5.0305
-5.04522
-5.0596
-5.06978
-5.07572
-5.07558
-5.07043
-5.0614
-5.04962
-5.03491
-5.02346
-5.01883
-5.02628
-5.047
-5.07565
-5.10722
-5.13659
-5.16002
-5.17597
-5.18248
-5.18273
-5.17381
-5.15882
-5.13744
-5.11323
-5.09122
-5.07553
-5.06879
-5.07164
-5.08287
-5.09789
-5.11376
-5.1303
-5.14095
-5.14777
-5.14824
-5.14699
-5.1465
-5.14622
-5.14418
-5.14042
-5.13229
-5.12029
-5.10899
-5.10052
-5.09812
-5.10238
-5.10893
-5.11568
-5.12125
-5.12072
-5.11479
-5.10611
-5.09596
-5.08913
-5.08491
-5.08315
-5.07888
-5.07089
-5.06002
-5.0454
-5.02817
-5.01234
-4.99786
-4.98563
-4.97634
-4.97044
-4.96762
-4.96869
-4.97645
-4.98997
-5.01333
-5.04421
-5.08114
-5.11772
-5.14962
-5.17477
-5.1892
-5.19483
-5.19553
-5.19248
-5.18935
-5.18433
-5.1786
-5.17262
-5.16406
-5.1518
-5.1366
-5.11838
-5.09592
-5.07171
-5.04648
-5.02177
-5.00107
-4.98342
-4.97159
-4.9661
-4.96234
-4.96085
-4.96008
-4.9574
-4.95312
-4.94974
-4.94522
-4.93935
-4.93488
-4.9311
-4.92826
-4.92741
-4.93084
-4.93977
-4.95758
-4.98519
-5.01923
-5.05564
-5.0867
-5.10865
-5.12117
-5.12234
-5.11364
-5.09537
-5.06998
-5.04001
-5.0067
-4.97559
-4.95318
-4.94335
-4.94963
-4.9721
-5.00377
-5.03546
-5.0587
-5.0712
-5.07365
-5.06666
-5.05229
-5.03324
-5.00872
-4.98329
-4.9582
-4.93362
-4.91309
-4.89903
-4.89318
-4.89683
-4.90855
-4.92659
-4.94663
-4.96492
-4.98049
-4.99315
-5.00303
-5.01085
-5.01782
-5.02511
-5.03226
-5.04204
-5.05356
-5.06625
-5.07914
-5.09164
-5.10459
-5.1179
-5.12791
-5.13326
-5.13292
-5.12435
-5.109
-5.08756
-5.05966
-5.02892
-5.00057
-4.97619
-4.96311
-4.96414
-4.97828
-5.00179
-5.02859
-5.05177
-5.06604
-5.0701
-5.06237
-5.04435
-5.02218
-5.00113
-4.98691
-4.98242
-4.98777
-4.99693
-5.007
-5.01224
-5.01305
-5.00899
-5.0013
-4.99231
-4.97951
-4.96435
-4.95105
-4.93917
-4.93233
-4.93116
-4.93443
-4.94123
-4.94706
-4.94919
-4.94597
-4.93986
-4.93154
-4.92407
-4.91657
-4.91241
-4.91387
-4.92275
-4.93928
-4.96366
-4.99077
-5.01764
-5.04297
-5.06181
-5.07464
-5.08013
-5.08025
-5.0756
-5.06684
-5.05591
-5.04394
-5.03165
-5.01875
-5.00442
-4.99252
-4.98418
-4.98098
-4.98171
-4.98604
-4.99286
-5.00175
-5.01415
-5.03127
-5.05182
-5.07547
-5.10138
-5.12352
-5.14063
-5.15317
-5.16248
-5.1688
-5.17514
-5.18351
-5.19447
-5.20609
-5.21859
-5.23018
-5.23712
-5.23793
-5.23104
-5.2128
-5.18351
-5.14476
-5.10029
-5.05649
-5.0153
-4.98019
-4.9515
-4.93082
-4.91778
-4.91066
-4.90987
-4.91046
-4.91189
-4.91411
-4.91709
-4.91915
-4.92578
-4.93713
-4.95481
-4.98023
-5.01311
-5.05035
-5.09054
-5.12833
-5.15964
-5.18086
-5.18791
-5.18185
-5.16624
-5.14656
-5.13395
-5.13035
-5.13233
-5.13417
-5.13552
-5.13678
-5.13852
-5.14256
-5.14659
-5.15323
-5.15936
-5.16295
-5.16443
-5.16133
-5.15707
-5.14956
-5.14234
-5.13731
-5.13283
-5.12978
-5.12879
-5.12961
-5.13052
-5.13195
-5.1325
-5.13219
-5.13075
-5.12748
-5.12443
-5.11713
-5.10962
-5.09793
-5.08477
-5.06895
-5.05568
-5.04452
-5.03928
-5.03888
-5.04311
-5.05299
-5.06952
-5.08792
-5.1072
-5.12437
-5.13622
-5.14138
-5.13848
-5.12837
-5.11685
-5.10735
-5.10388
-5.1025
-5.09866
-5.08692
-5.06927
-5.04763
-5.02729
-5.01093
-5.00103
-4.99655
-4.99786
-5.00151
-5.00732
-5.01325
-5.0165
-5.01849
-5.01771
-5.01408
-5.0089
-5.00318
-4.99662
-4.99324
-4.99429
-5.0013
-5.01313
-5.02929
-5.04558
-5.059
-5.07014
-5.07628
-5.07793
-5.07668
-5.07294
-5.06494
-5.05799
-5.05304
-5.0542
-5.06627
-5.09014
-5.12235
-5.15739
-5.18895
-5.21321
-5.22706
-5.22962
-5.22388
-5.21098
-5.19309
-5.17587
-5.15994
-5.14546
-5.13436
-5.12544
-5.11435
-5.09951
-5.08022
-5.05547
-5.02639
-4.99702
-4.96703
-4.94028
-4.92027
-4.90761
-4.90312
-4.90838
-4.92087
-4.93834
-4.95694
-4.97434
-4.99076
-5.00281
-5.01012
-5.01335
-5.01226
-5.00871
-5.00515
-5.00401
-5.00657
-5.01323
-5.02375
-5.03585
-5.04532
-5.04978
-5.04581
-5.03307
-5.01351
-4.99243
-4.97671
-4.97266
-4.98527
-5.00689
-5.03488
-5.06549
-5.09498
-5.12283
-5.14601
-5.1634
-5.17327
-5.17593
-5.17043
-5.15952
-5.14633
-5.13128
-5.11902
-5.11166
-5.10534
-5.10529
-5.109
-5.1145
-5.11781
-5.11771
-5.1114
-5.1006
-5.09046
-5.08253
-5.07921
-5.0829
-5.09199
-5.10536
-5.11857
-5.12874
-5.13455
-5.13531
-5.1321
-5.12576
-5.11853
-5.10962
-5.09867
-5.08438
-5.06819
-5.05101
-5.03623
-5.02805
-5.02691
-5.03419
-5.04511
-5.05786
-5.07007
-5.08094
-5.09011
-5.0955
-5.09714
-5.09258
-5.08094
-5.0619
-5.03674
-5.00515
-4.97129
-4.93686
-4.90463
-4.87961
-4.86604
-4.86447
-4.87326
-4.89035
-4.91113
-4.93166
-4.94679
-4.95491
-4.95583
-4.95201
-4.94327
-4.93674
-4.93353
-4.93674
-4.94847
-4.96828
-4.99573
-5.02566
-5.05588
-5.08391
-5.10699
-5.12568
-5.13638
-5.14107
-5.13821
-5.12956
-5.11484
-5.09283
-5.06728
-5.03912
-5.01189
-4.99005
-4.97222
-4.95744
-4.94266
-4.93248
-4.92609
-4.92385
-4.92725
-4.93583
-4.948
-4.96365
-4.9783
-4.99102
-5.00084
-5.01036
-5.01813
-5.02598
-5.03322
-5.03804
-5.03844
-5.03126
-5.02073
-5.00571
-4.99189
-4.98156
-4.97645
-4.97754
-4.98492
-4.99469
-5.00574
-5.01493
-5.02029
-5.02369
-5.02576
-5.0274
-5.03025
-5.03587
-5.04533
-5.05688
-5.06734
-5.07411
-5.07839
-5.08007
-5.08085
-5.08308
-5.08428
-5.08449
-5.08546
-5.08236
-5.07501
-5.0667
-5.05783
-5.05106
-5.0468
-5.04852
-5.05472
-5.06328
-5.07226
-5.08061
-5.08512
-5.08676
-5.0834
-5.07496
-5.06164
-5.0454
-5.0266
-5.00902
-4.99344
-4.97953
-4.96642
-4.95078
-4.9335
-4.91848
-4.91152
-4.91768
-4.94127
-4.9766
-5.02057
-5.06726
-5.11119
-5.14783
-5.17442
-5.18965
-5.19268
-5.18394
-5.16626
-5.14006
-5.10914
-5.07606
-5.0442
-5.01503
-4.99111
-4.9735
-4.96518
-4.96689
-4.97821
-4.99827
-5.02357
-5.04921
-5.07353
-5.09041
-5.09766
-5.09283
-5.07428
-5.04688
-5.01591
-4.98801
-4.96618
-4.95005
-4.93633
-4.92525
-4.91793
-4.91258
-4.91313
-4.92036
-4.93258
-4.95082
-4.97492
-5.00222
-5.03177
-5.05836
-5.08199
-5.10032
-5.11231
-5.11863
-5.11984
-5.11762
-5.11503
-5.11302
-5.11184
-5.11363
-5.11698
-5.11876
-5.12228
-5.12487
-5.12528
-5.12297
-5.11488
-5.10133
-5.08027
-5.05369
-5.02214
-4.98846
-4.95506
-4.92896
-4.91134
-4.9062
-4.91477
-4.93481
-4.96152
-4.99065
-5.01702
-5.03689
-5.04714
-5.0473
-5.03878
-5.0221
-5.00017
-4.9764
-4.95714
-4.94483
-4.9422
-4.94937
-4.96549
-4.98764
-5.01388
-5.04054
-5.06582
-5.0879
-5.10465
-5.11425
-5.11794
-5.11901
-5.12012
-5.12254
-5.12566
-5.12617
-5.12413
-5.11924
-5.11029
-5.09826
-5.0841
-5.07021
-5.05703
-5.04525
-5.03787
-5.03276
-5.03057
-5.02869
-5.02684
-5.02159
-5.01158
-4.99932
-4.98595
-4.97205
-4.961
-4.95373
-4.94961
-4.95248
-4.96558
-4.98584
-5.00667
-5.02115
-5.02768
-5.0273
-5.02164
-5.01302
-5.00196
-4.98978
-4.97824
-4.97026
-4.96786
-4.97296
-4.98778
-5.01176
-5.042
-5.0758
-5.10882
-5.13797
-5.16011
-5.17408
-5.18069
-5.17853
-5.17015
-5.15725
-5.14036
-5.12068
-5.09826
-5.07234
-5.04553
-5.02003
-4.99879
-4.98583
-4.98236
-4.98508
-4.98929
-4.99245
-4.99421
-4.99347
-4.99115
-4.98752
-4.98392
-4.98202
-4.98355
-4.98888
-4.998
-5.01063
-5.02619
-5.04158
-5.05902
-5.07487
-5.0902
-5.10269
-5.11212
-5.11703
-5.11468
-5.10578
-5.08946
