-3.45069
-3.45039
-3.45038
-3.44948
-3.44887
-3.44917
-3.45037
-3.45022
-3.45113
-3.45128
-3.45128
-3.45143
-3.45158
-3.45158
-3.45204
-3.45249
-3.4528
-3.45355
-3.45265
-3.4528
-3.4534
-3.45355
-3.4537
-3.45385
-3.4543
-3.45446
-3.45461
-3.45491
-3.4546
-3.45491
-3.45385
-3.4546
-3.45415
-3.4537
-3.45279
-3.45249
-3.45203
-3.45189
-3.45159
-3.45204
-3.45204
-3.45265
-3.45189
-3.45174
-3.45174
-3.45234
-3.45249
-3.45279
-3.45309
-3.45415
-3.45446
-3.4534
-3.45355
-3.4543
-3.4543
-3.4534
-3.45355
-3.45295
-3.45295
-3.45234
-3.45249
-3.45294
-3.45249
-3.45309
-3.45325
-3.45294
-3.4534
-3.45325
-3.45279
-3.45294
-3.45249
-3.45309
-3.45279
-3.4543
-3.45385
-3.4549
-3.4543
-3.45369
-3.45324
-3.45339
-3.45384
-3.45399
-3.45415
-3.4546
-3.45355
-3.45355
-3.45431
-3.45401
-3.45431
-3.45355
-3.45431
-3.454
-3.45385
-3.45384
-3.45309
-3.45279
-3.45309
-3.45324
-3.45355
-3.45324
-3.45445
-3.45476
-3.45476
-3.45355
-3.4534
-3.4534
-3.45446
-3.45506
-3.45551
-3.45566
-3.45536
-3.45521
-3.45491
-3.45491
-3.45506
-3.45461
-3.4546
-3.45339
-3.45309
-3.45309
-3.45385
-3.45203
-3.45249
-3.4537
-3.4534
-3.4531
-3.45159
-3.45022
-3.45052
-3.45203
-3.45233
-3.45279
-3.45279
-3.45174
-3.4522
-3.45114
-3.4528
-3.45234
-3.45249
-3.45234
-3.45143
-3.45127
-3.45052
-3.45142
-3.45097
-3.45052
-3.45067
-3.45098
-3.45173
-3.45143
-3.45173
-3.45143
-3.45068
-3.45068
-3.44886
-3.44886
-3.44977
-3.44931
-3.44931
-3.44962
-3.45022
-3.45007
-3.45022
-3.45037
-3.44962
-3.44992
-3.45037
-3.45113
-3.45158
-3.45143
-3.45294
-3.4534
-3.45415
-3.45461
-3.45461
-3.45461
-3.45506
-3.45536
-3.45566
-3.45611
-3.45611
-3.45671
-3.45732
-3.45702
-3.45747
-3.45823
-3.45823
-3.45854
-3.45748
-3.45839
-3.45793
-3.45733
-3.45657
-3.45551
-3.45566
-3.45612
-3.45642
-3.45597
-3.45581
-3.45566
-3.45672
-3.45641
-3.45581
-3.45581
-3.45581
-3.45566
-3.45551
-3.45566
-3.45566
-3.45566
-3.45627
-3.45566
-3.45612
-3.45566
-3.45597
-3.45642
-3.45567
-3.45597
-3.45627
-3.45672
-3.45642
-3.45566
-3.45596
-3.45641
-3.45656
-3.45611
-3.45581
-3.45611
-3.45566
-3.45521
-3.45461
-3.45536
-3.45566
-3.45551
-3.4549
-3.45596
-3.45566
-3.45506
-3.45491
-3.45355
-3.45385
-3.45461
-3.45446
-3.45491
-3.45476
-3.4534
-3.45264
-3.45249
-3.45189
-3.45098
-3.45097
-3.45097
-3.45112
-3.45067
-3.45097
-3.45098
-3.45204
-3.45083
-3.45053
-3.44947
-3.44947
-3.44917
-3.44811
-3.44886
-3.44991
-3.44886
-3.44901
-3.45037
-3.45098
-3.45143
-3.45143
-3.45053
-3.44932
-3.44841
-3.44795
-3.44796
-3.44796
-3.44826
-3.44766
-3.4466
-3.44675
-3.44553
-3.44462
-3.44477
-3.44463
-3.44508
-3.44539
-3.44615
-3.44615
-3.446
-3.4466
-3.44766
-3.44841
-3.44931
-3.4484
-3.44961
-3.44991
-3.45082
-3.45112
-3.45022
-3.44931
-3.45007
-3.45007
-3.45068
-3.45249
-3.45188
-3.45264
-3.45249
-3.45203
-3.45339
-3.45475
-3.45536
-3.45491
-3.45581
-3.45566
-3.45536
-3.45612
-3.45581
-3.45596
-3.45536
-3.45687
-3.45672
-3.45672
-3.45611
-3.45627
-3.45868
-3.45808
-3.45657
-3.45672
-3.45672
-3.45687
-3.45777
-3.45868
-3.45943
-3.45913
-3.45808
-3.45672
-3.45748
-3.45702
-3.45627
-3.45672
-3.45596
-3.45505
-3.45551
-3.45581
-3.45627
-3.45536
-3.45491
-3.4534
-3.4528
-3.45355
-3.45143
-3.45083
-3.45037
-3.45037
-3.45083
-3.45098
-3.45098
-3.45143
-3.45098
-3.45173
-3.45173
-3.45279
-3.45264
-3.45218
-3.45173
-3.45113
-3.45098
-3.45037
-3.45008
-3.45023
-3.45038
-3.44962
-3.44992
-3.44947
-3.44916
-3.44901
-3.44946
-3.44946
-3.44901
-3.44856
-3.44886
-3.44916
-3.44901
-3.45007
-3.45067
-3.45053
-3.45143
-3.45038
-3.45053
-3.45083
-3.45068
-3.45022
-3.45022
-3.45098
-3.45264
-3.45385
-3.45385
-3.45385
-3.4543
-3.45385
-3.45355
-3.45279
-3.45294
-3.45354
-3.45399
-3.45399
-3.45414
-3.45414
-3.45354
-3.454
-3.45431
-3.45295
-3.45401
-3.45476
-3.45355
-3.45355
-3.45445
-3.45536
-3.45521
-3.45551
-3.45581
-3.45461
-3.45445
-3.45415
-3.45581
-3.45596
-3.45551
-3.45551
-3.45476
-3.454
-3.4543
-3.4546
-3.45566
-3.45521
-3.45611
-3.45581
-3.45672
-3.45566
-3.45567
-3.45687
-3.45657
-3.45581
-3.45657
-3.45687
-3.45687
-3.45642
-3.45657
-3.45536
-3.45536
-3.45521
-3.45475
-3.45505
-3.4549
-3.45521
-3.45551
-3.45566
-3.45612
-3.45597
-3.45672
-3.45763
-3.45884
-3.45944
-3.45899
-3.46035
-3.45914
-3.45883
-3.45838
-3.45929
-3.45959
-3.45989
-3.4608
-3.46004
-3.45989
-3.45868
-3.45822
-3.45807
-3.45868
-3.45777
-3.45732
-3.45747
-3.45747
-3.45672
-3.45581
-3.45566
-3.45581
-3.4543
-3.45415
-3.45384
-3.4543
-3.45445
-3.45415
-3.454
-3.45521
-3.45506
-3.45506
-3.45385
-3.45385
-3.45491
-3.45506
-3.45445
-3.45521
-3.45536
-3.45506
-3.45567
-3.45642
-3.45596
-3.45672
-3.45702
-3.45672
-3.45717
-3.45823
-3.45823
-3.45793
-3.45778
-3.45778
-3.45778
-3.45702
-3.45687
-3.45763
-3.45808
-3.45763
-3.45762
-3.45793
-3.45808
-3.45838
-3.45823
-3.45717
-3.45703
-3.45793
-3.45748
-3.45823
-3.45778
-3.45732
-3.45778
-3.45672
-3.45596
-3.45521
-3.45521
-3.4543
-3.454
-3.45385
-3.45309
-3.45294
-3.45415
-3.45385
-3.4543
-3.45535
-3.45626
-3.45626
-3.4546
-3.4549
-3.45551
-3.45611
-3.45611
-3.45687
-3.45747
-3.45717
-3.45702
-3.45612
-3.45476
-3.45551
-3.45536
-3.45551
-3.45551
-3.45491
-3.45521
-3.45551
-3.45521
-3.45551
-3.45536
-3.45551
-3.45566
-3.4546
-3.454
-3.454
-3.45385
-3.45385
-3.4537
-3.45324
-3.45429
-3.4552
-3.45475
-3.45415
-3.45476
-3.45491
-3.45446
-3.45506
-3.45491
-3.45461
-3.4534
-3.45249
-3.45309
-3.45067
-3.44901
-3.44901
-3.45007
-3.45022
-3.45022
-3.44992
-3.44992
-3.44992
-3.45007
-3.44977
-3.44946
-3.44871
-3.4484
-3.44946
-3.44825
-3.44871
-3.44841
-3.44781
-3.44721
-3.44751
-3.44766
-3.44826
-3.44781
-3.44826
-3.4475
-3.44765
-3.4478
-3.44886
-3.44841
-3.44811
-3.44856
-3.44886
-3.44886
-3.4481
-3.4478
-3.4478
-3.44781
-3.44841
-3.44871
-3.44841
-3.44811
-3.44947
-3.44902
-3.44871
-3.44886
-3.44886
-3.44992
-3.45022
-3.45067
-3.45158
-3.45158
-3.45173
-3.45098
-3.45098
-3.45113
-3.45008
-3.45038
-3.45083
-3.45052
-3.45037
-3.45083
-3.45173
-3.45173
-3.45173
-3.45173
-3.45218
-3.45158
-3.45203
-3.45067
-3.45113
-3.45188
-3.45234
-3.45294
-3.45339
-3.45324
-3.45369
-3.45354
-3.45309
-3.45294
-3.45233
-3.45294
-3.45264
-3.45339
-3.45324
-3.45309
-3.45203
-3.45143
-3.45128
-3.45309
-3.45354
-3.454
-3.45415
-3.45354
-3.45384
-3.45279
-3.45324
-3.4537
-3.454
-3.45355
-3.45324
-3.45339
-3.45249
-3.45233
-3.45218
-3.45142
-3.45203
-3.45173
-3.45173
-3.45128
-3.45052
-3.44992
-3.45037
-3.44886
-3.44947
-3.44947
-3.44977
-3.45007
-3.45037
-3.45007
-3.45052
-3.45022
-3.45052
-3.45037
-3.45097
-3.45112
-3.45158
-3.45173
-3.45097
-3.45158
-3.45022
-3.45112
-3.45279
-3.45218
-3.45188
-3.45188
-3.45203
-3.45098
-3.45158
-3.45158
-3.45233
-3.45188
-3.45158
-3.45234
-3.45279
-3.4537
-3.4531
-3.45249
-3.45309
-3.45203
-3.45309
-3.45339
-3.45264
-3.45279
-3.45264
-3.45189
-3.45174
-3.45204
-3.45234
-3.45204
-3.45174
-3.45174
-3.45113
-3.45053
-3.45113
-3.45098
-3.45037
-3.45007
-3.45112
-3.45173
-3.45173
-3.45143
-3.45189
-3.45174
-3.45219
-3.45234
-3.45174
-3.4528
-3.45325
-3.45325
-3.45294
-3.4534
-3.45159
-3.45083
-3.45144
-3.45159
-3.45128
-3.45158
-3.45098
-3.45007
-3.45008
-3.45053
-3.45023
-3.45008
-3.45053
-3.45068
-3.45068
-3.45098
-3.45113
-3.45068
-3.45098
-3.45083
-3.45083
-3.45144
-3.45159
-3.44978
-3.44963
-3.45038
-3.45038
-3.44948
-3.44902
-3.44933
-3.44963
-3.44978
-3.44978
-3.45038
-3.44962
-3.44886
-3.44916
-3.44871
-3.44901
-3.44856
-3.44902
-3.44872
-3.44826
-3.44857
-3.44841
-3.44872
-3.44902
-3.44917
-3.44992
-3.44962
-3.45068
-3.45188
-3.45173
-3.45067
-3.45188
-3.45309
-3.45355
-3.45295
-3.45295
-3.4528
-3.4531
-3.45265
-3.4531
-3.4525
-3.4534
-3.4528
-3.45265
-3.45265
-3.4528
-3.45234
-3.45249
-3.45234
-3.45173
-3.45204
-3.45204
-3.45325
-3.45249
-3.45234
-3.45265
-3.45174
-3.45204
-3.45174
-3.45159
-3.45098
-3.45219
-3.45158
-3.45233
-3.45158
-3.45294
-3.4537
-3.45386
-3.45431
-3.45462
-3.45507
-3.45386
-3.4531
-3.45264
-3.45189
-3.45219
-3.45264
-3.4534
-3.45325
-3.45371
-3.45371
-3.45265
-3.45129
-3.44978
-3.44993
-3.45053
-3.44978
-3.45053
-3.45083
-3.45159
-3.45219
-3.45159
-3.45053
-3.45129
-3.45234
-3.4531
-3.45325
-3.4531
-3.4534
-3.45386
-3.4531
-3.45204
-3.45174
-3.45219
-3.45234
-3.45219
-3.45144
-3.45083
-3.45038
-3.45053
-3.45053
-3.45008
-3.45008
-3.45008
-3.44902
-3.44947
-3.44962
-3.44932
-3.45023
-3.45114
-3.45205
-3.45235
-3.45265
-3.45159
-3.45144
-3.45128
-3.45007
-3.45038
-3.45068
-3.45145
-3.45069
-3.45115
-3.45175
-3.45326
-3.4531
-3.4531
-3.4534
-3.45431
-3.45386
-3.45431
-3.45477
-3.45613
-3.45628
-3.45688
-3.45733
-3.45809
-3.45854
-3.45854
-3.45854
-3.45884
-3.45869
-3.45854
-3.45794
-3.45733
-3.45703
-3.45749
-3.45749
-3.45734
-3.45719
-3.45673
-3.45583
-3.45567
-3.45628
-3.45567
-3.45462
-3.45537
-3.45673
-3.45718
-3.45703
-3.45718
-3.45627
-3.45507
-3.45416
-3.45401
-3.45462
-3.45371
-3.45341
-3.45296
-3.45326
-3.45295
-3.45235
-3.4522
-3.4522
-3.45159
-3.4519
-3.4528
-3.45205
-3.45235
-3.45175
-3.45114
-3.45129
-3.45175
-3.45281
-3.4519
-3.45174
-3.45265
-3.4531
-3.45295
-3.4528
-3.4528
-3.45401
-3.45552
-3.45537
-3.45476
-3.45461
-3.45386
-3.45219
-3.45219
-3.45204
-3.45386
-3.45356
-3.45326
-3.45326
-3.45311
-3.45296
-3.4528
-3.45265
-3.45371
-3.45431
-3.45386
-3.45582
-3.45582
-3.45461
-3.45371
-3.45386
-3.4534
-3.45219
-3.45174
-3.45159
-3.45205
-3.45174
-3.45084
-3.45114
-3.45235
-3.4531
-3.4522
-3.4522
-3.45235
-3.45174
-3.45295
-3.45491
-3.45506
-3.45567
-3.45597
-3.45476
-3.45476
-3.45521
-3.45521
-3.45537
-3.45491
-3.4537
-3.45385
-3.4528
-3.45204
-3.45174
-3.45295
-3.45265
-3.45205
-3.45159
-3.45144
-3.45084
-3.45114
-3.45144
-3.45159
-3.45159
-3.45234
-3.45249
-3.45279
-3.45158
-3.45264
-3.45325
-3.4531
-3.45113
-3.44962
-3.45114
-3.45098
-3.45099
-3.45038
-3.45008
-3.44993
-3.45144
-3.4525
-3.45234
-3.45295
-3.45249
-3.45143
-3.45158
-3.45188
-3.45037
-3.45083
-3.44977
-3.45022
-3.45022
-3.45038
-3.44993
-3.44947
-3.44963
-3.45023
-3.45069
-3.45008
-3.44978
-3.45068
-3.45144
-3.45144
-3.45234
-3.45264
-3.45264
-3.45264
-3.45264
-3.45234
-3.45144
-3.45038
-3.45053
-3.45189
-3.45249
-3.45234
-3.45234
-3.45265
-3.45129
-3.45038
-3.45053
-3.45114
-3.45083
-3.45068
-3.45053
-3.45023
-3.45008
-3.44992
-3.45159
-3.45129
-3.45129
-3.45084
-3.4528
-3.45235
-3.4525
-3.45204
-3.45249
-3.45174
-3.45143
-3.45174
-3.45144
-3.45083
-3.45144
-3.45053
-3.45083
-3.45038
-3.45023
-3.45008
-3.45098
-3.45098
-3.45023
-3.45038
-3.45053
-3.45037
-3.45098
-3.45052
-3.45098
-3.45052
-3.45022
-3.45053
-3.45038
-3.45038
-3.45083
-3.45204
-3.45249
-3.45174
-3.45249
-3.454
-3.45325
-3.45355
-3.45415
-3.45461
-3.45461
-3.45445
-3.4534
-3.4537
-3.45294
-3.45188
-3.45309
-3.4534
-3.4531
-3.45249
-3.45264
-3.45279
-3.45279
-3.45234
-3.45204
-3.45234
-3.45294
-3.45234
-3.45219
-3.45295
-3.45325
-3.45234
-3.45158
-3.45174
-3.45189
-3.45234
-3.45053
-3.44947
-3.44887
-3.44811
-3.44841
-3.44886
-3.44931
-3.44886
-3.44856
-3.44841
-3.44826
-3.44826
-3.44841
-3.44947
-3.44992
-3.44947
-3.44977
-3.44902
-3.44827
-3.44811
-3.44871
-3.44947
-3.45007
-3.45007
-3.45007
-3.45022
-3.45037
-3.45127
-3.45067
-3.45113
-3.45053
-3.44978
-3.45008
-3.45038
-3.45113
-3.44932
-3.45098
-3.45053
-3.45083
-3.44977
-3.45083
-3.45128
-3.45249
-3.4546
-3.45445
-3.454
-3.4546
-3.45536
-3.45672
-3.45687
-3.45581
-3.45566
-3.45536
-3.45445
-3.45476
-3.45416
-3.45325
-3.45325
-3.45325
-3.45265
-3.45189
-3.45219
-3.45234
-3.45173
-3.45264
-3.45324
-3.45309
-3.45309
-3.45309
-3.45219
-3.45355
-3.4528
-3.45265
-3.45295
-3.45205
-3.4525
-3.45219
-3.45219
-3.45295
-3.4543
-3.45446
-3.45416
-3.45461
-3.4543
-3.45506
-3.45596
-3.45627
-3.45733
-3.45567
-3.45446
-3.45431
-3.45582
-3.45521
-3.45415
-3.454
-3.45325
-3.45234
-3.45355
-3.45264
-3.45264
-3.45325
-3.4534
-3.4543
-3.4531
-3.4534
-3.4531
-3.45325
-3.4522
-3.45265
-3.45371
-3.45371
-3.45431
-3.45582
-3.45506
-3.45597
-3.45582
-3.45567
-3.45612
-3.45537
-3.45522
-3.45431
-3.45431
-3.45401
-3.45355
-3.45386
-3.45371
-3.45386
-3.4534
-3.45385
-3.45461
-3.45536
-3.45445
-3.4543
-3.45309
-3.45385
-3.45415
-3.4537
-3.45355
-3.45416
-3.45355
-3.45325
-3.45249
-3.45294
-3.45355
-3.45415
-3.4543
-3.45657
-3.45642
-3.45702
-3.45717
-3.45763
-3.45793
-3.45733
-3.45748
-3.45914
-3.45989
-3.46065
-3.45989
-3.46004
-3.4605
-3.45989
-3.45989
-3.45868
-3.45793
-3.45747
-3.45733
-3.45733
-3.45688
-3.45673
-3.45688
-3.45597
-3.45567
-3.45506
-3.45506
-3.45506
-3.45506
-3.45461
-3.45476
-3.4546
-3.4546
-3.45369
-3.45324
-3.45339
-3.45264
-3.45219
-3.45279
-3.45234
-3.45234
-3.45128
-3.45143
-3.45249
-3.45189
-3.45158
-3.45173
-3.45188
-3.45158
-3.45203
-3.45248
-3.45173
-3.45203
-3.45158
-3.45204
-3.45219
-3.45309
-3.45324
-3.454
-3.45385
-3.45324
-3.45279
-3.45294
-3.45264
-3.45234
-3.45143
-3.45143
-3.45204
-3.45219
-3.45218
-3.45248
-3.45173
-3.45127
-3.45052
-3.45143
-3.45143
-3.45143
-3.45083
-3.45008
-3.44932
-3.44856
-3.44856
-3.44901
-3.44901
-3.45007
-3.45022
-3.44962
-3.45022
-3.45022
-3.45037
-3.45113
-3.45158
-3.45188
-3.45143
-3.45233
-3.45264
-3.45188
-3.45203
-3.45158
-3.45233
-3.45158
-3.45143
-3.45128
-3.45098
-3.45158
-3.45219
-3.45188
-3.45143
-3.45143
-3.45158
-3.45204
-3.45204
-3.45113
-3.45098
-3.45007
-3.44947
-3.44946
-3.44946
-3.45022
-3.45082
-3.45173
-3.45203
-3.45204
-3.45174
-3.45144
-3.45129
-3.45113
-3.45219
-3.45355
-3.45249
-3.45233
-3.45309
-3.45294
-3.45203
-3.45249
-3.45294
-3.4537
-3.45385
-3.4546
-3.45506
-3.45445
-3.4543
-3.45354
-3.45385
-3.45385
-3.45355
-3.45309
-3.45264
-3.45234
-3.45173
-3.45173
-3.45309
-3.45279
-3.45264
-3.45264
-3.45158
-3.45158
-3.45068
-3.45053
-3.45098
-3.45083
-3.45082
-3.45022
-3.45037
-3.45173
-3.45188
-3.45218
-3.45128
-3.45143
-3.45143
-3.45158
-3.45204
-3.45234
-3.45143
-3.45218
-3.45279
-3.45248
-3.45203
-3.45113
-3.45143
-3.45218
-3.45128
-3.45173
-3.45113
-3.45264
-3.45279
-3.45279
-3.45158
-3.45203
-3.45097
-3.45112
-3.45158
-3.45188
-3.45128
-3.45173
-3.45158
-3.45143
-3.45174
-3.45128
-3.45174
-3.45219
-3.4528
-3.45249
-3.45234
-3.45188
-3.45294
-3.45385
-3.45355
-3.45355
-3.45219
-3.454
-3.45324
-3.45294
-3.454
-3.454
-3.45446
-3.45521
-3.45506
-3.45446
-3.45431
-3.45461
-3.45552
-3.45537
-3.45491
-3.45521
-3.45521
-3.45597
-3.45596
-3.45506
-3.45521
-3.45582
-3.45567
-3.45612
-3.45551
-3.4543
-3.45461
-3.45461
-3.45552
-3.45582
-3.45672
-3.45597
-3.45597
-3.45521
-3.45551
-3.45476
-3.45446
-3.45567
-3.45461
-3.45491
-3.45491
-3.45416
-3.4537
-3.45445
-3.45505
-3.45535
-3.45536
-3.45551
-3.45446
-3.45446
-3.45476
-3.454
-3.454
-3.45415
-3.45369
-3.45294
-3.45263
-3.45263
-3.45188
-3.45082
-3.45158
-3.45067
-3.45053
-3.44977
-3.44902
-3.44917
-3.44887
-3.44901
-3.44977
-3.44991
-3.45097
-3.45067
-3.45082
-3.45037
-3.45233
-3.45279
-3.45173
-3.45218
-3.45385
-3.454
-3.45385
-3.4543
-3.45461
-3.45385
-3.45339
-3.45384
-3.45429
-3.45429
-3.4549
-3.45566
-3.45535
-3.4549
-3.4549
-3.45445
-3.4549
-3.4552
-3.45581
-3.45505
-3.45505
-3.45399
-3.45384
-3.45324
-3.45218
-3.45022
-3.45037
-3.45022
-3.44977
-3.45022
-3.45113
-3.45037
-3.45037
-3.45067
-3.45052
-3.45127
-3.45097
-3.45143
-3.45143
-3.45203
-3.45203
-3.45339
-3.45339
-3.45309
-3.45369
-3.4543
-3.4549
-3.45505
-3.4549
-3.45505
-3.4549
-3.45445
-3.45355
-3.45309
-3.45264
-3.45234
-3.45188
-3.45309
-3.45278
-3.45309
-3.45429
-3.45384
-3.45294
-3.45309
-3.45355
-3.4531
-3.454
-3.45461
-3.45506
-3.45491
-3.45521
-3.45551
-3.4546
-3.45415
-3.45339
-3.45354
-3.45309
-3.45173
-3.45188
-3.45143
-3.45188
-3.45188
-3.45098
-3.45083
-3.45037
-3.45158
-3.45158
-3.45219
-3.45189
-3.45264
-3.45309
-3.45309
-3.45339
-3.45279
-3.45158
-3.45052
-3.45022
-3.45052
-3.45007
-3.45067
-3.44947
-3.45038
-3.45128
-3.45143
-3.45098
-3.45113
-3.45128
-3.45098
-3.45113
-3.45248
-3.45339
-3.45309
-3.45233
-3.45234
-3.45128
-3.45234
-3.45158
-3.45128
-3.45098
-3.45188
-3.45203
-3.45142
-3.45127
-3.45082
-3.45052
-3.45097
-3.45143
-3.45128
-3.45082
-3.45083
-3.45052
-3.44977
-3.44932
-3.44901
-3.44946
-3.44961
-3.45037
-3.45067
-3.45052
-3.45127
-3.45127
-3.45158
-3.45158
-3.45218
-3.45082
-3.45067
-3.44931
-3.44961
-3.45082
-3.45007
-3.45052
-3.45128
-3.45143
-3.45218
-3.45264
-3.45173
-3.45264
-3.4537
-3.45203
-3.45113
-3.45098
-3.45098
-3.45113
-3.45234
-3.45294
-3.45385
-3.454
-3.45475
-3.45384
-3.45309
-3.45203
-3.45233
-3.45279
-3.45233
-3.45203
-3.45309
-3.45415
-3.45354
-3.45415
-3.454
-3.454
-3.45339
-3.4534
-3.45279
-3.454
-3.45354
-3.45384
-3.454
-3.4543
-3.4546
-3.45445
-3.4543
-3.45475
-3.45566
-3.45475
-3.4546
-3.45505
-3.45505
-3.45505
-3.45536
-3.45687
-3.45687
-3.45687
-3.45838
-3.45914
-3.45914
-3.45914
-3.45838
-3.45747
-3.45716
-3.45701
-3.4558
-3.45535
-3.45581
-3.45506
-3.45566
-3.45476
-3.45415
-3.45309
-3.45264
-3.45203
-3.45188
-3.45128
-3.45083
-3.45083
-3.45129
-3.45008
-3.44993
-3.44962
-3.45128
-3.45127
-3.45142
-3.45142
-3.45203
-3.45264
-3.45309
-3.4543
-3.45431
-3.45385
-3.45431
-3.4543
-3.4537
-3.45445
-3.45461
-3.45309
-3.45173
-3.45188
-3.45098
-3.45098
-3.45128
-3.45173
-3.45218
-3.45218
-3.45143
-3.45098
-3.45022
-3.45053
-3.45113
-3.45052
-3.45037
-3.44992
-3.44931
-3.45052
-3.45037
-3.45098
-3.45038
-3.45053
-3.44902
-3.44841
-3.44766
-3.44887
-3.44796
-3.44871
-3.44947
-3.44947
-3.44841
-3.44856
-3.44871
-3.44947
-3.44932
-3.44887
-3.44871
-3.44856
-3.44932
-3.44947
-3.44917
-3.45022
-3.45052
-3.44962
-3.44977
-3.44931
-3.44992
-3.44962
-3.44947
-3.44917
-3.44917
-3.44917
-3.44977
-3.44916
-3.44976
-3.44901
-3.44992
-3.44947
-3.44886
-3.44886
-3.44886
-3.44826
-3.44917
-3.45068
-3.45113
-3.44977
-3.44962
-3.44856
-3.44886
-3.44855
-3.4487
-3.44795
-3.4478
-3.44796
-3.44857
-3.44872
-3.44887
-3.44856
-3.44947
-3.44856
-3.44962
-3.45067
-3.45158
-3.45264
-3.45203
-3.45203
-3.45203
-3.45248
-3.45158
-3.45188
-3.45218
-3.45188
-3.45264
-3.45173
-3.45158
-3.45098
-3.45128
-3.45158
-3.45203
-3.45294
-3.45278
-3.45203
-3.45354
-3.45369
-3.4543
-3.45324
-3.45294
-3.45339
-3.45354
-3.45415
-3.45415
-3.45369
-3.45279
-3.45279
-3.45294
-3.45324
-3.454
-3.4549
-3.4549
-3.45384
-3.45309
-3.45309
-3.45324
-3.45309
-3.45264
-3.45234
-3.45188
-3.45113
-3.45098
-3.45158
-3.45264
-3.45325
-3.45401
-3.454
-3.4531
-3.45339
-3.45354
-3.45278
-3.45308
-3.45339
-3.45264
-3.45324
-3.4531
-3.45189
-3.45189
-3.45234
-3.45113
-3.45113
-3.45068
-3.45143
-3.45128
-3.45083
-3.45189
-3.45295
-3.45355
-3.45369
-3.45354
-3.45309
-3.45309
-3.45249
-3.45355
-3.4531
-3.4531
-3.4537
-3.45385
-3.4534
-3.45415
-3.4543
-3.4546
-3.45475
-3.45551
-3.45475
-3.4546
-3.45385
-3.45445
-3.45445
-3.4552
-3.45445
-3.45505
-3.45399
-3.45354
-3.45399
-3.4543
-3.45475
-3.4546
-3.45475
-3.4549
-3.4546
-3.4534
-3.45355
-3.4534
-3.45355
-3.45385
-3.45309
-3.4543
-3.45415
-3.45491
-3.454
-3.45445
-3.45445
-3.454
-3.4537
-3.45324
-3.45445
-3.4546
-3.45475
-3.45491
-3.4543
-3.45476
-3.45431
-3.4543
-3.4537
-3.45445
-3.45491
-3.45445
-3.45506
-3.45431
-3.45476
-3.45431
-3.45476
-3.4546
-3.45355
-3.4537
-3.45234
-3.45189
-3.45249
-3.45189
-3.45249
-3.45189
-3.45128
-3.45143
-3.45188
-3.45158
-3.45082
-3.45022
-3.45083
-3.45158
-3.45249
-3.45174
-3.45143
-3.45098
-3.45219
-3.45204
-3.45143
-3.45174
-3.45174
-3.45083
-3.45023
-3.44977
-3.44962
-3.45038
-3.45023
-3.45023
-3.44962
-3.44992
-3.44947
-3.44887
-3.44947
-3.44916
-3.44931
-3.44977
-3.44902
-3.44947
-3.45008
-3.44948
-3.44978
-3.44993
-3.44947
-3.44857
-3.44872
-3.44841
-3.44826
-3.4478
-3.44826
-3.44961
-3.44976
-3.44977
-3.45022
-3.45038
-3.45114
-3.45099
-3.45023
-3.45099
-3.45008
-3.45053
-3.44993
-3.45008
-3.44992
-3.44947
-3.44902
-3.44887
-3.44887
-3.44917
-3.44826
-3.44871
-3.44947
-3.44947
-3.44962
-3.45038
-3.45008
-3.45008
-3.44947
-3.44947
-3.44962
-3.44917
-3.44902
-3.44826
-3.44977
-3.44932
-3.45008
-3.44963
-3.44857
-3.44993
-3.44947
-3.45038
-3.45083
-3.45068
-3.45098
-3.45098
-3.45113
-3.45083
-3.45053
-3.45053
-3.45129
-3.45098
-3.45189
-3.45189
-3.45219
-3.45325
-3.45219
-3.45249
-3.45158
-3.45158
-3.4534
-3.45461
-3.45401
-3.4534
-3.4537
-3.45355
-3.45325
-3.4528
-3.45204
-3.45159
-3.45159
-3.45098
-3.45189
-3.45189
-3.45249
-3.4531
-3.45279
-3.4534
-3.45355
-3.4537
-3.45264
-3.45249
-3.45189
-3.45083
-3.45068
-3.45038
-3.45083
-3.45038
-3.45128
-3.45113
-3.45038
-3.45098
-3.45128
-3.45053
-3.45007
-3.45007
-3.45037
-3.45083
-3.45007
-3.44947
-3.44902
-3.44902
-3.45038
-3.45159
-3.45174
-3.45174
-3.45068
-3.45143
-3.45203
-3.45158
-3.45158
-3.45278
-3.45279
-3.45203
-3.45158
-3.45173
-3.45188
-3.45158
-3.45158
-3.45112
-3.45128
-3.45158
-3.45113
-3.45158
-3.45158
-3.45128
-3.45189
-3.45173
-3.45158
-3.45218
-3.45294
-3.45369
-3.45369
-3.45385
-3.4543
-3.45476
-3.45551
-3.45551
-3.45612
-3.45612
-3.45672
-3.45612
-3.45581
-3.45566
-3.45627
-3.45717
-3.45687
-3.45626
-3.45551
-3.45551
-3.45506
-3.45581
-3.45566
-3.4537
-3.4537
-3.45325
-3.45279
-3.45309
-3.45385
-3.45354
-3.45324
-3.45324
-3.45173
-3.45204
-3.45204
-3.45203
-3.45082
-3.45098
-3.45082
-3.45037
-3.45022
-3.45067
-3.45143
-3.45022
-3.44992
-3.45158
-3.45128
-3.45112
-3.45082
-3.45173
-3.45249
-3.45219
-3.45173
-3.45264
-3.45309
-3.45385
-3.454
-3.45445
-3.4546
-3.4546
-3.45444
-3.45414
-3.45384
-3.4543
-3.4531
-3.4534
-3.4537
-3.45204
-3.45204
-3.45204
-3.45204
-3.454
-3.4537
-3.45385
-3.45415
-3.45415
-3.45415
-3.45415
-3.4546
-3.4543
-3.45505
-3.45596
-3.45627
-3.45642
-3.45566
-3.45612
-3.45612
-3.45521
-3.45551
-3.45566
-3.45566
-3.4549
-3.454
-3.45324
-3.45355
-3.45279
-3.45158
-3.45219
-3.45324
-3.45354
-3.45309
-3.4537
-3.45279
-3.4537
-3.4534
-3.4543
-3.45415
-3.45521
-3.454
-3.45279
-3.45309
-3.45158
-3.45204
-3.45143
-3.45234
-3.45264
-3.45355
-3.4546
-3.45566
-3.45626
-3.45521
-3.45445
-3.4549
-3.45521
-3.45385
-3.45355
-3.45461
-3.45491
-3.45536
-3.45567
-3.45521
-3.45476
-3.4546
-3.45566
-3.45611
-3.45596
-3.45506
-3.4546
-3.45521
-3.45642
-3.45611
-3.45551
-3.45581
-3.45641
-3.45566
-3.45597
-3.45597
-3.45582
-3.45582
-3.45536
-3.45596
-3.45566
-3.45566
-3.45566
-3.45536
-3.45551
-3.45551
-3.45521
-3.45536
-3.45551
-3.45627
-3.45687
-3.45702
-3.45612
-3.45672
-3.45748
-3.45672
-3.45687
-3.45596
-3.45505
-3.45369
-3.45339
-3.45264
-3.45219
-3.45219
-3.45204
-3.45204
-3.45174
-3.45128
-3.45098
-3.45143
-3.45188
-3.45083
-3.45128
-3.45083
-3.45128
-3.45188
-3.45143
-3.45127
-3.45203
-3.45279
-3.45264
-3.45354
-3.45339
-3.45354
-3.45384
-3.45475
-3.4546
-3.45369
-3.4543
-3.45385
-3.45385
-3.45354
-3.45264
-3.45203
-3.45233
-3.45263
-3.45203
-3.45158
-3.45173
-3.45294
-3.45339
-3.45309
-3.45415
-3.4543
-3.45414
-3.45354
-3.45384
-3.4549
-3.4549
-3.45521
-3.45521
-3.45521
-3.45521
-3.4546
-3.45551
-3.45626
-3.45732
-3.45596
-3.45687
-3.45732
-3.45702
-3.45642
-3.45642
-3.45566
-3.45642
-3.45581
-3.45596
-3.45475
-3.45414
-3.45399
-3.45323
-3.45429
-3.45308
-3.45324
-3.4534
-3.4531
-3.45295
-3.45189
-3.45279
-3.45204
-3.45234
-3.45249
-3.45339
-3.45399
-3.45445
-3.45399
-3.45474
-3.4552
-3.4549
-3.4546
-3.4552
-3.45536
-3.4543
-3.4549
-3.45581
-3.4552
-3.45384
-3.45309
-3.45354
-3.45414
-3.45399
-3.45369
-3.45384
-3.45399
-3.45414
-3.4543
-3.45445
-3.4543
-3.45505
-3.45551
-3.45626
-3.45596
-3.45536
-3.45566
-3.45596
-3.45475
-3.45415
-3.4543
-3.45475
-3.45596
-3.45626
-3.4555
-3.45565
-3.45565
-3.4555
-3.45415
-3.45415
-3.45445
-3.45414
-3.45339
-3.45415
-3.45385
-3.454
-3.45445
-3.4543
-3.45475
-3.4546
-3.45414
-3.45369
-3.45399
-3.45429
-3.45505
-3.4552
-3.4558
-3.4552
-3.45535
-3.45445
-3.4549
-3.4552
-3.4552
-3.45505
-3.4543
-3.4537
-3.45354
-3.45309
-3.45399
-3.45459
-3.4558
-3.4552
-3.45566
-3.45657
-3.45641
-3.45656
-3.45671
-3.45641
-3.4552
-3.45415
-3.4546
-3.45445
-3.4549
-3.4537
-3.45399
-3.4546
-3.4546
-3.45445
-3.4546
-3.45369
-3.45354
-3.45354
-3.45218
-3.45188
-3.45233
-3.45203
-3.45234
-3.45339
-3.45385
-3.45369
-3.45279
-3.45233
-3.45264
-3.45355
-3.4537
-3.45294
-3.45294
-3.45324
-3.454
-3.45339
-3.45279
-3.45264
-3.45218
-3.45203
-3.45234
-3.45279
-3.454
-3.45445
-3.4543
-3.45385
-3.4534
-3.45385
-3.45355
-3.45294
-3.4534
-3.45249
-3.45143
-3.45233
-3.45339
-3.45309
-3.4534
-3.45219
-3.45309
-3.45294
-3.45188
-3.45188
-3.45173
-3.45249
-3.45249
-3.45264
-3.454
-3.454
-3.4543
-3.45476
-3.45491
-3.45536
-3.45551
-3.45703
-3.45642
-3.45718
-3.45657
-3.45597
-3.45551
-3.45506
-3.4546
-3.45551
-3.45581
-3.45611
-3.45596
-3.45717
-3.45733
-3.45642
-3.45748
-3.45703
-3.45778
-3.45733
-3.45718
-3.45763
-3.45748
-3.45703
-3.45793
-3.45763
-3.45687
-3.45641
-3.45717
-3.45657
-3.45717
-3.45823
-3.45853
-3.45914
-3.4602
-3.4608
-3.4611
-3.46065
-3.45989
-3.4611
-3.4605
-3.4611
-3.46035
-3.45974
-3.45974
-3.45944
-3.45838
-3.45823
-3.45717
-3.45778
-3.45778
-3.45672
-3.45551
-3.45627
-3.45536
-3.45461
-3.45521
-3.45506
-3.45445
-3.4543
-3.4546
-3.454
-3.45521
-3.45446
-3.45552
-3.45476
-3.45536
-3.45521
-3.45506
-3.45506
-3.45445
-3.45415
-3.4543
-3.45475
-3.45475
-3.4552
-3.45551
-3.45505
-3.4543
-3.45415
-3.45521
-3.45536
-3.45612
-3.45642
-3.45551
-3.45491
-3.45445
-3.4546
-3.4546
-3.45415
-3.45475
-3.4537
-3.45475
-3.45475
-3.45476
-3.45491
-3.45506
-3.45431
-3.45325
-3.45279
-3.45189
-3.45204
-3.45234
-3.45279
-3.45354
-3.45475
-3.45354
-3.4543
-3.45476
-3.45461
-3.45552
-3.45537
-3.45446
-3.45491
-3.45536
-3.45446
-3.45521
-3.45506
-3.45612
-3.45521
-3.45597
-3.45612
-3.45702
-3.45732
-3.45763
-3.45702
-3.45747
-3.45914
-3.4608
-3.46156
-3.46186
-3.4611
-3.4611
-3.46065
-3.45944
-3.45883
-3.45823
-3.45808
-3.45702
-3.45778
-3.45747
-3.45732
-3.45687
-3.45597
-3.45612
-3.45611
-3.45581
-3.45671
-3.45611
-3.45581
-3.45566
-3.45581
-3.45642
-3.45641
-3.45566
-3.45596
-3.45656
-3.45671
-3.45625
-3.4561
-3.45475
-3.45414
-3.45445
-3.45415
-3.45309
-3.45339
-3.45294
-3.45173
-3.45067
-3.45112
-3.45096
-3.45051
-3.45202
-3.45278
-3.45248
-3.45188
-3.45127
-3.45127
-3.45127
-3.45097
-3.45157
-3.45052
-3.45112
-3.45082
-3.45097
-3.45022
-3.45052
-3.45142
-3.45127
-3.45112
-3.45097
-3.45082
-3.45097
-3.45082
-3.45142
-3.45006
-3.44976
-3.45067
-3.44991
-3.45066
-3.45127
-3.45021
-3.45096
-3.45157
-3.45157
-3.45127
-3.45173
-3.45203
-3.45263
-3.45369
-3.45233
-3.45233
-3.45218
-3.45293
-3.45369
-3.45414
-3.45519
-3.45565
-3.45716
-3.4564
-3.45671
-3.45747
-3.45732
-3.45762
-3.45777
-3.45822
-3.45792
-3.45731
-3.45656
-3.45565
-3.45565
-3.45505
-3.45414
-3.45444
-3.45414
-3.45384
-3.45429
-3.45505
-3.45445
-3.45475
-3.45369
-3.45263
-3.45263
-3.45278
-3.45323
-3.45323
-3.45369
-3.45308
-3.45338
-3.45338
-3.45368
-3.45444
-3.45459
-3.4555
-3.45565
-3.4567
-3.4561
-3.45534
-3.45519
-3.45655
-3.45701
-3.45716
-3.45686
-3.45641
-3.45731
-3.45762
-3.45777
-3.45762
-3.45837
-3.45746
-3.45625
-3.45505
-3.45444
-3.45459
-3.45474
-3.45474
-3.45413
-3.45519
-3.45565
-3.4558
-3.45535
-3.4555
-3.4546
-3.45399
-3.45324
-3.45399
-3.45354
-3.45399
-3.45233
-3.45263
-3.45263
-3.45323
-3.45324
-3.45339
-3.45444
-3.45353
-3.45308
-3.45308
-3.45156
-3.45262
-3.45307
-3.45338
-3.45413
-3.45308
-3.45323
-3.45293
-3.45278
-3.45172
-3.45142
-3.45067
-3.45157
-3.45218
-3.45308
-3.45338
-3.45353
-3.45428
-3.45459
-3.45413
-3.45413
-3.45398
-3.45443
-3.45383
-3.45504
-3.45368
-3.45399
-3.45368
-3.45353
-3.45429
-3.45504
-3.45428
-3.45383
-3.45413
-3.45338
-3.45459
-3.45534
-3.45534
-3.45428
-3.45353
-3.45398
-3.45413
-3.45504
-3.45564
-3.45504
-3.45474
-3.45414
-3.45369
-3.45278
-3.45278
-3.45383
-3.45428
-3.45473
-3.45504
-3.45488
-3.45307
-3.45232
-3.45202
-3.45248
-3.45232
-3.45187
-3.45202
-3.45202
-3.45248
-3.45248
-3.45157
-3.45263
-3.45217
-3.45187
-3.45142
-3.45157
-3.45187
-3.45157
-3.45127
-3.45097
-3.45051
-3.45097
-3.45036
-3.45112
-3.45036
-3.45111
-3.45157
-3.45262
-3.45262
-3.45262
-3.45293
-3.45308
-3.45308
-3.45459
-3.45519
-3.45475
-3.4543
-3.4546
-3.45581
-3.45761
-3.45746
-3.45761
-3.45746
-3.4561
-3.45746
-3.45701
-3.45701
-3.45762
-3.45792
-3.45747
-3.45732
-3.45837
-3.45837
-3.45731
-3.45777
-3.45761
-3.45791
-3.45731
-3.45731
-3.45761
-3.45822
-3.45822
-3.45776
-3.45822
-3.45807
-3.45898
-3.45913
-3.45913
-3.45973
-3.45973
-3.46003
-3.46139
-3.46184
-3.46214
-3.46245
-3.46169
-3.46094
-3.45988
-3.45928
-3.45958
-3.45943
-3.45928
-3.45898
-3.45837
-3.45837
-3.45822
-3.45822
-3.45807
-3.45701
-3.45656
-3.45656
-3.45671
-3.45656
-3.45671
-3.45596
-3.45626
-3.45656
-3.45701
-3.45656
-3.45732
-3.45731
-3.45701
-3.45671
-3.45625
-3.45655
-3.45686
-3.45565
-3.45595
-3.45565
-3.45535
-3.45595
-3.45611
-3.4558
-3.4555
-3.4549
-3.4552
-3.45535
-3.45429
-3.45384
-3.45414
-3.45444
-3.45474
-3.45444
-3.45429
-3.45368
-3.45248
-3.45323
-3.45414
-3.45338
-3.45293
-3.45248
-3.45187
-3.45142
-3.45157
-3.45248
-3.45323
-3.45338
-3.45308
-3.45293
-3.45263
-3.45294
-3.45294
-3.45188
-3.45067
-3.45006
-3.44961
-3.45021
-3.45021
-3.45097
-3.45021
-3.45051
-3.45006
-3.45051
-3.45097
-3.45066
-3.45112
-3.45112
-3.45051
-3.45021
-3.45112
-3.45021
-3.45037
-3.45127
-3.45218
-3.45248
-3.45263
-3.45248
-3.45278
-3.45368
-3.45263
-3.45399
-3.45414
-3.45535
-3.4549
-3.45611
-3.45686
-3.45641
-3.4564
-3.45655
-3.45625
-3.45701
-3.45656
-3.45581
-3.4555
-3.45581
-3.45596
-3.45686
-3.45656
-3.45655
-3.45549
-3.45459
-3.45399
-3.45399
-3.45399
-3.45309
-3.45339
-3.45293
-3.45142
-3.45173
-3.45309
-3.45324
-3.45293
-3.45278
-3.45323
-3.45308
-3.45187
-3.45203
-3.45248
-3.45339
-3.45294
-3.45324
-3.45384
-3.45248
-3.45187
-3.45202
-3.45157
-3.45142
-3.45187
-3.45203
-3.45323
-3.45248
-3.45248
-3.45232
-3.45127
-3.45127
-3.45112
-3.45203
-3.45188
-3.45188
-3.45203
-3.45173
-3.45128
-3.45188
-3.45173
-3.45143
-3.45127
-3.45067
-3.45006
-3.45112
-3.45203
-3.45157
-3.45157
-3.45066
-3.45112
-3.45188
-3.45112
-3.45052
-3.45067
-3.45128
-3.45128
-3.45203
-3.45113
-3.45158
-3.45158
-3.45234
-3.45264
-3.45249
-3.45234
-3.45233
-3.45263
-3.45309
-3.45293
-3.45294
-3.45354
-3.45384
-3.45309
-3.45218
-3.45219
-3.45324
-3.45355
-3.454
-3.454
-3.4537
-3.45445
-3.45279
-3.45264
-3.454
-3.45491
-3.454
-3.45445
-3.4552
-3.45505
-3.4543
-3.45581
-3.45505
-3.45626
-3.45596
-3.45491
-3.4546
-3.45475
-3.4543
-3.45476
-3.45521
-3.45551
-3.45551
-3.45536
-3.45445
-3.4552
-3.45535
-3.45641
-3.45626
-3.45581
-3.45506
-3.454
-3.45385
-3.454
-3.45369
-3.45384
-3.45339
-3.45414
-3.45294
-3.45294
-3.45309
-3.45294
-3.45384
-3.45324
-3.45309
-3.45233
-3.45202
-3.45066
-3.45081
-3.45082
-3.45172
-3.45233
-3.45203
-3.45173
-3.45233
-3.45324
-3.45248
-3.45309
-3.45294
-3.45339
-3.45309
-3.45339
-3.45188
-3.45233
-3.45158
-3.45173
-3.45218
-3.45173
-3.45203
-3.45203
-3.45142
-3.45172
-3.45233
-3.45248
-3.45293
-3.45324
-3.45354
-3.45354
-3.45354
-3.45445
-3.4546
-3.45248
-3.45218
-3.45218
-3.45217
-3.45202
-3.45127
-3.45173
-3.45294
-3.45248
-3.45233
-3.45203
-3.45218
-3.45309
-3.45354
-3.45475
-3.4543
-3.4546
-3.45551
-3.4543
-3.45339
-3.45324
-3.45354
-3.4549
-3.4552
-3.4558
-3.4558
-3.4549
-3.45565
-3.45535
-3.4561
-3.45641
-3.45701
-3.45731
-3.45716
-3.45777
-3.45747
-3.45792
-3.45717
-3.45717
-3.45656
-3.45671
-3.45626
-3.45595
-3.45656
-3.45625
-3.4558
-3.45535
-3.45505
-3.4546
-3.45429
-3.45278
-3.45263
-3.45278
-3.45278
-3.45384
-3.45475
-3.4549
-3.45429
-3.4552
-3.4552
-3.45505
-3.45445
-3.45324
-3.45414
-3.45505
-3.45505
-3.45535
-3.45475
-3.454
-3.45384
-3.45399
-3.45354
-3.45384
-3.45414
-3.45384
-3.45445
-3.45475
-3.45445
-3.45445
-3.45415
-3.45385
-3.45385
-3.454
-3.45399
-3.4552
-3.45505
-3.4558
-3.4552
-3.45505
-3.45475
-3.45354
-3.45264
-3.45173
-3.45203
-3.45218
-3.45187
-3.45127
-3.45067
-3.45067
-3.45143
-3.45219
-3.45174
-3.45204
-3.4531
-3.4537
-3.45279
-3.45354
-3.45263
-3.45324
-3.45414
-3.45429
-3.45414
-3.45399
-3.45324
-3.45233
-3.45264
-3.45128
-3.45188
-3.45158
-3.45248
-3.45263
-3.45264
-3.45279
-3.45188
-3.45173
-3.45279
-3.45309
-3.45369
-3.45414
-3.45429
-3.45535
-3.45581
-3.45354
-3.45399
-3.45339
-3.45414
-3.45399
-3.45354
-3.45293
-3.45354
-3.45354
-3.45338
-3.45384
-3.45429
-3.45475
-3.45505
-3.45611
-3.45566
-3.45566
-3.45596
-3.45581
-3.4552
-3.4546
-3.45415
-3.45279
-3.45324
-3.45339
-3.45414
-3.45474
-3.45459
-3.4561
-3.45626
-3.45581
-3.45566
-3.45596
-3.45657
-3.45566
-3.45611
-3.4549
-3.45429
-3.45429
-3.45474
-3.4549
-3.4546
-3.45354
-3.45339
-3.45324
-3.45309
-3.45294
-3.45354
-3.45429
-3.45414
-3.45384
-3.45293
-3.45294
-3.45279
-3.45339
-3.45324
-3.45294
-3.45294
-3.45385
-3.45355
-3.45294
-3.45279
-3.45384
-3.45324
-3.45293
-3.45278
-3.45218
-3.45233
-3.45263
-3.45248
-3.45203
-3.45158
-3.45158
-3.45233
-3.45279
-3.45293
-3.45263
-3.45203
-3.45248
-3.45248
-3.45263
-3.45202
-3.45157
-3.45112
-3.45036
-3.44976
-3.44991
-3.45037
-3.45052
-3.45037
-3.45052
-3.45022
-3.44947
-3.44916
-3.45082
-3.45127
-3.45112
-3.45172
-3.45187
-3.45278
-3.45248
-3.45157
-3.45157
-3.45173
-3.45173
-3.45324
-3.45354
-3.45369
-3.45339
-3.45233
-3.45203
-3.45233
-3.45233
-3.45143
-3.45188
-3.45203
-3.45233
-3.45294
-3.45248
-3.45097
-3.45082
-3.45097
-3.45143
-3.45127
-3.44946
-3.45007
-3.45067
-3.45022
-3.45158
-3.45203
-3.45233
-3.45233
-3.45249
-3.45279
-3.45294
-3.45339
-3.45278
-3.45384
-3.4546
-3.4546
-3.45324
-3.45354
-3.45445
-3.45415
-3.454
-3.4546
-3.45445
-3.45414
-3.45293
-3.45263
-3.45218
-3.45142
-3.45173
-3.45113
-3.45158
-3.45158
-3.45097
-3.45082
-3.45127
-3.45173
-3.45279
-3.45399
-3.4543
-3.45354
-3.45309
-3.45248
-3.45294
-3.45279
-3.454
-3.4537
-3.45354
-3.45384
-3.45324
-3.45384
-3.45414
-3.45504
-3.4552
-3.45535
-3.45505
-3.45535
-3.45384
-3.45173
-3.45188
-3.45113
-3.45098
-3.45173
-3.45203
-3.45203
-3.45173
-3.45158
-3.45127
-3.45173
-3.45218
-3.45263
-3.45233
-3.45263
-3.45218
-3.45278
-3.45233
-3.45233
-3.45233
-3.45188
-3.45263
-3.45248
-3.45279
-3.45203
-3.45264
-3.45279
-3.45279
-3.45188
-3.45249
-3.45189
-3.45068
-3.45128
-3.45173
-3.45158
-3.45173
-3.45324
-3.45279
-3.45339
-3.45279
-3.45249
-3.45188
-3.45173
-3.45158
-3.45219
-3.45294
-3.4546
-3.45505
-3.4549
-3.4549
-3.4546
-3.4543
-3.45415
-3.4543
-3.4537
-3.4537
-3.45309
-3.45324
-3.45385
-3.45475
-3.45505
-3.45445
-3.45399
-3.4546
-3.45384
-3.454
-3.45445
-3.45536
-3.45596
-3.45581
-3.45521
-3.45506
-3.4546
-3.45551
-3.45581
-3.45566
-3.45566
-3.45671
-3.45687
-3.45656
-3.45671
-3.45701
-3.45671
-3.45671
-3.45671
-3.4561
-3.4558
-3.4546
-3.4546
-3.4543
-3.45385
-3.4534
-3.4534
-3.45355
-3.45309
-3.45264
-3.45293
-3.45293
-3.45202
-3.45127
-3.45112
-3.45157
-3.45067
-3.45082
-3.44977
-3.44992
-3.44962
-3.45068
-3.45022
-3.45082
-3.45097
-3.45112
-3.45052
-3.45142
-3.45021
-3.45052
-3.44976
-3.44991
-3.45022
-3.45067
-3.45098
-3.45219
-3.45204
-3.4531
-3.45325
-3.45385
-3.45415
-3.45551
-3.45551
-3.45566
-3.4549
-3.4546
-3.45475
-3.45475
-3.4552
-3.4546
-3.45415
-3.4543
-3.45415
-3.45446
-3.45521
-3.45566
-3.45505
-3.45475
-3.4546
-3.45521
-3.45521
-3.45491
-3.45522
-3.45416
-3.45521
-3.45521
-3.45506
-3.45581
-3.45491
-3.45491
-3.45566
-3.45431
-3.45295
-3.45204
-3.45219
-3.45129
-3.45114
-3.45159
-3.45234
-3.45264
-3.45249
-3.45203
-3.45188
-3.45294
-3.45294
-3.4534
-3.4537
-3.45386
-3.45431
-3.45401
-3.45461
-3.45446
-3.45431
-3.45476
-3.45491
-3.4543
-3.45445
-3.45445
-3.4531
-3.454
-3.4537
-3.45325
-3.45356
-3.45371
-3.4534
-3.4531
-3.45401
-3.45385
-3.45325
-3.45461
-3.45415
-3.454
-3.45415
-3.45476
-3.45536
-3.45446
-3.45476
-3.45476
-3.45476
-3.45582
-3.45506
-3.45581
-3.45566
-3.45642
-3.45627
-3.45551
-3.45461
-3.45536
-3.45612
-3.45642
-3.45642
-3.45612
-3.45582
-3.45612
-3.45657
-3.45748
-3.45643
-3.45597
-3.45597
-3.45537
-3.45552
-3.45597
-3.45461
-3.45491
-3.45491
-3.45521
-3.45536
-3.45506
-3.45461
-3.45491
-3.45552
-3.45582
-3.45582
-3.45566
-3.45597
-3.45536
-3.45612
-3.45612
-3.45567
-3.45567
-3.45582
-3.45567
-3.45582
-3.45552
-3.45537
-3.45536
-3.45491
-3.45476
-3.454
-3.45476
-3.4534
-3.45325
-3.45341
-3.45401
-3.4531
-3.4522
-3.45204
-3.45114
-3.45144
-3.45159
-3.45099
-3.45038
-3.45174
-3.4528
-3.4531
-3.4534
-3.45356
-3.45386
-3.45265
-3.45249
-3.4534
-3.4537
-3.45415
-3.45506
-3.45491
-3.45416
-3.45325
-3.45265
-3.45249
-3.45219
-3.45325
-3.4537
-3.45371
-3.4531
-3.4528
-3.45235
-3.45235
-3.4519
-3.45189
-3.45235
-3.45219
-3.45098
-3.45113
-3.45098
-3.44962
-3.45053
-3.45069
-3.45023
-3.45039
-3.45069
-3.44993
-3.45039
-3.45099
-3.45114
-3.4528
-3.45294
-3.45234
-3.45325
-3.4528
-3.45189
-3.45144
-3.4516
-3.45145
-3.45159
-3.45144
-3.45114
-3.45144
-3.45159
-3.45189
-3.45173
-3.45143
-3.45204
-3.45053
-3.45008
-3.45069
-3.45175
-3.4525
-3.45266
-3.45296
-3.45295
-3.45205
-3.45235
-3.45129
-3.45113
-3.45204
-3.45189
-3.45189
-3.45174
-3.45114
-3.45159
-3.45144
-3.45099
-3.45069
-3.45099
-3.45099
-3.45069
-3.45023
-3.45023
-3.44978
-3.44977
-3.45038
-3.45159
-3.45204
-3.45219
-3.4519
-3.4519
-3.45266
-3.45401
-3.45462
-3.45522
-3.45506
-3.45567
-3.45597
-3.45687
-3.45642
-3.45597
-3.45552
-3.45597
-3.45522
-3.45477
-3.45386
-3.45417
-3.45416
-3.4528
-3.45295
-3.45295
-3.45325
-3.4537
-3.45325
-3.45234
-3.45219
-3.45205
-3.45295
-3.4528
-3.4531
-3.45325
-3.4531
-3.45265
-3.4528
-3.45144
-3.45219
-3.45144
-3.45053
-3.45114
-3.45356
-3.45341
-3.45325
-3.45356
-3.45174
-3.4528
-3.4534
-3.45355
-3.45295
-3.45385
-3.4531
-3.45325
-3.45234
-3.45219
-3.45219
-3.45264
-3.45264
-3.4531
-3.45371
-3.4531
-3.4525
-3.45265
-3.45341
-3.4531
-3.45265
-3.45204
-3.45204
-3.45204
-3.45265
-3.45325
-3.4531
-3.45446
-3.4534
-3.45249
-3.45219
-3.45234
-3.45219
-3.45189
-3.45204
-3.45341
-3.45477
-3.45431
-3.45416
-3.45325
-3.45355
-3.4534
-3.45265
-3.4525
-3.4522
-3.45084
-3.45159
-3.45279
-3.45279
-3.4534
-3.4531
-3.4537
-3.45295
-3.4537
-3.45431
-3.45506
-3.45476
-3.45446
-3.45476
-3.45431
-3.45461
-3.45446
-3.45476
-3.45416
-3.45446
-3.45461
-3.45431
-3.45416
-3.45385
-3.4543
-3.45415
-3.45445
-3.45566
-3.45536
-3.45506
-3.45567
-3.45476
-3.45401
-3.4531
-3.4531
-3.45401
-3.45355
-3.45386
-3.45401
-3.45431
-3.45416
-3.4534
-3.45355
-3.4525
-3.45204
-3.45174
-3.45174
-3.45128
-3.45098
-3.45068
-3.44948
-3.45023
-3.45084
-3.45114
-3.4519
-3.45265
-3.45234
-3.45249
-3.45355
-3.4534
-3.45234
-3.4528
-3.45174
-3.45129
-3.45144
-3.45189
-3.45189
-3.45204
-3.45219
-3.45295
-3.45234
-3.45159
-3.45069
-3.45129
-3.45144
-3.45084
-3.45023
-3.45053
-3.45068
-3.45038
-3.45038
-3.45038
-3.45053
-3.44963
-3.44902
-3.44842
-3.44947
-3.44947
-3.44932
-3.44902
-3.44978
-3.44978
-3.44962
-3.44977
-3.44962
-3.44977
-3.45038
-3.45053
-3.44992
-3.44962
-3.44962
-3.45068
-3.45189
-3.45234
-3.45249
-3.4534
-3.45219
-3.45325
-3.45295
-3.45401
-3.45416
-3.45446
-3.45401
-3.45551
-3.45476
-3.45445
-3.45385
-3.4546
-3.45384
-3.4543
-3.4549
-3.45475
-3.45521
-3.45566
-3.45506
-3.45552
-3.45522
-3.45537
-3.45597
-3.45567
-3.45596
-3.45657
-3.45611
-3.45505
-3.45581
-3.45566
-3.45416
-3.45506
-3.45522
-3.45506
-3.45461
-3.45506
-3.45566
-3.45476
-3.45566
-3.45476
-3.45491
-3.45521
-3.45461
-3.45415
-3.45355
-3.45279
-3.45234
-3.45264
-3.45234
-3.45279
-3.45309
-3.45295
-3.45219
-3.45204
-3.45295
-3.45204
-3.4528
-3.45294
-3.45309
-3.45385
-3.45476
-3.45506
-3.45537
-3.45597
-3.45642
-3.45763
-3.45839
-3.45884
-3.45838
-3.45763
-3.45672
-3.45672
-3.45688
-3.45642
-3.45642
-3.45657
-3.45778
-3.45747
-3.45823
-3.45778
-3.45657
-3.45567
-3.45567
-3.45521
-3.45461
-3.45475
-3.4543
-3.45445
-3.4546
-3.45566
-3.45521
-3.4543
-3.45385
-3.45431
-3.45355
-3.4537
-3.45461
-3.45461
-3.4534
-3.454
-3.45233
-3.45384
-3.45384
-3.45399
-3.45445
-3.4549
-3.45535
-3.45505
-3.45475
-3.4543
-3.45385
-3.45415
-3.45445
-3.4552
-3.45581
-3.45535
-3.45581
-3.45505
-3.45566
-3.4546
-3.45475
-3.45551
-3.45445
-3.45415
-3.45339
-3.45414
-3.45384
-3.45414
-3.45384
-3.45369
-3.45414
-3.4543
-3.45384
-3.45338
-3.45308
-3.45489
-3.4558
-3.45565
-3.45581
-3.45687
-3.45702
-3.45626
-3.4558
-3.45535
-3.45475
-3.45581
-3.45641
-3.45641
-3.45596
-3.45626
-3.45566
-3.45535
-3.4555
-3.45565
-3.4558
-3.4564
-3.4558
-3.4549
-3.45429
-3.45429
-3.45505
-3.45384
-3.45399
-3.45399
-3.45414
-3.45475
-3.45535
-3.45566
-3.45596
-3.45611
-3.45611
-3.45595
-3.4561
-3.45701
-3.45701
-3.45716
-3.45626
-3.45656
-3.45701
-3.45686
-3.45701
-3.45716
-3.45701
-3.45701
-3.45717
-3.45642
-3.45642
-3.45672
-3.45581
-3.45612
-3.45506
-3.45415
-3.45415
-3.45475
-3.4546
-3.45414
-3.45384
-3.45369
-3.4549
-3.4543
-3.45354
-3.45355
-3.454
-3.4543
-3.4549
-3.45475
-3.45474
-3.45429
-3.4552
-3.4549
-3.45429
-3.45415
-3.45415
-3.45445
-3.4546
-3.45294
-3.45309
-3.45339
-3.45415
-3.45339
-3.45248
-3.45188
-3.45173
-3.45203
-3.45263
-3.45203
-3.45218
-3.45173
-3.45218
-3.45097
-3.45097
-3.45143
-3.45158
-3.45279
-3.45218
-3.45369
-3.45475
-3.45505
-3.45429
-3.45429
-3.45384
-3.45354
-3.45429
-3.45459
-3.45505
-3.45535
-3.45581
-3.45535
-3.4549
-3.45581
-3.45536
-3.45581
-3.45551
-3.4546
-3.45581
-3.4549
-3.4546
-3.45354
-3.45414
-3.4546
-3.4549
-3.45505
-3.45505
-3.45687
-3.45717
-3.45686
-3.45686
-3.45852
-3.45852
-3.45807
-3.45883
-3.45807
-3.45747
-3.45731
-3.45626
-3.45535
-3.4555
-3.45641
-3.4558
-3.4555
-3.45641
-3.45535
-3.4552
-3.45535
-3.4549
-3.45444
-3.45444
-3.45399
-3.45308
-3.45127
-3.45067
-3.45067
-3.45157
-3.45248
-3.45218
-3.45203
-3.45263
-3.45263
-3.45233
-3.45202
-3.45217
-3.45338
-3.45263
-3.45263
-3.45218
-3.45173
-3.45142
-3.45172
-3.45278
-3.45263
-3.45233
-3.45278
-3.45338
-3.45414
-3.4549
-3.4555
-3.4555
-3.45611
-3.45671
-3.45641
-3.45626
-3.45656
-3.45732
-3.45807
-3.45686
-3.45685
-3.457
-3.4564
-3.45595
-3.45564
-3.45413
-3.45474
-3.45429
-3.45414
-3.45459
-3.45339
-3.45278
-3.45339
-3.45354
-3.45459
-3.45429
-3.45399
-3.45489
-3.45519
-3.45519
-3.45595
-3.4561
-3.45641
-3.45656
-3.45716
-3.45731
-3.45777
-3.45716
-3.45731
-3.45762
-3.45686
-3.45686
-3.45777
-3.45762
-3.45701
-3.45731
-3.45746
-3.45761
-3.457
-3.457
-3.45746
-3.45595
-3.45595
-3.45656
-3.45656
-3.4564
-3.4564
-3.45625
-3.4558
-3.45475
-3.4546
-3.45505
-3.4552
-3.45505
-3.45505
-3.4555
-3.45489
-3.45458
-3.45398
-3.45384
-3.45429
-3.45414
-3.45445
-3.45445
-3.45414
-3.45444
-3.4549
-3.45474
-3.4549
-3.4552
-3.4549
-3.4549
-3.4546
-3.45354
-3.45369
-3.45323
-3.45369
-3.45384
-3.45384
-3.45414
-3.45339
-3.45233
-3.45293
-3.45293
-3.45475
-3.4549
-3.4549
-3.45566
-3.45596
-3.45581
-3.45565
-3.45611
-3.45505
-3.4549
-3.4552
-3.45565
-3.45535
-3.45551
-3.45551
-3.45596
-3.4549
-3.45445
-3.45399
-3.45399
-3.45354
-3.45384
-3.45459
-3.45354
-3.45369
-3.45399
-3.45324
-3.45445
-3.45445
-3.45445
-3.4546
-3.45233
-3.45082
-3.45082
-3.44991
-3.45021
-3.44991
-3.45097
-3.45022
-3.45007
-3.45053
-3.44977
-3.44977
-3.45052
-3.45052
-3.45127
-3.45142
-3.45187
-3.45096
-3.45157
-3.45187
-3.45248
-3.45308
-3.45354
-3.45429
-3.45429
-3.45414
-3.45414
-3.45414
-3.4552
-3.4555
-3.45505
-3.45535
-3.45656
-3.45565
-3.45611
-3.45565
-3.45565
-3.4558
-3.45565
-3.45459
-3.45625
-3.45595
-3.45565
-3.4555
-3.4555
-3.45656
-3.45671
-3.45641
-3.45686
-3.45656
-3.45747
-3.45611
-3.45611
-3.4552
-3.4555
-3.45535
-3.45565
-3.4555
-3.4552
-3.45459
-3.45429
-3.4549
-3.45399
-3.45339
-3.45354
-3.45414
-3.45444
-3.45444
-3.45474
-3.45443
-3.45489
-3.45519
-3.45549
-3.45534
-3.45535
-3.4552
-3.45565
-3.45519
-3.45519
-3.45564
-3.45473
-3.45503
-3.45609
-3.4558
-3.45595
-3.45671
-3.4558
-3.45519
-3.45504
-3.45459
-3.45565
-3.45504
-3.45413
-3.45428
-3.45368
-3.45383
-3.45428
-3.45398
-3.45323
-3.45277
-3.45293
-3.45293
-3.45414
-3.45354
-3.45278
-3.45308
-3.45323
-3.45354
-3.45353
-3.45277
-3.45307
-3.45232
-3.45187
-3.45157
-3.45232
-3.45293
-3.45353
-3.45384
-3.45384
-3.45414
-3.45399
-3.45384
-3.45323
-3.45202
-3.45217
-3.45232
-3.45187
-3.45126
-3.45066
-3.45126
-3.4502
-3.45081
-3.45081
-3.45172
-3.45157
-3.45127
-3.45172
-3.45263
-3.45323
-3.45368
-3.45353
-3.45353
-3.45368
-3.45413
-3.45368
-3.45459
-3.4561
-3.45731
-3.45731
-3.45716
-3.45851
-3.45912
-3.45867
-3.45882
-3.45897
-3.45973
-3.45882
-3.45822
-3.45731
-3.45822
-3.45897
-3.45927
-3.45957
-3.45912
-3.45912
-3.45852
-3.45852
-3.45867
-3.45837
-3.45972
-3.45927
-3.45867
-3.45897
-3.45836
-3.45821
-3.45881
-3.45866
-3.4576
-3.4573
-3.45685
-3.457
-3.4561
-3.45655
-3.4567
-3.45701
-3.4558
-3.45504
-3.4558
-3.4552
-3.45399
-3.45323
-3.45353
-3.45534
-3.45458
-3.4561
-3.45564
-3.4561
-3.4567
-3.45655
-3.45625
-3.45595
-3.45504
-3.4552
-3.45399
-3.45383
-3.45247
-3.45277
-3.45247
-3.45292
-3.45353
-3.45383
-3.45367
-3.45307
-3.45292
-3.45307
-3.45322
-3.45307
-3.45262
-3.45232
-3.45277
-3.45353
-3.45338
-3.45277
-3.45428
-3.45519
-3.45413
-3.45443
-3.45488
-3.45609
-3.45533
-3.45579
-3.45579
-3.45534
-3.45624
-3.45776
-3.45851
-3.45866
-3.45806
-3.4579
-3.45775
-3.4573
-3.4573
-3.45685
-3.45624
-3.45685
-3.45745
-3.4564
-3.45503
-3.45382
-3.45352
-3.45352
-3.45503
-3.45564
-3.45504
-3.45534
-3.45565
-3.45625
-3.4558
-3.4558
-3.4564
-3.45624
-3.45579
-3.45564
-3.45563
-3.45488
-3.45397
-3.45337
-3.45322
-3.45323
-3.45338
-3.45399
-3.45369
-3.45308
-3.45262
-3.45217
-3.45186
-3.45141
-3.45126
-3.4505
-3.45141
-3.45201
-3.45277
-3.45277
-3.45383
-3.45383
-3.45338
-3.45307
-3.45337
-3.45277
-3.45337
-3.45322
-3.45367
-3.45367
-3.45367
-3.45352
-3.45428
-3.45519
-3.45625
-3.45489
-3.45625
-3.4561
-3.45595
-3.4552
-3.45444
-3.45369
-3.45414
-3.45474
-3.45564
-3.45503
-3.45427
-3.45397
-3.45383
-3.45353
-3.45398
-3.45308
-3.45414
-3.45414
-3.45353
-3.45354
-3.45429
-3.45384
-3.45383
-3.45293
-3.45323
-3.45293
-3.45338
-3.45368
-3.45308
-3.45232
-3.45277
-3.45262
-3.45232
-3.45293
-3.45293
-3.45263
-3.45233
-3.45202
-3.45278
-3.45202
-3.45156
-3.45216
-3.45292
-3.45201
-3.45186
-3.45156
-3.45096
-3.45141
-3.45111
-3.45081
-3.45126
-3.45142
-3.45247
-3.45383
-3.45353
-3.45293
-3.45232
-3.45081
-3.45005
-3.45126
-3.45141
-3.45171
-3.45216
-3.45156
-3.45065
-3.45156
-3.45186
-3.45187
-3.45262
-3.45398
-3.45323
-3.45338
-3.45413
-3.45444
-3.45383
-3.45353
-3.45368
-3.45413
-3.45368
-3.45383
-3.45352
-3.45458
-3.45382
-3.45352
-3.45307
-3.45292
-3.45308
-3.45248
-3.45384
-3.45398
-3.45353
-3.45307
-3.45216
-3.4508
-3.45065
-3.4502
-3.45096
-3.45156
-3.45066
-3.45081
-3.45111
-3.45126
-3.45171
-3.45155
-3.45095
-3.4511
-3.4511
-3.45065
-3.44974
-3.45035
-3.4514
-3.45095
-3.4508
-3.4514
-3.45186
-3.45277
-3.45262
-3.45337
-3.45201
-3.45156
-3.45246
-3.45215
-3.452
-3.45185
-3.45276
-3.45155
-3.4508
-3.45004
-3.4499
-3.4499
-3.45035
-3.4508
-3.44974
-3.45019
-3.45034
-3.45095
-3.44975
-3.44975
-3.45065
-3.45141
-3.45156
-3.4514
-3.45171
-3.45231
-3.45246
-3.45277
-3.45382
-3.45488
-3.45291
-3.45367
-3.45336
-3.45412
-3.45412
-3.45336
-3.45382
-3.45397
-3.45322
-3.45367
-3.45413
-3.45382
-3.45367
-3.45337
-3.45412
-3.45412
-3.45442
-3.45382
-3.45397
-3.45276
-3.45291
-3.45291
-3.45382
-3.45336
-3.45261
-3.4517
-3.45246
-3.45306
-3.45321
-3.45321
-3.45367
-3.45336
-3.45306
-3.45427
-3.45412
-3.45337
-3.45367
-3.45352
-3.45367
-3.45337
-3.45261
-3.45276
-3.45141
-3.45125
-3.45125
-3.4505
-3.45064
-3.45094
-3.45139
-3.45275
-3.45291
-3.45352
-3.45246
-3.45201
-3.45201
-3.45246
-3.45292
-3.45291
-3.45261
-3.45367
-3.45307
-3.45262
-3.45246
-3.45231
-3.45276
-3.45382
-3.45337
-3.45367
-3.45503
-3.45578
-3.45594
-3.45654
-3.45684
-3.45699
-3.45654
-3.45639
-3.45624
-3.45624
-3.45548
-3.45578
-3.45608
-3.45563
-3.45563
-3.45609
-3.45624
-3.45518
-3.45488
-3.45352
-3.45352
-3.45337
-3.45306
-3.45231
-3.45246
-3.45291
-3.45321
-3.45306
-3.45246
-3.45321
-3.45336
-3.45336
-3.45351
-3.45412
-3.45412
-3.45487
-3.45457
-3.45533
-3.45472
-3.45472
-3.45427
-3.45473
-3.45427
-3.45442
-3.45382
-3.45502
-3.45503
-3.45473
-3.45473
-3.45382
-3.45352
-3.45231
-3.45291
-3.45245
-3.45215
-3.45125
-3.4517
-3.45155
-3.45095
-3.45095
-3.45186
-3.45292
-3.45352
-3.45413
-3.45442
-3.45457
-3.45457
-3.45502
-3.45457
-3.45397
-3.45352
-3.45307
-3.45141
-3.45156
-3.45201
-3.45276
-3.45427
-3.45502
-3.45426
-3.45456
-3.45532
-3.45579
-3.45549
-3.45564
-3.45488
-3.45322
-3.45261
-3.452
-3.45155
-3.45185
-3.45155
-3.452
-3.4517
-3.4523
-3.4511
-3.45065
-3.45156
-3.45156
-3.45261
-3.45125
-3.45291
-3.45276
-3.45291
-3.45366
-3.45306
-3.45351
-3.45412
-3.45487
-3.45487
-3.45503
-3.45578
-3.45593
-3.45533
-3.45472
-3.45381
-3.45351
-3.45306
-3.45276
-3.45276
-3.45276
-3.45306
-3.45336
-3.45306
-3.45336
-3.45306
-3.45352
-3.45306
-3.45352
-3.45352
-3.45306
-3.45291
-3.45215
-3.45155
-3.452
-3.4514
-3.4508
-3.4517
-3.4514
-3.45065
-3.44989
-3.45125
-3.45155
-3.45064
-3.4517
-3.45215
-3.45336
-3.45381
-3.45381
-3.45397
-3.45412
-3.45457
-3.45518
-3.45548
-3.45488
-3.45397
-3.45473
-3.45563
-3.45503
-3.45578
-3.45457
-3.45487
-3.45517
-3.45548
-3.45533
-3.45442
-3.45579
-3.45699
-3.45639
-3.45669
-3.45608
-3.45578
-3.45503
-3.45578
-3.45381
-3.45427
-3.45427
-3.45397
-3.45427
-3.45412
-3.45321
-3.45276
-3.452
-3.452
-3.45291
-3.45276
-3.4517
-3.45261
-3.45336
-3.45381
-3.45336
-3.4529
-3.45351
-3.45306
-3.45291
-3.45261
-3.45291
-3.45276
-3.45367
-3.45427
-3.45321
-3.45275
-3.4526
-3.4526
-3.45275
-3.4529
-3.4523
-3.45215
-3.45215
-3.4517
-3.45261
-3.4523
-3.45321
-3.45411
-3.45562
-3.45623
-3.45547
-3.45472
-3.45577
-3.45638
-3.45562
-3.45517
-3.45532
-3.45502
-3.45366
-3.4535
-3.4535
-3.45426
-3.45366
-3.45411
-3.45487
-3.45532
-3.45668
-3.45759
-3.45683
-3.45714
-3.45683
-3.45638
-3.45668
-3.45683
-3.45713
-3.45728
-3.45804
-3.45774
-3.45638
-3.45638
-3.45593
-3.45577
-3.45562
-3.45638
-3.45592
-3.45683
-3.45653
-3.45502
-3.45532
-3.45411
-3.45457
-3.45411
-3.45427
-3.45396
-3.45351
-3.45366
-3.4529
-3.45275
-3.45456
-3.45396
-3.45456
-3.45457
-3.45381
-3.45456
-3.45411
-3.45441
-3.45456
-3.45486
-3.45501
-3.45517
-3.45547
-3.45607
-3.45592
-3.45577
-3.45502
-3.45471
-3.45426
-3.45456
-3.45547
-3.45562
-3.45486
-3.45456
-3.45366
-3.45381
-3.45411
-3.45396
-3.45336
-3.45321
-3.45336
-3.45275
-3.4532
-3.4526
-3.4526
-3.4523
-3.45169
-3.45139
-3.45245
-3.45335
-3.45365
-3.4535
-3.4535
-3.45305
-3.4532
-3.45275
-3.45321
-3.45321
-3.45336
-3.45321
-3.45427
-3.45487
-3.45487
-3.45502
-3.45517
-3.45532
-3.45472
-3.45472
-3.45411
-3.45426
-3.45501
-3.45456
-3.45471
-3.45411
-3.45457
-3.45487
-3.45442
-3.45366
-3.45487
-3.45426
-3.45456
-3.45532
-3.45683
-3.45592
-3.45608
-3.45592
-3.45577
-3.45517
-3.45396
-3.4532
-3.4529
-3.45381
-3.45305
-3.4532
-3.4538
-3.4538
-3.4538
-3.45501
-3.45426
-3.45381
-3.45335
-3.45305
-3.45351
-3.45306
-3.4526
-3.452
-3.4526
-3.45305
-3.45335
-3.4535
-3.4535
-3.4532
-3.45381
-3.45336
-3.45366
-3.45441
-3.45441
-3.45305
-3.45275
-3.4535
-3.45366
-3.4535
-3.45275
-3.4532
-3.4529
-3.45426
-3.45411
-3.45396
-3.45426
-3.45366
-3.45471
-3.45456
-3.45532
-3.45502
-3.45532
-3.45608
-3.45487
-3.45577
-3.45381
-3.45457
-3.45457
-3.45472
-3.45396
-3.45351
-3.45305
-3.45305
-3.4529
-3.4535
-3.4532
-3.4529
-3.45365
-3.45396
-3.45427
-3.45547
-3.45623
-3.45593
-3.45593
-3.45683
-3.45638
-3.45683
-3.45683
-3.45759
-3.45819
-3.45819
-3.45834
-3.45804
-3.45819
-3.45909
-3.45924
-3.45924
-3.45863
-3.45848
-3.45818
-3.45834
-3.45864
-3.45729
-3.45623
-3.45517
-3.45502
-3.45547
-3.45532
-3.45531
-3.45546
-3.45576
-3.45607
-3.45577
-3.45532
-3.45456
-3.45426
-3.4535
-3.45305
-3.45305
-3.4529
-3.4529
-3.4535
-3.45335
-3.45396
-3.4532
-3.4526
-3.45335
-3.45426
-3.45456
-3.4538
-3.45426
-3.45396
-3.45396
-3.45396
-3.45502
-3.45471
-3.45426
-3.45425
-3.45425
-3.45365
-3.45425
-3.45425
-3.45335
-3.45274
-3.45244
-3.45199
-3.4526
-3.45199
-3.45244
-3.45169
-3.45154
-3.45199
-3.4529
-3.45214
-3.45093
-3.45078
-3.45108
-3.45033
-3.45154
-3.45154
-3.45154
-3.45048
-3.45094
-3.45169
-3.4529
-3.45275
-3.45139
-3.45229
-3.45184
-3.45184
-3.4526
-3.45305
-3.4526
-3.45411
-3.45336
-3.45351
-3.45335
-3.45365
-3.45365
-3.45335
-3.4535
-3.4532
-3.45305
-3.45305
-3.4532
-3.4529
-3.45214
-3.45169
-3.45244
-3.45138
-3.45138
-3.45183
-3.45259
-3.45274
-3.4538
-3.45335
-3.45289
-3.45289
-3.4529
-3.4535
-3.45486
-3.45531
-3.45456
-3.45441
-3.45517
-3.45426
-3.45472
-3.45577
-3.45532
-3.45638
-3.45668
-3.45637
-3.45637
-3.45471
-3.4544
-3.45349
-3.4544
-3.45456
-3.45532
-3.45638
-3.45532
-3.45532
-3.45442
-3.45351
-3.4523
-3.4523
-3.45245
-3.45215
-3.45275
-3.45305
-3.4526
-3.4526
-3.45139
-3.45018
-3.45003
-3.44943
-3.44882
-3.44897
-3.45033
-3.44988
-3.44988
-3.45033
-3.45018
-3.45033
-3.45139
-3.45048
-3.45109
-3.45124
-3.45109
-3.45094
-3.45124
-3.45079
-3.45124
-3.45214
-3.45184
-3.45214
-3.45169
-3.4529
-3.45275
-3.4532
-3.45336
-3.452
-3.45215
-3.4526
-3.45215
-3.45245
-3.45305
-3.45229
-3.4532
-3.4532
-3.4532
-3.45365
-3.45365
-3.45335
-3.45426
-3.45411
-3.45366
-3.45396
-3.4529
-3.45335
-3.45305
-3.4529
-3.45336
-3.45381
-3.45336
-3.45381
-3.45351
-3.45396
-3.45351
-3.45366
-3.45456
-3.45456
-3.45517
-3.45638
-3.45547
-3.45562
-3.45502
-3.45457
-3.45441
-3.45441
-3.45441
-3.45275
-3.45335
-3.45351
-3.45411
-3.45351
-3.45366
-3.45321
-3.45411
-3.45411
-3.45457
-3.45472
-3.45411
-3.45336
-3.45366
-3.45351
-3.45275
-3.45245
-3.4532
-3.45169
-3.45109
-3.45079
-3.45094
-3.45034
-3.44913
-3.45034
-3.45049
-3.44988
-3.45003
-3.44852
-3.44973
-3.44988
-3.45048
-3.45184
-3.45124
-3.45109
-3.4517
-3.45064
-3.4511
-3.4517
-3.4514
-3.45245
-3.45275
-3.45245
-3.45276
-3.45246
-3.45321
-3.45352
-3.45321
-3.45246
-3.4523
-3.45306
-3.45306
-3.45502
-3.45532
-3.45502
-3.45502
-3.45533
-3.45578
-3.45623
-3.45684
-3.45653
-3.45789
-3.45744
-3.45699
-3.45684
-3.45699
-3.45683
-3.45638
-3.45774
-3.45714
-3.45699
-3.45699
-3.45623
-3.45593
-3.45653
-3.45638
-3.45729
-3.45729
-3.45729
-3.45668
-3.45608
-3.45639
-3.45578
-3.45669
-3.45699
-3.45533
-3.45488
-3.45488
-3.45458
-3.45427
-3.45412
-3.45533
-3.45472
-3.45517
-3.45623
-3.45668
-3.45683
-3.45774
-3.45774
-3.45789
-3.45729
-3.4579
-3.45714
-3.45639
-3.45745
-3.457
-3.45775
-3.45715
-3.45533
-3.45457
-3.45472
-3.45442
-3.45488
-3.45457
-3.45472
-3.45548
-3.45502
-3.45442
-3.45457
-3.45472
-3.45563
-3.45593
-3.45503
-3.45593
-3.45729
-3.45775
-3.45744
-3.45699
-3.45593
-3.45654
-3.45654
-3.45684
-3.45608
-3.45593
-3.45517
-3.45456
-3.45456
-3.45487
-3.45441
-3.45472
-3.45366
-3.45442
-3.45502
-3.45623
-3.45578
-3.45502
-3.45532
-3.45548
-3.45487
-3.45518
-3.45533
-3.45502
-3.45487
-3.45457
-3.45351
-3.45396
-3.45381
-3.45396
-3.45305
-3.45305
-3.4526
-3.4523
-3.45336
-3.45382
-3.45442
-3.45488
-3.45533
-3.45487
-3.45457
-3.45411
-3.45441
-3.45456
-3.45472
-3.45426
-3.45472
-3.45441
-3.45426
-3.45366
-3.45411
-3.45532
-3.45457
-3.45502
-3.45472
-3.45457
-3.45427
-3.45457
-3.45457
-3.45547
-3.45517
-3.45547
-3.45532
-3.45608
-3.45563
-3.45502
-3.45472
-3.45396
-3.4532
-3.45351
-3.45336
-3.45245
-3.452
-3.45169
-3.45169
-3.45154
-3.45079
-3.44974
-3.44913
-3.44943
-3.45019
-3.44973
-3.45064
-3.45064
-3.45094
-3.4514
-3.4511
-3.45155
-3.45231
-3.452
-3.45154
-3.45154
-3.45321
-3.45426
-3.45427
-3.45427
-3.45382
-3.45351
-3.45412
-3.45351
-3.45336
-3.45366
-3.45336
-3.45276
-3.45291
-3.4514
-3.45155
-3.45065
-3.45125
-3.4511
-3.45125
-3.4514
-3.45155
-3.45246
-3.452
-3.45276
-3.45321
-3.45351
-3.45351
-3.45366
-3.45351
-3.45412
-3.45412
-3.45367
-3.45352
-3.45201
-3.45216
-3.45215
-3.45215
-3.45246
-3.45185
-3.45095
-3.45231
-3.45292
-3.45307
-3.45382
-3.45352
-3.45397
-3.45442
-3.45457
-3.45472
-3.45427
-3.45472
-3.45397
-3.45306
-3.45231
-3.45186
-3.45095
-3.45005
-3.4499
-3.44974
-3.44974
-3.44944
-3.44989
-3.44959
-3.44989
-3.44959
-3.44883
-3.44747
-3.44777
-3.44808
-3.44913
-3.44929
-3.44899
-3.44854
-3.44808
-3.44824
-3.44718
-3.44687
-3.44672
-3.44702
-3.44763
-3.44733
-3.44672
-3.44627
-3.44657
-3.44702
-3.44551
-3.44612
-3.44657
-3.44582
-3.44748
-3.44717
-3.44702
-3.44732
-3.44717
-3.44657
-3.44657
-3.44717
-3.44778
-3.44808
-3.44733
-3.44778
-3.44884
-3.44838
-3.44974
-3.44989
-3.45035
-3.45065
-3.45171
-3.45186
-3.45186
-3.45156
-3.45186
-3.45186
-3.45201
-3.45186
-3.45216
-3.45291
-3.45215
-3.45276
-3.45321
-3.45246
-3.45261
-3.45201
-3.45216
-3.45383
-3.45352
-3.45352
-3.45216
-3.45231
-3.45231
-3.45201
-3.4517
-3.45261
-3.45291
-3.45336
-3.45351
-3.45231
-3.45246
-3.45215
-3.45276
-3.45336
-3.45381
-3.45381
-3.45366
-3.45276
-3.45261
-3.45291
-3.45321
-3.45397
-3.45397
-3.45351
-3.45351
-3.45261
-3.45215
-3.4517
-3.45215
-3.452
-3.4517
-3.45124
-3.45155
-3.45185
-3.45155
-3.45079
-3.45094
-3.44958
-3.44837
-3.44807
-3.44867
-3.44852
-3.44913
-3.44973
-3.45049
-3.45019
-3.45094
-3.45109
-3.45064
-3.45109
-3.44973
-3.44912
-3.44958
-3.45018
-3.44958
-3.45079
-3.45215
-3.45275
-3.4526
-3.45109
-3.45169
-3.4526
-3.45275
-3.45351
-3.45351
-3.45381
-3.45457
-3.45426
-3.45471
-3.45396
-3.45396
-3.45471
-3.45411
-3.45321
-3.45381
-3.45381
-3.45366
-3.45321
-3.45396
-3.45381
-3.45335
-3.45381
-3.4529
-3.45291
-3.45412
-3.45457
-3.45457
-3.45532
-3.45593
-3.45638
-3.45638
-3.45653
-3.45577
-3.45622
-3.45637
-3.45592
-3.45502
-3.45502
-3.45533
-3.45487
-3.45472
-3.45442
-3.45517
-3.45472
-3.45487
-3.45517
-3.45547
-3.45592
-3.45532
-3.45501
-3.45532
-3.45547
-3.45396
-3.45351
-3.45487
-3.45472
-3.45426
-3.45366
-3.4526
-3.45321
-3.4529
-3.45351
-3.45275
-3.4529
-3.45229
-3.4526
-3.45139
-3.45275
-3.4529
-3.4529
-3.4526
-3.4532
-3.4529
-3.45169
-3.45124
-3.45229
-3.4526
-3.45275
-3.45245
-3.45185
-3.45275
-3.45335
-3.45365
-3.4535
-3.4532
-3.4523
-3.4529
-3.45245
-3.45199
-3.45199
-3.452
-3.45139
-3.45079
-3.45018
-3.45033
-3.45108
-3.45108
-3.45138
-3.45199
-3.452
-3.4517
-3.45155
-3.4526
-3.45124
-3.45154
-3.45215
-3.4529
-3.45214
-3.45259
-3.45153
-3.45229
-3.4535
-3.4532
-3.45244
-3.45229
-3.4532
-3.4535
-3.45335
-3.45245
-3.45245
-3.45169
-3.45094
-3.45139
-3.45275
-3.45229
-3.45199
-3.45199
-3.45184
-3.45078
-3.45093
-3.45003
-3.45063
-3.45108
-3.44957
-3.44942
-3.44897
-3.45002
-3.45018
-3.45048
-3.45033
-3.45063
-3.44958
-3.45003
-3.45018
-3.44988
-3.45124
-3.45169
-3.45154
-3.45093
-3.45078
-3.45123
-3.45199
-3.45229
-3.4526
-3.45199
-3.45275
-3.45259
-3.45274
-3.45395
-3.45486
-3.45561
-3.45501
-3.45501
-3.45426
-3.45396
-3.45366
-3.45396
-3.45411
-3.45336
-3.4523
-3.45094
-3.45139
-3.45154
-3.45138
-3.45138
-3.45153
-3.45244
-3.45304
-3.45304
-3.45335
-3.4532
-3.45396
-3.45426
-3.45426
-3.45592
-3.45547
-3.45562
-3.45562
-3.45456
-3.45441
-3.45396
-3.45381
-3.4532
-3.45229
-3.45274
-3.45259
-3.45199
-3.45244
-3.4529
-3.4532
-3.4532
-3.45275
-3.45441
-3.45456
-3.45441
-3.4538
-3.4532
-3.45259
-3.4529
-3.45215
-3.45215
-3.45169
-3.45139
-3.45139
-3.45184
-3.45169
-3.45154
-3.45033
-3.44973
-3.45063
-3.45094
-3.45124
-3.45169
-3.45154
-3.45245
-3.45184
-3.45305
-3.4532
-3.45381
-3.45426
-3.45472
-3.45427
-3.45396
-3.45305
-3.45366
-3.4526
-3.45169
-3.45048
-3.45018
-3.45033
-3.45169
-3.45245
-3.45381
-3.45426
-3.45396
-3.45381
-3.45366
-3.452
-3.45215
-3.45215
-3.4529
-3.4535
-3.4538
-3.45305
-3.45245
-3.45396
-3.45471
-3.45396
-3.45396
-3.4529
-3.45396
-3.45366
-3.4529
-3.45185
-3.45245
-3.45245
-3.4523
-3.45305
-3.45305
-3.45275
-3.4532
-3.45335
-3.45215
-3.45245
-3.45275
-3.45275
-3.45351
-3.4532
-3.4532
-3.45395
-3.45486
-3.45441
-3.45426
-3.45395
-3.45259
-3.45259
-3.45274
-3.45259
-3.45199
-3.45245
-3.45214
-3.45305
-3.4532
-3.4538
-3.45411
-3.45365
-3.4529
-3.4526
-3.45214
-3.45396
-3.45381
-3.45335
-3.4532
-3.45214
-3.45214
-3.45335
-3.4541
-3.45411
-3.45365
-3.45381
-3.45381
-3.45411
-3.45381
-3.45366
-3.45472
-3.45472
-3.45502
-3.45396
-3.45396
-3.4532
-3.45351
-3.45366
-3.45411
-3.45336
-3.45321
-3.45336
-3.45426
-3.45396
-3.45291
-3.45245
-3.45215
-3.4517
-3.45079
-3.45139
-3.45139
-3.45139
-3.45079
-3.4514
-3.4511
-3.4511
-3.45215
-3.4514
-3.4517
-3.4517
-3.452
-3.45246
-3.45246
-3.4523
-3.45366
-3.45411
-3.45351
-3.45305
-3.4529
-3.4526
-3.45291
-3.45336
-3.45337
-3.45291
-3.45397
-3.45457
-3.45427
-3.45457
-3.45472
-3.45518
-3.45442
-3.45518
-3.45548
-3.45503
-3.45472
-3.45517
-3.45532
-3.45502
-3.45456
-3.45472
-3.45517
-3.45503
-3.45397
-3.45442
-3.45488
-3.45488
-3.45457
-3.45487
-3.45457
-3.45351
-3.45397
-3.45336
-3.45336
-3.45381
-3.45427
-3.45412
-3.45382
-3.45352
-3.45321
-3.45321
-3.45351
-3.45336
-3.45276
-3.4526
-3.45276
-3.45366
-3.45487
-3.45442
-3.45397
-3.45397
-3.45397
-3.45427
-3.45337
-3.45352
-3.45261
-3.45246
-3.45291
-3.45245
-3.45154
-3.45215
-3.45169
-3.45124
-3.45125
-3.45155
-3.45216
-3.45291
-3.45397
-3.45367
-3.45307
-3.45321
-3.45367
-3.45351
-3.45215
-3.45185
-3.45185
-3.45291
-3.45261
-3.45276
-3.4517
-3.4511
-3.452
-3.45215
-3.45215
-3.45291
-3.45336
-3.45412
-3.45352
-3.45321
-3.45306
-3.45291
-3.45351
-3.45366
-3.45457
-3.45563
-3.45623
-3.45608
-3.45623
-3.45684
-3.45759
-3.45623
-3.45623
-3.45684
-3.45729
-3.45714
-3.45669
-3.45624
-3.45518
-3.45593
-3.45593
-3.45639
-3.45608
-3.45608
-3.45518
-3.45397
-3.45261
-3.45261
-3.45216
-3.45155
-3.45231
-3.45261
-3.45231
-3.45216
-3.45155
-3.45095
-3.4502
-3.44974
-3.4505
-3.4502
-3.4502
-3.44944
-3.44974
-3.44959
-3.45004
-3.45034
-3.45125
-3.4517
-3.4514
-3.4517
-3.4514
-3.45155
-3.45246
-3.45306
-3.45321
-3.452
-3.45125
-3.45034
-3.45095
-3.45035
-3.4502
-3.45095
-3.45126
-3.45095
-3.45095
-3.45035
-3.45065
-3.45019
-3.44989
-3.45049
-3.45004
-3.4505
-3.45019
-3.44974
-3.4505
-3.45155
-3.45201
-3.4514
-3.45186
-3.45277
-3.45382
-3.45337
-3.45276
-3.45276
-3.45291
-3.45321
-3.45291
-3.45276
-3.45336
-3.45412
-3.45473
-3.45503
-3.45518
-3.45548
-3.45533
-3.45488
-3.45457
-3.45533
-3.45548
-3.45533
-3.45533
-3.45518
-3.45488
-3.45367
-3.45382
-3.45321
-3.45321
-3.45321
-3.45397
-3.45352
-3.45397
-3.45503
-3.45533
-3.45503
-3.45578
-3.45488
-3.45382
-3.45292
-3.45156
-3.45216
-3.45201
-3.452
-3.452
-3.4517
-3.4529
-3.4532
-3.45472
-3.45502
-3.45578
-3.45669
-3.45593
-3.45533
-3.45518
-3.45638
-3.45699
-3.45714
-3.45669
-3.45638
-3.45593
-3.45593
-3.45623
-3.45563
-3.45533
-3.45578
-3.45472
-3.45517
-3.45397
-3.45366
-3.45396
-3.45306
-3.45336
-3.45351
-3.45411
-3.45457
-3.45381
-3.45291
-3.45321
-3.45306
-3.45276
-3.45276
-3.45245
-3.45336
-3.45351
-3.45367
-3.45336
-3.45321
-3.45291
-3.45306
-3.45366
-3.45397
-3.45412
-3.45502
-3.45533
-3.45669
-3.45729
-3.4582
-3.45775
-3.45835
-3.45835
-3.4576
-3.45835
-3.45805
-3.45759
-3.45804
-3.45683
-3.45759
-3.45835
-3.45805
-3.4579
-3.45865
-3.4579
-3.45714
-3.45623
-3.45714
-3.45608
-3.45533
-3.45517
-3.45548
-3.45669
-3.45744
-3.45729
-3.4582
-3.45865
-3.45804
-3.45774
-3.45683
-3.45623
-3.45608
-3.45473
-3.45473
-3.45443
-3.45413
-3.45443
-3.45442
-3.45457
-3.45532
-3.45623
-3.45487
-3.45472
-3.45291
-3.45427
-3.45276
-3.45201
-3.45171
-3.45246
-3.45261
-3.45231
-3.45276
-3.45276
-3.45215
-3.45275
-3.45094
-3.45094
-3.45064
-3.45034
-3.45034
-3.45095
-3.45095
-3.45035
-3.45004
-3.45019
-3.44989
-3.45019
-3.44989
-3.45064
-3.4517
-3.45201
-3.45276
-3.45306
-3.45291
-3.45321
-3.45442
-3.45443
-3.45382
-3.45216
-3.45231
-3.45292
-3.45246
-3.45367
-3.45458
-3.45503
-3.45533
-3.45518
-3.45548
-3.45502
-3.45532
-3.45396
-3.45381
-3.45397
-3.45412
-3.45458
-3.45458
-3.45518
-3.45548
-3.45608
-3.45593
-3.45623
-3.45699
-3.45654
-3.45699
-3.45639
-3.45609
-3.45564
-3.45533
-3.45563
-3.45593
-3.45638
-3.45669
-3.45624
-3.45684
-3.45669
-3.45472
-3.45472
-3.45638
-3.45714
-3.45805
-3.45866
-3.45911
-3.45987
-3.45881
-3.4585
-3.45911
-3.45926
-3.45926
-3.45896
-3.45881
-3.45835
-3.45775
-3.4579
-3.45866
-3.45805
-3.45865
-3.45956
-3.4588
-3.45865
-3.45895
-3.45941
-3.45956
-3.45971
-3.45986
-3.45971
-3.45881
-3.45866
-3.45866
-3.4579
-3.45805
-3.45805
-3.45714
-3.45699
-3.45759
-3.4579
-3.45699
-3.4573
-3.45775
-3.45684
-3.45699
-3.45775
-3.45608
-3.45563
-3.45488
-3.45518
-3.45564
-3.45534
-3.45504
-3.45428
-3.45443
-3.45367
-3.45458
-3.45397
-3.45367
-3.45367
-3.45427
-3.45518
-3.45609
-3.45609
-3.45594
-3.45624
-3.45654
-3.45624
-3.45669
-3.45624
-3.45684
-3.4573
-3.45684
-3.45654
-3.45578
-3.45487
-3.45487
-3.45533
-3.45457
-3.45472
-3.45517
-3.45593
-3.45578
-3.45547
-3.45548
-3.45563
-3.45608
-3.45669
-3.45669
-3.45729
-3.45729
-3.45729
-3.4585
-3.45895
-3.4585
-3.45864
-3.45744
-3.45759
-3.45729
-3.45623
-3.45639
-3.45714
-3.45639
-3.45608
-3.45548
-3.45503
-3.45518
-3.45593
-3.45593
-3.45578
-3.45472
-3.45396
-3.45487
-3.45442
-3.45381
-3.45306
-3.4517
-3.45065
-3.4508
-3.45171
-3.45005
-3.44974
-3.44944
-3.44837
-3.44852
-3.44762
-3.44777
-3.44732
-3.44702
-3.44747
-3.44792
-3.44777
-3.44838
-3.44838
-3.44883
-3.44853
-3.44929
-3.45019
-3.45034
-3.45064
-3.45064
-3.45004
-3.45049
-3.45079
-3.4511
-3.45095
-3.44974
-3.45034
-3.4511
-3.45186
-3.45125
-3.45155
-3.45245
-3.45306
-3.45291
-3.45321
-3.45336
-3.45306
-3.45321
-3.45215
-3.45381
-3.45336
-3.45472
-3.45472
-3.45487
-3.45457
-3.45442
-3.45412
-3.45381
-3.45291
-3.45275
-3.4529
-3.45245
-3.45351
-3.45216
-3.45216
-3.45141
-3.45186
-3.45231
-3.4514
-3.4508
-3.4517
-3.45155
-3.4511
-3.45019
-3.45034
-3.45034
-3.45094
-3.4511
-3.4511
-3.45125
-3.45216
-3.45306
-3.45261
-3.45276
-3.45245
-3.45109
-3.4517
-3.45201
-3.45155
-3.45261
-3.45276
-3.45215
-3.45245
-3.45275
-3.45321
-3.45276
-3.45231
-3.45322
-3.45397
-3.45352
-3.45382
-3.45518
-3.45593
-3.45442
-3.45442
-3.45457
-3.45502
-3.45397
-3.45442
-3.45412
-3.45427
-3.45291
-3.45336
-3.45231
-3.4508
-3.45095
-3.45095
-3.4511
-3.45125
-3.45141
-3.45156
-3.45216
-3.4511
-3.45155
-3.45169
-3.45245
-3.45275
-3.45411
-3.45518
-3.45382
-3.45488
-3.45548
-3.45488
-3.45669
-3.45503
-3.45503
-3.45548
-3.45533
-3.45458
-3.45488
-3.45488
-3.45488
-3.45518
-3.45427
-3.45366
-3.45275
-3.45124
-3.45079
-3.4511
-3.45216
-3.45216
-3.45201
-3.45262
-3.45246
-3.45171
-3.45201
-3.45246
-3.45276
-3.45261
-3.45201
-3.45231
-3.45291
-3.45306
-3.45397
-3.45276
-3.45231
-3.45276
-3.45215
-3.4526
-3.45306
-3.45336
-3.45366
-3.45306
-3.45307
-3.45201
-3.45216
-3.4508
-3.45095
-3.45095
-3.45064
-3.45034
-3.44989
-3.44959
-3.44944
-3.4502
-3.45156
-3.45035
-3.4499
-3.4502
-3.45155
-3.45185
-3.452
-3.452
-3.4523
-3.45215
-3.4523
-3.45276
-3.45291
-3.45291
-3.4514
-3.45065
-3.4499
-3.44914
-3.45005
-3.44929
-3.44899
-3.44838
-3.44717
-3.44808
-3.44898
-3.45079
-3.45034
-3.45064
-3.4511
-3.45064
-3.45034
-3.45065
-3.44929
-3.44944
-3.4508
-3.45035
-3.45005
-3.45156
-3.4511
-3.4508
-3.45034
-3.45109
-3.4517
-3.452
-3.4514
-3.4511
-3.4508
-3.4511
-3.45171
-3.45201
-3.45201
-3.45322
-3.45277
-3.45322
-3.45382
-3.45382
-3.45306
-3.45306
-3.45306
-3.4526
-3.45291
-3.45246
-3.45246
-3.45231
-3.45261
-3.45156
-3.45185
-3.45245
-3.45215
-3.452
-3.45155
-3.4511
-3.45065
-3.45065
-3.45035
-3.45004
-3.45125
-3.45171
-3.45216
-3.45231
-3.45185
-3.45095
-3.4514
-3.45185
-3.4517
-3.4523
-3.45215
-3.45215
-3.4523
-3.45185
-3.45125
-3.45079
-3.45034
-3.45049
-3.45064
-3.45034
-3.45064
-3.4508
-3.4514
-3.45049
-3.45064
-3.4514
-3.4511
-3.4514
-3.4514
-3.45125
-3.45201
-3.45246
-3.45351
-3.45336
-3.45306
-3.45291
-3.45291
-3.45246
-3.45276
-3.45381
-3.45472
-3.45382
-3.45503
-3.45488
-3.45533
-3.45533
-3.45564
-3.45548
-3.45518
-3.45442
-3.45397
-3.45457
-3.45397
-3.45336
-3.45366
-3.45396
-3.45306
-3.45291
-3.45321
-3.45231
-3.4514
-3.45095
-3.45246
-3.4511
-3.45065
-3.4505
-3.45125
-3.45216
-3.45291
-3.45276
-3.45156
-3.45216
-3.45125
-3.45171
-3.45171
-3.45216
-3.45185
-3.4526
-3.45215
-3.45139
-3.45079
-3.45125
-3.45065
-3.45111
-3.45035
-3.45126
-3.4502
-3.4511
-3.4514
-3.4514
-3.4511
-3.45095
-3.45034
-3.45049
-3.44974
-3.45019
-3.45065
-3.45111
-3.45111
-3.45081
-3.45036
-3.45081
-3.45186
-3.45185
-3.452
-3.45306
-3.45366
-3.45261
-3.45291
-3.45186
-3.45171
-3.45201
-3.45246
-3.45216
-3.45095
-3.45005
-3.44975
-3.45035
-3.45126
-3.4511
-3.45155
-3.45231
-3.452
-3.4523
-3.4514
-3.45215
-3.452
-3.45125
-3.45095
-3.4508
-3.45035
-3.45065
-3.45126
-3.4511
-3.45201
-3.45186
-3.45216
-3.45277
-3.45171
-3.45231
-3.45262
-3.45171
-3.4505
-3.45095
-3.45004
-3.44868
-3.44853
-3.44853
-3.44943
-3.44717
-3.44732
-3.44808
-3.44869
-3.44869
-3.44959
-3.4502
-3.45095
-3.45065
-3.45201
-3.45276
-3.45276
-3.45442
-3.45427
-3.45458
-3.45382
-3.45488
-3.45413
-3.45413
-3.45458
-3.45518
-3.45443
-3.45473
-3.45442
-3.45397
-3.45382
-3.45322
-3.45413
-3.45383
-3.45292
-3.45337
-3.45336
-3.45427
-3.45382
-3.45261
-3.4517
-3.45276
-3.4511
-3.45065
-3.45004
-3.45065
-3.4511
-3.45065
-3.45065
-3.44975
-3.44944
-3.4511
-3.45065
-3.4508
-3.4514
-3.45276
-3.45246
-3.45397
-3.45307
-3.45291
-3.45291
-3.45397
-3.45427
-3.45548
-3.45579
-3.45563
-3.45412
-3.45382
-3.45427
-3.45426
-3.45472
-3.45533
-3.45579
-3.45549
-3.45579
-3.45504
-3.45503
-3.45412
-3.45442
-3.45427
-3.45366
-3.45351
-3.45336
-3.45351
-3.45321
-3.45352
-3.45352
-3.45352
-3.45412
-3.45442
-3.45533
-3.45563
-3.45578
-3.45518
-3.45427
-3.45412
-3.45412
-3.45382
-3.45367
-3.45307
-3.45291
-3.45276
-3.45382
-3.45397
-3.45427
-3.45472
-3.45517
-3.45548
-3.45669
-3.45623
-3.45623
-3.45669
-3.45729
-3.45774
-3.4588
-3.45774
-3.45805
-3.4582
-3.45835
-3.45805
-3.45729
-3.45699
-3.45579
-3.45503
-3.45473
-3.45427
-3.45457
-3.45412
-3.45397
-3.45381
-3.45276
-3.45321
-3.45307
-3.45337
-3.45307
-3.45367
-3.45321
-3.4523
-3.45306
-3.45321
-3.4523
-3.45215
-3.45245
-3.4523
-3.45201
-3.4514
-3.45156
-3.45307
-3.45292
-3.45291
-3.45352
-3.45276
-3.45336
-3.45352
-3.45337
-3.45337
-3.45443
-3.45473
-3.45503
-3.45473
-3.45518
-3.45533
-3.45472
-3.45427
-3.45321
-3.45307
-3.45247
-3.45262
-3.45247
-3.45141
-3.45156
-3.45125
-3.45125
-3.45215
-3.45185
-3.452
-3.45215
-3.45246
-3.4514
-3.45186
-3.45232
-3.45307
-3.45307
-3.45383
-3.45443
-3.45382
-3.45337
-3.45292
-3.45262
-3.45262
-3.45262
-3.45232
-3.45307
-3.45337
-3.45216
-3.4517
-3.452
-3.452
-3.45337
-3.45352
-3.45292
-3.45171
-3.45247
-3.45247
-3.45322
-3.45262
-3.45171
-3.45201
-3.4505
-3.45125
-3.45019
-3.44974
-3.44929
-3.44914
-3.44914
-3.45005
-3.44945
-3.44824
-3.44763
-3.44839
-3.44899
-3.44884
-3.44839
-3.44823
-3.44808
-3.44884
-3.44839
-3.4493
-3.44975
-3.45005
-3.45065
-3.4508
-3.4508
-3.45005
-3.4502
-3.45005
-3.4499
-3.45035
-3.44975
-3.44929
-3.44899
-3.44929
-3.44914
-3.44839
-3.44839
-3.44869
-3.44884
-3.44899
-3.44869
-3.44929
-3.44899
-3.44899
-3.44959
-3.45035
-3.4502
-3.4502
-3.4499
-3.4502
-3.4502
-3.45126
-3.45096
-3.45035
-3.4502
-3.4496
-3.4502
-3.45066
-3.4505
-3.44975
-3.44929
-3.44929
-3.44929
-3.44945
-3.44869
-3.44718
-3.44748
-3.44763
-3.44884
-3.44944
-3.44823
-3.44823
-3.44854
-3.44793
-3.44688
-3.44748
-3.44643
-3.44567
-3.44597
-3.44642
-3.44642
-3.44733
-3.44838
-3.44899
-3.44929
-3.44959
-3.44974
-3.45004
-3.44959
-3.44944
-3.44975
-3.4499
-3.44899
-3.45005
-3.4499
-3.45065
-3.45095
-3.45035
-3.44945
-3.4496
-3.44945
-3.44945
-3.44778
-3.44839
-3.44778
-3.44733
-3.44793
-3.44687
-3.44718
-3.44748
-3.44839
-3.44808
-3.44793
-3.44808
-3.44808
-3.44854
-3.44989
-3.44974
-3.45064
-3.45049
-3.45065
-3.45111
-3.45081
-3.45051
-3.45036
-3.45036
-3.45005
-3.45005
-3.4496
-3.44959
-3.44884
-3.44839
-3.44869
-3.44869
-3.44854
-3.44975
-3.4502
-3.4493
-3.44945
-3.45066
-3.45141
-3.45156
-3.45217
-3.45126
-3.45141
-3.45171
-3.45035
-3.45005
-3.45081
-3.4505
-3.4496
-3.44899
-3.44854
-3.44854
-3.44854
-3.44869
-3.4493
-3.449
-3.44885
-3.45036
-3.45081
-3.45126
-3.4511
-3.45156
-3.45141
-3.45202
-3.45081
-3.45006
-3.45021
-3.44975
-3.44975
-3.44945
-3.45066
-3.4502
-3.45111
-3.45081
-3.45171
-3.45141
-3.45156
-3.45171
-3.45126
-3.45096
-3.45081
-3.45066
-3.4493
-3.4493
-3.44914
-3.44945
-3.44975
-3.44975
-3.44944
-3.45035
-3.45005
-3.45051
-3.45081
-3.45111
-3.45111
-3.45232
-3.45171
-3.45065
-3.45081
-3.45081
-3.44915
-3.45005
-3.44944
-3.45005
-3.44929
-3.44838
-3.44808
-3.44838
-3.44703
-3.44627
-3.44763
-3.44794
-3.44779
-3.44779
-3.44703
-3.44748
-3.44748
-3.44778
-3.44793
-3.44854
-3.44869
-3.44869
-3.44869
-3.44854
-3.44839
-3.44869
-3.44733
-3.44793
-3.44793
-3.44929
-3.4499
-3.45005
-3.4499
-3.44945
-3.44945
-3.44975
-3.4499
-3.4505
-3.45141
-3.4511
-3.45292
-3.45322
-3.45201
-3.45231
-3.45246
-3.45277
-3.45247
-3.45353
-3.45443
-3.45489
-3.45519
-3.45488
-3.45443
-3.45473
-3.45428
-3.45443
-3.45367
-3.45337
-3.45367
-3.45443
-3.45473
-3.45443
-3.45353
-3.45353
-3.45322
-3.45307
-3.45292
-3.45291
-3.45321
-3.45261
-3.45337
-3.45307
-3.45292
-3.45217
-3.45217
-3.45323
-3.45338
-3.45353
-3.45307
-3.45353
-3.45337
-3.45322
-3.45352
-3.45458
-3.45428
-3.45383
-3.45428
-3.45383
-3.45488
-3.45503
-3.45413
-3.45413
-3.45428
-3.45458
-3.45534
-3.45534
-3.45519
-3.45534
-3.45594
-3.45594
-3.45504
-3.45458
-3.45413
-3.45458
-3.45368
-3.45352
-3.45428
-3.45443
-3.45428
-3.45367
-3.45473
-3.45473
-3.45398
-3.45338
-3.45383
-3.45383
-3.45458
-3.45519
-3.45549
-3.45594
-3.45594
-3.45504
-3.45564
-3.4561
-3.45685
-3.45731
-3.45746
-3.45685
-3.4573
-3.457
-3.4579
-3.45745
-3.45609
-3.45548
-3.45534
-3.45489
-3.45444
-3.45308
-3.45323
-3.45308
-3.45202
-3.45111
-3.45021
-3.45111
-3.45141
-3.45051
-3.45126
-3.45126
-3.4502
-3.45096
-3.45051
-3.44975
-3.4487
-3.44855
-3.4481
-3.44825
-3.4493
-3.45081
-3.45051
-3.45035
-3.44975
-3.44975
-3.4493
-3.449
-3.449
-3.44991
-3.45082
-3.45142
-3.45127
-3.45142
-3.45142
-3.45142
-3.45172
-3.45203
-3.45248
-3.45263
-3.45233
-3.45414
-3.45338
-3.45323
-3.45217
-3.45248
-3.45217
-3.45217
-3.45232
-3.45142
-3.45096
-3.45051
-3.45111
-3.45096
-3.45111
-3.45066
-3.45142
-3.45247
-3.45323
-3.45323
-3.45293
-3.45217
-3.45263
-3.45157
-3.45111
-3.45081
-3.45021
-3.45006
-3.4493
-3.4502
-3.45066
-3.44975
-3.44915
-3.44854
-3.44824
-3.44719
-3.44749
-3.44764
-3.44704
-3.44749
-3.44718
-3.44628
-3.44613
-3.44688
-3.44688
-3.44704
-3.44794
-3.44794
-3.44915
-3.44885
-3.4493
-3.4493
-3.449
-3.45021
-3.449
-3.44885
-3.44915
-3.4496
-3.44915
-3.44945
-3.44975
-3.45005
-3.45005
-3.4499
-3.45081
-3.44991
-3.45006
-3.44991
-3.45081
-3.45081
-3.45202
-3.45187
-3.45202
-3.45247
-3.45216
-3.45232
-3.45262
-3.45262
-3.45126
-3.45187
-3.45172
-3.45066
-3.45111
-3.45126
-3.45202
-3.45277
-3.45217
-3.45157
-3.45157
-3.45142
-3.45036
-3.45066
-3.45202
-3.45232
-3.45217
-3.45171
-3.45141
-3.45172
-3.45232
-3.45262
-3.45217
-3.45126
-3.45216
-3.4511
-3.45186
-3.45171
-3.45111
-3.45111
-3.45005
-3.45021
-3.45021
-3.45066
-3.45021
-3.44991
-3.45051
-3.45005
-3.45126
-3.45201
-3.45262
-3.45247
-3.45247
-3.45247
-3.45338
-3.45353
-3.45428
-3.45474
-3.45565
-3.45459
-3.45413
-3.45504
-3.45443
-3.45428
-3.45413
-3.45413
-3.45368
-3.45278
-3.45308
-3.45308
-3.45248
-3.45338
-3.45474
-3.45413
-3.45459
-3.45534
-3.45443
-3.45458
-3.45458
-3.45488
-3.45488
-3.45413
-3.45444
-3.45459
-3.45384
-3.45429
-3.45535
-3.45429
-3.45413
-3.45443
-3.45503
-3.45413
-3.45307
-3.45308
-3.45262
-3.45323
-3.45247
-3.45277
-3.45247
-3.45156
-3.4499
-3.45141
-3.45201
-3.45141
-3.45141
-3.45095
-3.45065
-3.45081
-3.45126
-3.45111
-3.45081
-3.45065
-3.45065
-3.4505
-3.4502
-3.4502
-3.45065
-3.45065
-3.45065
-3.4508
-3.45126
-3.45065
-3.45065
-3.45051
-3.45096
-3.45036
-3.4502
-3.45065
-3.45065
-3.44929
-3.44898
-3.44913
-3.44898
-3.44898
-3.44899
-3.44944
-3.44945
-3.44945
-3.45006
-3.45051
-3.45141
-3.45156
-3.45262
-3.45337
-3.45291
-3.45337
-3.45337
-3.45412
-3.45367
-3.45382
-3.45367
-3.45473
-3.45488
-3.45549
-3.45534
-3.45549
-3.45488
-3.45578
-3.45548
-3.45669
-3.45699
-3.45669
-3.45563
-3.45533
-3.45624
-3.45594
-3.45549
-3.45458
-3.45413
-3.45413
-3.45443
-3.45367
-3.45503
-3.45548
-3.45533
-3.45518
-3.45518
-3.45563
-3.45488
-3.45518
-3.45548
-3.45503
-3.45458
-3.45518
-3.45564
-3.45564
-3.45578
-3.45427
-3.45548
-3.45623
-3.45578
-3.45487
-3.45488
-3.45533
-3.45533
-3.45594
-3.45488
-3.45473
-3.45458
-3.45427
-3.45397
-3.45397
-3.45396
-3.45366
-3.45412
-3.45306
-3.45277
-3.45201
-3.45216
-3.45216
-3.45216
-3.45171
-3.45201
-3.45185
-3.4517
-3.45231
-3.45276
-3.45276
-3.45291
-3.45291
-3.45306
-3.45367
-3.45382
-3.45367
-3.45397
-3.45307
-3.45156
-3.4508
-3.44944
-3.44944
-3.44853
-3.44853
-3.44823
-3.44823
-3.44853
-3.44944
-3.44929
-3.44929
-3.44944
-3.44884
-3.44838
-3.44823
-3.44944
-3.44974
-3.44959
-3.4502
-3.45019
-3.4511
-3.4511
-3.4517
-3.4523
-3.45246
-3.45276
-3.45306
-3.45382
-3.45367
-3.45397
-3.45397
-3.45291
-3.45261
-3.45201
-3.45321
-3.45397
-3.45336
-3.45337
-3.45397
-3.45443
-3.45458
-3.45564
-3.45458
-3.45443
-3.45382
-3.45428
-3.45443
-3.45458
-3.45443
-3.45413
-3.45549
-3.45654
-3.45609
-3.45382
-3.45473
-3.45427
-3.45412
-3.45321
-3.45457
-3.45442
-3.45518
-3.45548
-3.45503
-3.45503
-3.45533
-3.45533
-3.45549
-3.45594
-3.45488
-3.45488
-3.45428
-3.45443
-3.45427
-3.45382
-3.45442
-3.45397
-3.45442
-3.45366
-3.45381
-3.45427
-3.45397
-3.45322
-3.45337
-3.45262
-3.45307
-3.45292
-3.45231
-3.45231
-3.45186
-3.4511
-3.452
-3.4511
-3.4514
-3.44974
-3.44898
-3.44944
-3.45065
-3.4508
-3.4514
-3.45186
-3.45156
-3.4514
-3.4505
-3.45034
-3.4505
-3.44944
-3.44944
-3.44989
-3.4511
-3.45095
-3.4505
-3.4505
-3.45035
-3.4505
-3.4505
-3.45005
-3.44975
-3.45081
-3.45035
-3.45156
-3.45201
-3.45261
-3.45397
-3.45382
-3.45367
-3.45367
-3.45367
-3.45413
-3.45277
-3.45292
-3.45247
-3.45217
-3.45187
-3.45202
-3.45111
-3.45156
-3.45277
-3.45141
-3.45141
-3.45171
-3.45201
-3.45231
-3.45231
-3.45216
-3.45216
-3.45171
-3.45247
-3.45307
-3.45262
-3.45247
-3.45232
-3.45171
-3.45247
-3.45186
-3.45261
-3.45307
-3.45291
-3.45292
-3.45322
-3.45201
-3.45171
-3.45156
-3.45216
-3.45141
-3.4505
-3.45141
-3.45216
-3.45261
-3.45186
-3.45156
-3.45126
-3.45126
-3.45126
-3.45111
-3.45035
-3.45035
-3.4502
-3.44839
-3.44915
-3.44809
-3.44839
-3.44944
-3.44853
-3.44823
-3.44914
-3.44989
-3.44944
-3.44914
-3.45051
-3.44945
-3.45021
-3.45021
-3.4502
-3.45081
-3.44959
-3.44914
-3.44883
-3.44944
-3.44974
-3.4511
-3.45125
-3.45171
-3.45081
-3.45111
-3.45217
-3.45308
-3.45292
-3.45171
-3.45171
-3.45216
-3.45201
-3.45216
-3.45367
-3.45367
-3.45367
-3.45261
-3.45321
-3.45367
-3.45443
-3.45398
-3.45338
-3.45323
-3.45323
-3.45232
-3.45186
-3.45201
-3.45337
-3.45367
-3.45382
-3.45382
-3.45443
-3.45442
-3.45412
-3.45382
-3.45382
-3.45488
-3.45442
-3.45337
-3.45261
-3.45352
-3.45307
-3.45383
-3.45368
-3.45383
-3.45367
-3.45277
-3.45216
-3.4514
-3.4511
-3.45201
-3.45186
-3.45155
-3.4511
-3.4514
-3.45125
-3.45186
-3.45261
-3.45307
-3.45427
-3.45367
-3.45367
-3.45352
-3.45443
-3.45428
-3.45368
-3.45413
-3.45458
-3.45367
-3.45337
-3.45306
-3.45291
-3.45231
-3.45261
-3.45231
-3.45337
-3.45337
-3.45247
-3.45262
-3.45367
-3.45503
-3.45594
-3.45549
-3.45654
-3.45654
-3.45715
-3.4576
-3.45745
-3.4573
-3.45866
-3.45941
-3.45987
-3.45881
-3.45805
-3.45775
-3.45805
-3.45835
-3.4573
-3.45609
-3.45624
-3.45594
-3.45564
-3.45503
-3.45579
-3.45534
-3.45519
-3.45564
-3.45489
-3.45534
-3.45594
-3.45458
-3.45262
-3.45201
-3.45141
-3.45156
-3.4511
-3.45186
-3.45156
-3.45065
-3.4505
-3.4499
-3.4496
-3.45035
-3.44945
-3.44945
-3.4493
-3.44884
-3.44975
-3.4493
-3.44869
-3.44929
-3.44869
-3.44884
-3.44929
-3.44899
-3.4499
-3.45035
-3.45005
-3.4499
-3.44959
-3.44989
-3.44914
-3.4496
-3.4499
-3.4502
-3.45005
-3.44944
-3.45035
-3.44974
-3.45065
-3.4505
-3.45065
-3.45111
-3.45201
-3.45232
-3.45171
-3.45126
-3.45081
-3.45156
-3.45201
-3.45171
-3.45141
-3.45262
-3.45216
-3.45231
-3.45216
-3.45171
-3.45141
-3.4511
-3.4508
-3.4502
-3.45065
-3.45216
-3.45232
-3.45171
-3.45171
-3.45307
-3.45186
-3.45217
-3.45247
-3.45277
-3.45398
-3.45474
-3.45429
-3.45474
-3.45459
-3.4552
-3.4555
-3.45534
-3.45564
-3.45624
-3.45655
-3.4573
-3.45625
-3.4558
-3.45429
-3.45474
-3.4552
-3.45656
-3.45685
-3.4573
-3.45715
-3.45624
-3.45564
-3.45534
-3.45443
-3.45323
-3.45292
-3.45217
-3.45262
-3.45232
-3.45248
-3.45233
-3.45248
-3.45157
-3.45142
-3.45157
-3.45247
-3.45217
-3.45157
-3.45111
-3.45187
-3.45338
-3.45353
-3.45247
-3.45217
-3.45157
-3.45142
-3.45157
-3.45203
-3.45203
-3.45173
-3.45112
-3.45202
-3.45127
-3.45217
-3.45202
-3.45262
-3.45247
-3.45157
-3.45157
-3.45172
-3.45218
-3.45248
-3.45293
-3.45308
-3.45278
-3.45157
-3.45203
-3.45127
-3.45127
-3.45036
-3.45006
-3.45006
-3.45066
-3.45021
-3.45097
-3.45082
-3.4493
-3.44885
-3.44961
-3.45081
-3.44991
-3.45066
-3.44991
-3.45066
-3.44961
-3.44976
-3.45066
-3.45066
-3.45021
-3.45097
-3.45172
-3.45187
-3.45218
-3.45263
-3.45339
-3.4549
-3.4552
-3.45429
-3.45369
-3.45475
-3.45535
-3.45474
-3.4555
-3.45535
-3.4555
-3.45625
-3.45535
-3.4555
-3.45565
-3.45535
-3.4552
-3.45459
-3.4552
-3.4549
-3.4555
-3.45595
-3.4561
-3.4561
-3.45535
-3.45414
-3.45308
-3.45399
-3.45414
-3.45339
-3.45263
-3.45233
-3.45308
-3.45263
-3.45187
-3.45277
-3.45322
-3.45202
-3.45262
-3.45323
-3.45308
-3.45338
-3.45444
-3.45474
-3.4555
-3.4555
-3.4555
-3.4558
-3.4558
-3.45611
-3.45671
-3.45777
-3.45747
-3.45656
-3.45656
-3.45686
-3.45731
-3.45655
-3.45595
-3.4564
-3.45685
-3.4564
-3.45474
-3.45399
-3.45414
-3.45475
-3.4543
-3.4549
-3.45445
-3.45384
-3.45445
-3.4552
-3.4543
-3.45339
-3.45263
-3.45278
-3.45354
-3.45217
-3.45232
-3.45278
-3.45247
-3.45187
-3.45172
-3.45203
-3.45233
-3.45128
-3.45128
-3.45067
-3.45037
-3.45052
-3.45097
-3.44976
-3.45036
-3.45006
-3.44975
-3.449
-3.44915
-3.44961
-3.45037
-3.44991
-3.45037
-3.45006
-3.45006
-3.44991
-3.45006
-3.45112
-3.45037
-3.45067
-3.45067
-3.45006
-3.44991
-3.45036
-3.44991
-3.44915
-3.44869
-3.44809
-3.44734
-3.44704
-3.44825
-3.44946
-3.45006
-3.45067
-3.45082
-3.45097
-3.45082
-3.45097
-3.45157
-3.45217
-3.45202
-3.45368
-3.45474
-3.45535
-3.45474
-3.45474
-3.45595
-3.45595
-3.4552
-3.4549
-3.45445
-3.45399
-3.4552
-3.45444
-3.45489
-3.45595
-3.45686
-3.4564
-3.4552
-3.4552
-3.45565
-3.4555
-3.45625
-3.4555
-3.45474
-3.45505
-3.45474
-3.45399
-3.45324
-3.45369
-3.45324
-3.45309
-3.45293
-3.45323
-3.45293
-3.45172
-3.45202
-3.45277
-3.45187
-3.45233
-3.45218
-3.45097
-3.45173
-3.45098
-3.45082
-3.45006
-3.44946
-3.44975
-3.44945
-3.4496
-3.44961
-3.44916
-3.44871
-3.44916
-3.45097
-3.45082
-3.45127
-3.45157
-3.45097
-3.45066
-3.45051
-3.45021
-3.44976
-3.45051
-3.45036
-3.44991
-3.45021
-3.45066
-3.45006
-3.44991
-3.45036
-3.45097
-3.45187
-3.45157
-3.45294
-3.45279
-3.45279
-3.45324
-3.45339
-3.45429
-3.45384
-3.45323
-3.45338
-3.45263
-3.45293
-3.45218
-3.45249
-3.45234
-3.45204
-3.45113
-3.45173
-3.45098
-3.45082
-3.45157
-3.45082
-3.45112
-3.45097
-3.45067
-3.45022
-3.45037
-3.45097
-3.45158
-3.45143
-3.45203
-3.45128
-3.45083
-3.45052
-3.45067
-3.44976
-3.44991
-3.44991
-3.44946
-3.44841
-3.44841
-3.44795
-3.4472
-3.4472
-3.4475
-3.44811
-3.44947
-3.45068
-3.45128
-3.45098
-3.45082
-3.45128
-3.45233
-3.45248
-3.45248
-3.45248
-3.45309
-3.45294
-3.4537
-3.45445
-3.45491
-3.45491
-3.45521
-3.45476
-3.45445
-3.45415
-3.45415
-3.4543
-3.45355
-3.4537
-3.45339
-3.45264
-3.45219
-3.45279
-3.4531
-3.45325
-3.45309
-3.45325
-3.45279
-3.4537
-3.4525
-3.45235
-3.45234
-3.4534
-3.45415
-3.45521
-3.45626
-3.45551
-3.45581
-3.45551
-3.45612
-3.45581
-3.45566
-3.45597
-3.45551
-3.45551
-3.45536
-3.45536
-3.45627
-3.45506
-3.45324
-3.454
-3.45475
-3.45521
-3.45536
-3.4543
-3.45476
-3.45461
-3.4537
-3.45309
-3.45309
-3.45279
-3.45203
-3.45234
-3.45173
-3.45068
-3.45158
-3.45204
-3.45204
-3.45249
-3.45219
-3.45294
-3.45264
-3.45324
-3.45551
-3.45551
-3.45597
-3.45657
-3.45672
-3.45611
-3.45687
-3.45747
-3.45641
-3.45626
-3.45612
-3.45476
-3.4537
-3.45325
-3.45324
-3.45279
-3.45294
-3.4546
-3.4549
-3.45445
-3.45339
-3.45294
-3.45354
-3.4543
-3.45309
-3.45218
-3.45203
-3.45188
-3.45173
-3.45309
-3.45294
-3.45309
-3.45294
-3.45264
-3.45218
-3.45128
-3.45097
-3.45022
-3.45022
-3.45098
-3.45037
-3.45173
-3.45158
-3.45037
-3.45037
-3.45067
-3.45173
-3.45218
-3.45082
-3.45052
-3.45022
-3.45037
-3.44977
-3.44992
-3.44932
-3.44856
-3.44811
-3.44826
-3.4472
-3.44765
-3.44795
-3.44855
-3.44961
-3.44961
-3.44977
-3.45037
-3.45098
-3.45158
-3.45083
-3.45204
-3.45204
-3.45309
-3.45309
-3.45264
-3.45263
-3.45293
-3.45323
-3.45354
-3.4543
-3.45384
-3.45264
-3.45385
-3.45355
-3.45491
-3.45445
-3.4543
-3.4546
-3.4546
-3.45415
-3.45551
-3.45672
-3.45687
-3.45762
-3.45777
-3.45822
-3.45928
-3.45868
-3.45777
-3.45853
-3.45808
-3.45717
-3.45656
-3.4546
-3.45369
-3.45279
-3.45339
-3.45309
-3.45264
-3.45339
-3.45369
-3.45309
-3.45369
-3.45384
-3.45339
-3.45263
-3.45218
-3.45188
-3.45203
-3.45384
-3.45399
-3.45475
-3.45429
-3.4546
-3.45445
-3.45445
-3.45566
-3.45506
-3.4537
-3.45339
-3.45294
-3.45399
-3.45369
-3.45324
-3.45385
-3.45415
-3.45385
-3.45415
-3.45506
-3.4549
-3.45521
-3.4552
-3.4546
-3.4549
-3.45369
-3.45309
-3.454
-3.45309
-3.45264
-3.45279
-3.45203
-3.45113
-3.45234
-3.45309
-3.45264
-3.45324
-3.45369
-3.45369
-3.45339
-3.45369
-3.45354
-3.45354
-3.45339
-3.45249
-3.45294
-3.45325
-3.4534
-3.45446
-3.45446
-3.4543
-3.4534
-3.45294
-3.45355
-3.45339
-3.45354
-3.45475
-3.45505
-3.45459
-3.4549
-3.45551
-3.45597
-3.45506
-3.45431
-3.45491
-3.45582
-3.45657
-3.45748
-3.45597
-3.45536
-3.45566
-3.45521
-3.45505
-3.4549
-3.45445
-3.4543
-3.454
-3.45445
-3.45491
-3.45476
-3.45476
-3.45506
-3.45536
-3.45551
-3.45566
-3.45581
-3.4546
-3.45445
-3.45475
-3.45551
-3.45612
-3.45596
-3.45597
-3.45687
-3.45687
-3.45672
-3.45703
-3.45612
-3.45567
-3.45597
-3.45536
-3.45491
-3.45596
-3.45521
-3.45505
-3.4552
-3.4549
-3.4543
-3.4537
-3.45295
-3.45205
-3.4525
-3.45295
-3.45265
-3.4531
-3.45339
-3.45324
-3.45234
-3.45188
-3.45038
-3.45023
-3.44948
-3.44978
-3.44993
-3.44977
-3.45083
-3.45038
-3.44932
-3.45022
-3.45007
-3.45007
-3.44992
-3.44962
-3.45098
-3.45234
-3.45295
-3.45189
-3.45144
-3.45128
-3.45294
-3.45355
-3.45415
-3.4546
-3.4549
-3.45475
-3.45566
-3.45536
-3.45446
-3.45506
-3.45476
-3.45537
-3.45567
-3.45672
-3.45748
-3.45687
-3.45567
-3.45461
-3.45461
-3.45521
-3.45445
-3.4543
-3.45415
-3.45476
-3.45521
-3.45596
-3.45642
-3.45596
-3.45536
-3.45521
-3.4543
-3.45355
-3.45461
-3.45431
-3.45355
-3.4534
-3.45415
-3.454
-3.45385
-3.4543
-3.45551
-3.45581
-3.45627
-3.45657
-3.45537
-3.45431
-3.45492
-3.45537
-3.45582
-3.45552
-3.45431
-3.45431
-3.45385
-3.45385
-3.4531
-3.45249
-3.45189
-3.45068
-3.45113
-3.45038
-3.44962
-3.44978
-3.45068
-3.44962
-3.45038
-3.45098
-3.45113
-3.45128
-3.45174
-3.45144
-3.45219
-3.4525
-3.4525
-3.45281
-3.45251
-3.45311
-3.45416
-3.4531
-3.4531
-3.4534
-3.45355
-3.45235
-3.45189
-3.45234
-3.45264
-3.45325
-3.45174
-3.45189
-3.45219
-3.45204
-3.4528
-3.45219
-3.4531
-3.45234
-3.45219
-3.4534
-3.45355
-3.45325
-3.45325
-3.4537
-3.45355
-3.45386
-3.45371
-3.4534
-3.4528
-3.45144
-3.45189
-3.45038
-3.45159
-3.45159
-3.45235
-3.45114
-3.45129
-3.45053
-3.45129
-3.45159
-3.45083
-3.45023
-3.45159
-3.45174
-3.45204
-3.45235
-3.45235
-3.45295
-3.45356
-3.4534
-3.45416
-3.45416
-3.45491
-3.45507
-3.45568
-3.45522
-3.45567
-3.45567
-3.45612
-3.45597
-3.45581
-3.45476
-3.45476
-3.45431
-3.45491
-3.45582
-3.45521
-3.45537
-3.45537
-3.45522
-3.45567
-3.45657
-3.45597
-3.45597
-3.45597
-3.45642
-3.45642
-3.45718
-3.45718
-3.45612
-3.45643
-3.45612
-3.45552
-3.45567
-3.45658
-3.45567
-3.45642
-3.45642
-3.45551
-3.45506
-3.45521
-3.45536
-3.45552
-3.45537
-3.45567
-3.45567
-3.45476
-3.45476
-3.45461
-3.4537
-3.4546
-3.45521
-3.45415
-3.45355
-3.454
-3.4537
-3.4534
-3.4537
-3.45355
-3.4528
-3.4534
-3.45264
-3.45188
-3.45218
-3.45203
-3.45113
-3.45128
-3.45158
-3.45234
-3.45249
-3.45204
-3.45295
-3.45295
-3.45234
-3.45204
-3.45128
-3.45053
-3.45007
-3.45007
-3.45007
-3.44992
-3.45022
-3.45083
-3.45068
-3.45084
-3.45069
-3.45084
-3.45129
-3.45189
-3.45173
-3.45067
-3.45219
-3.45189
-3.45189
-3.45219
-3.45159
-3.45159
-3.45114
-3.45099
-3.45083
-3.45144
-3.45113
-3.45083
-3.45113
-3.44992
-3.44977
-3.45128
-3.44962
-3.44977
-3.45022
-3.45128
-3.45189
-3.4531
-3.45279
-3.45158
-3.45203
-3.45233
-3.45203
-3.45218
-3.45188
-3.45249
-3.45279
-3.45279
-3.45295
-3.45294
-3.4531
-3.45294
-3.4537
-3.4543
-3.45476
-3.45415
-3.4537
-3.45279
-3.45203
-3.45233
-3.45203
-3.45294
-3.45294
-3.45325
-3.4534
-3.4534
-3.45355
-3.45294
-3.45325
-3.45355
-3.45401
-3.45446
-3.45552
-3.45536
-3.45612
-3.45672
-3.45642
-3.45611
-3.45641
-3.45626
-3.45521
-3.45461
-3.45446
-3.45522
-3.45522
-3.45491
-3.45446
-3.45491
-3.4534
-3.4537
-3.45354
-3.45324
-3.45324
-3.45309
-3.45415
-3.4543
-3.45461
-3.45521
-3.45506
-3.45582
-3.45476
-3.45446
-3.45355
-3.45355
-3.45385
-3.45295
-3.45355
-3.45385
-3.45355
-3.4543
-3.4546
-3.45491
-3.45309
-3.45339
-3.45384
-3.45354
-3.45324
-3.45279
-3.45203
-3.45309
-3.4537
-3.4543
-3.45415
-3.45506
-3.4546
-3.4543
-3.4543
-3.45461
-3.45521
-3.454
-3.45461
-3.45355
-3.45324
-3.45294
-3.45249
-3.45234
-3.45324
-3.4531
-3.4534
-3.45355
-3.45295
-3.45325
-3.45385
-3.454
-3.4537
-3.45324
-3.45355
-3.45431
-3.45476
-3.45431
-3.45461
-3.45446
-3.454
-3.45476
-3.45446
-3.454
-3.45612
-3.45672
-3.45582
-3.45597
-3.45581
-3.45581
-3.45445
-3.4543
-3.4543
-3.45385
-3.4531
-3.4531
-3.45219
-3.45234
-3.45204
-3.45159
-3.45113
-3.45174
-3.45158
-3.45188
-3.45189
-3.45189
-3.4531
-3.4537
-3.4537
-3.45324
-3.45263
-3.45188
-3.45309
-3.45248
-3.45203
-3.45204
-3.45249
-3.4528
-3.4528
-3.4528
-3.45265
-3.45234
-3.45325
-3.4534
-3.4537
-3.4537
-3.454
-3.4537
-3.45339
-3.45249
-3.45249
-3.45309
-3.4537
-3.45476
-3.45551
-3.45476
-3.45491
-3.45401
-3.45371
-3.45416
-3.45386
-3.45431
-3.45461
-3.45506
-3.45536
-3.45566
-3.45476
-3.45415
-3.45476
-3.4537
-3.4537
-3.4546
-3.45415
-3.4534
-3.45309
-3.45249
-3.4531
-3.45234
-3.45265
-3.45325
-3.4537
-3.45416
-3.45385
-3.45279
-3.45234
-3.45204
-3.45128
-3.45189
-3.45264
-3.45098
-3.45098
-3.45098
-3.45098
-3.45189
-3.45204
-3.4528
-3.4525
-3.4528
-3.45295
-3.45325
-3.45249
-3.45339
-3.45309
-3.45279
-3.45309
-3.45355
-3.45325
-3.45295
-3.4525
-3.45235
-3.45205
-3.45205
-3.4531
-3.4537
-3.4537
-3.45264
-3.45279
-3.45294
-3.45339
-3.45369
-3.45415
-3.45415
-3.45446
-3.454
-3.45355
-3.4537
-3.45431
-3.45431
-3.45385
-3.45355
-3.45325
-3.4531
-3.4534
-3.45265
-3.45234
-3.4528
-3.45265
-3.45219
-3.45144
-3.45159
-3.45174
-3.45113
-3.45159
-3.45068
-3.45008
-3.44933
-3.45039
-3.45129
-3.45099
-3.45114
-3.45129
-3.45038
-3.45068
-3.45235
-3.4531
-3.4534
-3.45401
-3.45431
-3.45462
-3.45417
-3.45371
-3.45356
-3.45341
-3.45371
-3.45356
-3.4531
-3.45265
-3.45295
-3.45325
-3.45295
-3.45295
-3.45325
-3.45325
-3.45371
-3.45401
-3.45446
-3.45446
-3.45431
-3.45507
-3.45461
-3.45431
-3.45446
-3.45446
-3.45476
-3.45507
-3.45431
-3.45416
-3.45446
-3.45446
-3.45461
-3.45506
-3.45507
-3.45431
-3.45371
-3.45431
-3.45492
-3.45567
-3.45582
-3.45552
-3.45506
-3.45491
-3.45461
-3.45416
-3.45401
-3.45461
-3.45386
-3.45476
-3.45446
-3.45491
-3.45476
-3.45492
-3.45522
-3.45447
-3.45477
-3.45598
