1.11973
1.13224
1.13617
1.13264
1.12382
1.11248
1.10137
1.09262
1.0875
1.08667
1.09034
1.09832
1.10999
1.12426
1.13962
1.15431
1.16634
1.17384
1.17535
1.17041
1.16014
1.14716
1.13432
1.12296
1.1125
1.10156
1.08935
1.07594
1.0621
1.04888
1.03742
1.02879
1.02376
1.02282
1.02633
1.03448
1.0469
1.06227
1.07841
1.09266
1.10248
1.10597
1.10235
1.09204
1.07676
1.05937
1.04323
1.03129
1.02496
1.02357
1.02501
1.02734
1.03022
1.03466
1.04131
1.04893
1.05512
1.05826
1.05866
1.0581
1.05866
1.06162
1.06714
1.07442
1.08222
1.08935
1.09497
1.09851
1.09968
1.09827
1.09407
1.08704
1.07742
1.06569
1.05261
1.03904
1.02591
1.01429
1.00539
1.00045
1.00039
1.00559
1.01556
1.02882
1.04298
1.05528
1.0634
1.06615
1.06348
1.05612
1.04521
1.03226
1.01967
1.01088
1.00907
1.01496
1.02635
1.04024
1.05467
1.06875
1.08203
1.0942
1.10497
1.11386
1.12009
1.12266
1.12079
1.1144
1.10444
1.09255
1.08037
1.06872
1.05741
1.04565
1.03278
1.01903
1.00579
0.995038
0.988242
0.985797
0.987412
0.992536
1.00022
1.00886
1.01638
1.02119
1.02306
1.02357
1.02569
1.03261
1.04607
1.06516
1.08652
1.10562
1.11845
1.1225
1.11706
1.103
1.08253
1.05871
1.03498
1.0145
0.999678
0.991864
0.991389
0.99755
1.00875
1.02289
1.03788
1.05212
1.06468
1.07515
1.08342
1.0894
1.09294
1.09395
1.09253
1.08909
1.08433
1.07915
1.07446
1.071
1.06914
1.0688
1.06968
1.07155
1.0745
1.07888
1.08499
1.0927
1.10133
1.10979
1.1168
1.12102
1.12129
1.1169
1.10785
1.09501
1.08021
1.06606
1.05535
1.05019
1.05137
1.05814
1.06864
1.08055
1.09154
1.09962
1.10346
1.10276
1.09844
1.09224
1.08583
1.07995
1.07438
1.06842
1.06147
1.05355
1.04547
1.03879
1.03519
1.03579
1.04074
1.04942
1.06075
1.07368
1.08732
1.10099
1.11415
1.12635
1.13721
1.14657
1.15442
1.16056
1.16422
1.16425
1.15956
1.14966
1.13491
1.11631
1.09534
1.07373
1.0533
1.03573
1.02232
1.01383
1.01035
1.01137
1.0158
1.02225
1.02946
1.03686
1.04491
1.05487
1.06793
1.08407
1.10171
1.11833
1.13159
1.14017
1.14389
1.14332
1.13917
1.13183
1.1214
1.10783
1.09136
1.07257
1.05237
1.03212
1.01386
1.00036
0.994404
0.997445
1.00865
1.0251
1.0431
1.05941
1.07175
1.07877
1.08001
1.07596
1.06816
1.05899
1.05113
1.0466
1.04586
1.04755
1.0491
1.04799
1.04295
1.03454
1.02475
1.01569
1.00833
1.00218
0.995578
0.986468
0.973187
0.95558
0.935911
0.918863
0.909974
0.912563
0.925616
0.944783
0.965278
0.983811
0.99858
1.00858
1.01311
1.01193
1.00555
0.995634
0.984912
0.976523
0.972961
0.97512
0.982108
0.991898
1.00232
1.01172
1.01907
1.02387
1.02603
1.02601
1.0249
1.02418
1.0251
1.02814
1.03287
1.03833
1.04365
1.04815
1.05131
1.05267
1.05201
1.04963
1.04642
1.04372
1.04292
1.04515
1.05093
1.06005
1.07141
1.0831
1.09285
1.09889
1.10061
1.09881
1.09533
1.09244
1.09208
1.09515
1.10119
1.10871
1.11591
1.12117
1.12339
1.12228
1.11859
1.11403
1.11085
1.1109
1.11464
1.12085
1.1273
1.13178
1.13284
1.1299
1.12307
1.1131
1.10131
1.08941
1.07873
1.06971
1.06195
1.05492
1.0484
1.04246
1.03727
1.03308
1.03034
1.02978
1.03229
1.03854
1.04847
1.06092
1.07362
1.08388
1.08939
1.08903
1.08322
1.07376
1.06322
1.05374
1.04611
1.03985
1.03413
1.02873
1.02429
1.02226
1.0244
1.03197
1.04494
1.06173
1.07977
1.09638
1.10954
1.11835
1.12315
1.12514
1.12583
1.12635
1.12717
1.12821
1.12914
1.12944
1.12835
1.1249
1.11803
1.10694
1.09163
1.07344
1.055
1.03972
1.03088
1.03074
1.03996
1.0571
1.07884
1.10103
1.12004
1.13352
1.1406
1.14165
1.13796
1.13148
1.12426
1.11771
1.11208
1.10656
1.10023
1.09279
1.08495
1.07824
1.07423
1.07371
1.07621
1.08032
1.08465
1.0886
1.09254
1.09736
1.10374
1.11158
1.11998
1.12755
1.13295
1.13536
1.13477
1.1319
1.1278
1.12333
1.11884
1.11419
1.10906
1.10318
1.09664
1.09
1.08434
1.08102
1.08129
1.08598
1.09532
1.1088
1.12527
1.14302
1.15996
1.17405
1.18372
1.18833
1.18818
1.1843
1.17807
1.1707
1.16301
1.15536
1.1478
1.14022
1.13241
1.124
1.11454
1.10369
1.09163
1.07938
1.06859
1.0605
1.05493
1.05022
1.04443
1.03657
1.027
1.017
1.00803
1.00136
0.997858
0.998029
1.00193
1.00924
1.01956
1.03261
1.04815
1.06522
1.08167
1.09459
1.10163
1.10209
1.09748
1.09095
1.08536
1.08135
1.07709
1.07017
1.05953
1.04601
1.03177
1.0192
1.00991
1.00439
1.00247
1.00388
1.00817
1.01444
1.0214
1.0278
1.03293
1.03674
1.03969
1.04247
1.04578
1.05025
1.05656
1.06543
1.07735
1.09217
1.10873
1.125
1.13864
1.14769
1.15112
1.14903
1.14264
1.13372
1.124
1.11455
1.10574
1.09763
1.09033
1.08402
1.07884
1.07463
1.07082
1.0667
1.06179
1.05621
1.05087
1.04722
1.04664
1.04971
1.05598
1.06435
1.07363
1.08306
1.09237
1.10151
1.11034
1.11831
1.1246
1.12838
1.12929
1.12764
1.1244
1.12082
1.11793
1.11597
1.11421
1.11122
1.10549
1.09648
1.08557
1.07622
1.07203
1.0737
1.07834
1.08201
1.08226
1.07894
1.07375
1.06948
1.06919
1.07506
1.08741
1.10439
1.12278
1.13937
1.15189
1.15937
1.16197
1.16052
1.15616
1.15
1.14301
1.13594
1.12917
1.12262
1.11578
1.10783
1.09777
1.08464
1.0677
1.04677
1.02265
0.997173
0.973236
0.954406
0.944119
0.944424
0.954936
0.972845
0.993997
1.01433
1.03087
1.04214
1.04816
1.05005
1.04957
1.04851
1.04826
1.04949
1.05224
1.05618
1.06093
1.06616
1.07174
1.07772
1.08433
1.09188
1.1005
1.10979
1.1187
1.12565
1.12899
1.12764
1.12132
1.1104
1.09558
1.07769
1.05802
1.03854
1.02169
1.00986
1.00464
1.00619
1.01326
1.02368
1.03518
1.04569
1.05346
1.05732
1.05714
1.05402
1.04972
1.04587
1.04329
1.04188
1.04126
1.04127
1.04216
1.0442
1.04752
1.052
1.05705
1.06161
1.06448
1.06498
1.06328
1.06022
1.05691
1.05429
1.05285
1.05262
1.05331
1.05458
1.0562
1.05799
1.05976
1.06113
1.06159
1.06058
1.05759
1.05234
1.04488
1.03571
1.02573
1.01603
1.00768
1.00133
0.996921
0.993515
0.989617
0.983759
0.975203
0.964252
0.952167
0.940702
0.931616
0.926329
0.925898
0.930973
0.941566
0.95676
0.974819
0.993705
1.01178
1.02819
1.04284
1.05602
1.06811
1.07929
1.08938
1.09785
1.10388
1.10663
1.10556
1.10081
1.09328
1.0844
1.0757
1.06822
1.06235
1.0579
1.0545
1.05194
1.0502
1.0493
1.0492
1.04977
1.05074
1.05177
1.0527
1.05369
1.0553
1.05816
1.0626
1.06827
1.07397
1.07798
1.07844
1.07397
1.06441
1.05158
1.03947
1.03307
1.03566
1.04657
1.06151
1.07525
1.08423
1.08733
1.08524
1.07937
1.07107
1.06121
1.05013
1.03758
1.02306
1.00639
0.988436
0.971609
0.959445
0.955269
0.960622
0.974669
0.994963
1.01881
1.04405
1.06884
1.0911
1.10839
1.11866
1.12129
1.11781
1.1112
1.10393
1.09639
1.08733
1.07582
1.06259
1.05012
1.04138
1.03815
1.04003
1.04486
1.04999
1.05329
1.05342
1.04986
1.04304
1.03425
1.02546
1.01871
1.01531
1.0155
1.01865
1.02393
1.03062
1.03821
1.04619
1.05392
1.06075
1.06602
1.06914
1.06958
1.06684
1.06034
1.0493
1.03317
1.01249
0.989678
0.969073
0.955512
0.951959
0.957954
0.970334
0.985227
0.999566
1.01162
1.02088
1.02759
1.03225
1.03521
1.03656
1.03626
1.03452
1.03197
1.02981
1.0295
1.03235
1.03899
1.04916
1.06189
1.07595
1.09031
1.10421
1.11691
1.12751
1.13498
1.13827
1.13672
1.13006
1.11835
1.1019
1.08147
1.0589
1.03722
1.01962
1.00806
1.00281
1.00298
1.00711
1.01367
1.02118
1.02836
1.03399
1.03686
1.03603
1.03127
1.0237
1.01606
1.01224
1.01573
1.02781
1.0466
1.06794
1.08725
1.10094
1.10706
1.10538
1.09736
1.08597
1.07498
1.06759
1.06526
1.06751
1.07282
1.07952
1.08645
1.09299
1.09892
1.10413
1.10849
1.11184
1.11415
1.11553
1.11609
1.11569
1.11394
1.11046
1.10504
1.09787
1.08945
1.08036
1.07104
1.06163
1.05196
1.04174
1.03086
1.01964
1.0089
0.999726
0.993212
0.990026
0.990287
0.993635
0.999386
1.00675
1.01495
1.02332
1.03143
1.03914
1.0466
1.05417
1.06214
1.07047
1.07857
1.08537
1.08945
1.0895
1.08478
1.07562
1.06366
1.05184
1.0438
1.04263
1.04933
1.06182
1.07571
1.08642
1.09117
1.08981
1.08454
1.07884
1.07613
1.07834
1.08549
1.09601
1.10756
1.11778
1.1249
1.12823
1.12802
1.12526
1.12111
1.1166
1.11244
1.10917
1.10724
1.10706
1.10907
1.11367
1.12095
1.13034
1.14039
1.14913
1.15466
1.15581
1.15241
1.14506
1.13478
1.1225
1.10886
1.0942
1.07872
1.06278
1.04714
1.03293
1.0214
1.01351
1.00962
1.00949
1.01238
1.0174
1.02378
1.03098
1.03858
1.04631
1.05433
1.0634
1.07451
1.08816
1.10399
1.12081
1.13705
1.1512
1.16202
1.16857
1.17003
1.16574
1.15521
1.13822
1.11514
1.08733
1.05766
1.03024
1.00875
0.994232
0.984846
0.977854
0.971544
0.965689
0.961021
0.958548
0.959019
0.962786
0.9698
0.979643
0.991435
1.0038
1.01501
1.02345
1.02788
1.02774
1.02321
1.0152
1.00514
0.994744
0.985656
0.979056
0.975379
0.974401
0.975704
0.979316
0.985873
0.996134
1.0102
1.02708
1.04486
1.0614
1.07489
1.08432
1.08949
1.09084
1.08924
1.08564
1.08072
1.0747
1.06752
1.05921
1.05028
1.04182
1.0353
1.03196
1.0323
1.03596
1.04195
1.04943
1.05813
1.06853
1.08126
1.09644
1.11324
1.12992
1.14437
1.15471
1.15968
1.15873
1.15191
1.1397
1.12295
1.10283
1.08068
1.05803
1.03648
1.01775
1.00359
0.995516
0.99429
0.999545
1.00981
1.02324
1.03836
1.05419
1.06985
1.08403
1.09504
1.10141
1.10239
1.09808
1.08921
1.0768
1.06199
1.04603
1.03023
1.01589
1.0043
0.996533
0.993314
0.994899
1.00103
1.01103
1.02396
1.03873
1.05397
1.06777
1.07781
1.08209
1.07974
1.07135
1.05864
1.04379
1.02883
1.01533
1.00442
0.996798
0.992639
0.991492
0.992407
0.994359
0.996957
1.00078
1.00697
1.01633
1.02868
1.04299
1.05794
1.07235
1.08536
1.09634
1.10495
1.11116
1.11529
1.11798
1.11996
1.1218
1.12385
1.12604
1.12766
1.12727
1.12314
1.11436
1.10185
1.08828
1.07637
1.06742
1.06165
1.05932
1.0607
1.06514
1.07092
1.07602
1.07918
1.08029
1.08011
1.0795
1.07872
1.07724
1.07418
1.06887
1.06132
1.05245
1.04411
1.03885
1.03915
1.04634
1.05987
1.07762
1.09692
1.1155
1.13166
1.14405
1.1517
1.15402
1.15105
1.14342
1.13237
1.11943
1.106
1.09308
1.08118
1.07045
1.06111
1.0536
1.04852
1.04622
1.04655
1.04884
1.05219
1.0557
1.05877
1.06129
1.06375
1.06702
1.07194
1.07894
1.0877
1.09718
1.10587
1.11247
1.11627
1.11726
1.11594
1.11307
1.10925
1.1045
1.09792
1.08788
1.07287
1.05275
1.02948
1.00665
0.988028
0.975868
0.970354
0.970384
0.974522
0.981534
0.990462
1.00058
1.01137
1.02218
1.03188
1.03897
1.04192
1.03982
1.03275
1.02176
1.00845
0.994484
0.98101
0.968405
0.956755
0.947426
0.944441
0.952385
0.971262
0.995445
1.01871
1.03797
1.05284
1.06398
1.0723
1.07851
1.08286
1.08505
1.08444
1.08051
1.07325
1.06346
1.05263
1.04248
1.03442
1.0293
1.02761
1.02965
1.03561
1.04546
1.05882
1.07472
1.09151
1.10703
1.1191
1.12596
1.12656
1.12062
1.10861
1.09171
1.0717
1.05086
1.03181
1.01709
1.00873
1.00784
1.01449
1.02771
1.04562
1.06571
1.08514
1.10116
1.11152
1.11485
1.11091
1.10085
1.08698
1.07209
1.05823
1.04583
1.03409
1.02256
1.01255
1.0067
1.0067
1.01136
1.01754
1.02267
1.02616
1.02876
1.03133
1.03435
1.03821
1.04353
1.05095
1.06066
1.07216
1.08458
1.09715
1.10954
1.12179
1.13384
1.14518
1.1548
1.16152
1.16431
1.16266
1.15654
1.14637
1.13296
1.11759
1.10215
1.08884
1.07951
1.07482
1.07409
1.07575
1.078
1.07935
1.07904
1.07729
1.07508
1.07327
1.07155
1.06856
1.06286
1.05396
1.04266
1.03083
1.02096
1.01549
1.01602
1.0228
1.03473
1.04983
1.06573
1.0801
1.09087
1.09674
1.09758
1.09474
1.09079
1.08846
1.0894
1.09342
1.09895
1.10414
1.10779
1.10966
1.11019
1.11008
1.10983
1.10964
1.10944
1.10911
1.10843
1.1071
1.1047
1.10091
1.09596
1.09105
1.08834
1.08998
1.09667
1.10711
1.11882
1.12937
1.13686
1.14007
1.1388
1.13414
1.12803
1.12191
1.11575
1.10835
1.09877
1.08745
1.07629
1.06785
1.0643
1.06659
1.07396
1.08423
1.09449
1.10202
1.10495
1.10256
1.09529
1.08415
1.07023
1.05443
1.03749
1.02049
1.00525
0.99422
0.989844
0.993616
1.00525
1.02253
1.04206
1.0604
1.07499
1.0847
1.08987
1.09182
1.09231
1.09277
1.09379
1.09495
1.09511
1.09302
1.08777
1.079
1.067
1.05272
1.03765
1.02391
1.014
1.01012
1.01315
1.0221
1.03443
1.04721
1.05793
1.06484
1.06715
1.0652
1.06061
1.05577
1.05268
1.05177
1.05182
1.05095
1.0479
1.0426
1.03594
1.02914
1.02329
1.01922
1.01745
1.01828
1.02165
1.02728
1.03473
1.04361
1.05362
1.0644
1.07539
1.08583
1.09491
1.10199
1.10667
1.10871
1.10803
1.10467
1.09878
1.09056
1.08016
1.06773
1.05354
1.0382
1.02282
1.00906
0.998917
0.994369
0.99677
1.00624
1.02143
1.03966
1.05747
1.07142
1.07893
1.07892
1.07198
1.06016
1.04656
1.03441
1.02623
1.02305
1.02422
1.02789
1.03189
1.03445
1.0348
1.03327
1.03102
1.02946
1.02968
1.03222
1.0371
1.04402
1.05231
1.06097
1.06905
1.07607
1.08235
1.08864
1.09561
1.10325
1.11074
1.11688
1.12048
1.12066
1.11694
1.10931
1.09827
1.08491
1.07085
1.05821
1.0491
1.04496
1.04588
1.05034
1.05576
1.05957
1.0601
1.05698
1.05085
1.04292
1.03449
1.02678
1.02073
1.01691
1.01553
1.01657
1.02004
1.02612
1.03492
1.04594
1.05758
1.06755
1.07375
1.07522
1.07241
1.06702
1.06159
1.05878
1.06054
1.06739
1.07843
1.092
1.10628
1.11951
1.13015
1.13681
1.13835
1.13392
1.12341
1.10819
1.09166
1.07822
1.07008
1.0654
1.06045
1.05316
1.04434
1.03643
1.03168
1.03101
1.03391
1.03901
1.04504
1.05134
1.05788
1.06482
1.07205
1.07894
1.08437
1.08715
1.08641
1.08214
1.07541
1.06831
1.06324
1.06167
1.06346
1.06718
1.07115
1.07438
1.07695
1.07964
1.08309
1.08702
1.09048
1.0925
1.09275
1.09174
1.0906
1.09047
1.09206
1.09537
1.09977
1.10415
1.10697
1.10628
1.10033
1.08879
1.0737
1.05904
1.04875
1.04513
1.04829
1.05643
1.06632
1.0746
1.07882
1.07807
1.07277
1.06436
1.05467
1.04528
1.0374
1.03185
1.0291
1.02902
1.0307
1.03257
1.03283
1.02995
1.02296
1.01151
0.995725
0.976368
0.955202
0.935322
0.920788
0.915172
0.919766
0.932869
0.950787
0.969706
0.987075
1.00191
1.01428
1.02435
1.03172
1.03519
1.0331
1.02443
1.00997
0.992849
0.977574
0.967709
0.964122
0.965392
0.969507
0.975102
0.981589
0.988906
0.997144
1.00631
1.01634
1.02732
1.03946
1.05293
1.06744
1.08207
1.09546
1.10644
1.11444
1.11958
1.12217
1.12215
1.11895
1.11196
1.10125
1.08807
1.07441
1.06197
1.05136
1.04194
1.03266
1.02314
1.01443
1.00849
1.00691
1.0097
1.01548
1.02268
1.03028
1.03779
1.04479
1.05062
1.05459
1.05626
1.05551
1.0525
1.04758
1.04136
1.03476
1.02905
1.0258
1.02657
1.03243
1.04346
1.05842
1.07502
1.09057
1.10268
1.10979
1.11117
1.10676
1.09691
1.0822
1.06347
1.04194
1.01937
0.998062
0.980535
0.969023
0.96474
0.967443
0.97559
0.98713
1.00028
1.01399
1.02796
1.04203
1.05573
1.06799
1.07758
1.08372
1.08654
1.08684
1.08573
1.08403
1.08224
1.08079
1.08024
1.08113
1.0838
1.08804
1.09298
1.09717
1.09903
1.09725
1.09128
1.08155
1.06937
1.05639
1.04413
1.03381
1.02636
1.02227
1.02157
1.02377
1.02802
1.03331
1.03861
1.04305
1.04607
1.04776
1.04896
1.05111
1.05561
1.06312
1.07332
1.08515
1.0974
1.10916
1.11986
1.12895
1.13565
1.13905
1.13837
1.13332
1.12415
1.11173
1.09745
1.08309
1.07049
1.06116
1.0557
1.0536
1.05358
1.05418
1.05432
1.05336
1.05117
1.04809
1.04501
1.04307
1.04324
1.04573
1.04989
1.05466
1.05932
1.06379
1.06861
1.07431
1.08087
1.08758
1.09354
1.09818
1.10128
1.10264
1.10184
1.09834
1.09191
1.08289
1.07219
1.0611
1.05102
1.0429
1.03695
1.03264
1.02916
1.02592
1.02284
1.0203
1.01883
1.01882
1.0204
1.02338
1.02735
1.03181
1.0364
1.04126
1.04726
1.05563
1.06705
1.08075
1.09466
1.10643
1.11446
1.11839
1.11896
1.11753
1.11554
1.11395
1.11301
1.11218
1.11049
1.10691
1.10058
1.0909
1.07759
1.06081
1.04127
1.02028
0.999659
0.98172
0.969114
0.964354
0.968797
0.981744
1.00041
1.02099
1.04013
1.05572
1.06707
1.07462
1.07946
1.08295
1.08611
1.08932
1.09198
1.09259
1.08919
1.08012
1.06496
1.04538
1.02534
1.01012
1.00428
1.00963
1.02474
1.04614
1.06989
1.09266
1.11214
1.12714
1.13738
1.14325
1.14544
1.14461
1.14111
1.1349
1.12588
1.11417
1.10034
1.08538
1.07057
1.05721
1.04637
1.03831
1.0324
1.02745
1.02234
1.01639
1.0097
1.00331
0.999218
0.999843
1.00697
1.02043
1.03784
1.05553
1.07008
1.07946
1.08319
1.08202
1.07727
1.07019
1.06168
1.05243
1.04321
1.03524
1.02993
1.02833
1.03057
1.0357
1.0421
1.04825
1.05319
1.05664
1.05873
1.05973
1.05994
1.05959
1.05888
1.05804
1.05729
1.05673
1.05609
1.05444
1.0504
1.04269
1.03085
1.01589
1.0003
0.987361
0.979861
0.979132
0.984722
0.994878
1.00731
1.01985
1.03078
1.03886
1.04317
1.0432
1.03904
1.03176
1.02354
1.01726
1.01576
1.02128
1.03475
1.05497
1.07864
1.10139
1.11935
1.13004
1.13296
1.12952
1.12263
1.11531
1.10927
1.10466
1.10105
1.09835
1.09696
1.09755
1.10078
1.10705
1.11626
1.12756
1.13948
1.15019
1.15792
1.16142
1.16016
1.15448
1.1454
1.13443
1.12317
1.11306
1.10528
1.10064
1.09934
1.10081
1.10393
1.1074
1.11026
1.11193
1.11211
1.11063
1.10763
1.1036
1.09939
1.09576
1.09302
1.09095
1.08905
1.08702
1.08501
1.08376
1.08433
1.08758
1.09353
1.10119
1.10901
1.11549
1.11955
1.12052
1.11791
1.11124
1.09992
1.08318
1.06034
1.03139
0.99775
0.962964
0.932595
0.91252
0.906126
0.912505
0.927507
0.94647
0.965929
0.983712
0.998345
1.00876
1.01462
1.01677
1.01697
1.0166
1.01534
1.0114
1.00301
0.989861
0.973415
0.956464
0.942377
0.934169
0.933567
0.940425
0.952813
0.967819
0.982616
0.99523
1.00476
1.01121
1.01514
1.01734
1.01859
1.01946
1.02
1.01981
1.01824
1.01489
1.00992
1.0041
0.998529
0.994231
0.991929
0.992022
0.994738
1.00014
1.00796
1.01751
1.02778
1.03779
1.04682
1.05437
1.0599
1.06271
1.06217
1.05791
1.05002
1.03888
1.02517
1.00967
0.993335
0.977127
0.961833
0.947788
0.935139
0.924569
0.91763
0.916116
0.920808
0.930843
0.944148
0.958493
0.972215
0.984371
0.994836
1.0045
1.01513
1.02849
1.04492
1.06259
1.0784
1.08986
1.09631
1.0988
1.09918
1.09888
1.0981
1.09584
1.09077
1.08207
1.06975
1.05451
1.03759
1.02054
1.00504
0.992597
0.984245
0.980316
0.980395
0.983455
0.988135
0.993019
0.997002
0.999754
1.00185
1.00438
1.0081
1.01293
1.01805
1.02255
1.02589
1.02798
1.02897
1.029
1.02816
1.0265
1.02404
1.02063
1.01595
1.00979
1.00289
0.997707
0.998158
1.00779
1.02734
1.05374
1.08167
1.1061
1.12386
1.13387
1.13647
1.13267
1.12359
1.11014
1.09327
1.07438
1.05566
1.04009
1.03076
1.02986
1.03767
1.05221
1.06985
1.08655
1.0989
1.10473
1.1033
1.09512
1.08166
1.06491
1.04686
1.02908
1.01242
0.997041
0.982825
0.969867
0.958981
0.951606
0.949126
0.951923
0.958974
0.968248
0.977678
0.985999
0.993041
0.999404
1.00584
1.01277
1.02021
1.02802
1.03601
1.04379
1.05053
1.05522
1.0572
1.05644
1.05357
1.04958
1.04556
1.04232
1.04023
1.03912
1.03848
1.03776
1.03651
1.0344
1.03126
1.02715
1.02246
1.0177
1.01329
1.00938
1.00614
1.00413
1.00458
1.009
1.01806
1.03075
1.0446
1.05681
1.06544
1.06978
1.07006
1.06699
1.06147
1.05464
1.04776
1.04198
1.03791
1.03555
1.03452
1.03441
1.03494
1.03597
1.03748
1.03965
1.04287
1.04752
1.05371
1.06118
1.06943
1.07794
1.08634
1.09429
1.1012
1.10634
1.10911
1.10951
1.10815
1.1061
1.10442
1.10387
1.10496
1.10827
1.11449
1.12405
1.13662
1.15078
1.16425
1.17447
1.17934
1.17764
1.16929
1.15528
1.13754
1.11856
1.101
1.08705
1.07784
1.07317
1.07165
1.07156
1.07171
1.07191
1.07283
1.07542
1.08019
1.0868
1.09406
1.10022
1.1036
1.10307
1.09808
1.08877
1.07599
1.06154
1.04817
1.03889
1.03591
1.03978
1.04924
1.06199
1.07568
1.08876
1.10072
1.11178
1.12228
1.13208
1.14052
1.14685
1.15085
1.15295
1.15389
1.15434
1.15467
1.15505
1.15557
1.15616
1.15642
1.15567
1.15315
1.14824
1.14082
1.1314
1.12111
1.11131
1.10312
1.09701
1.09263
1.0891
1.08534
1.08061
1.0748
1.06856
1.06307
1.05964
1.05914
1.06152
1.06568
1.06992
1.07281
1.07416
1.07535
1.07828
1.08378
1.09075
1.09701
1.10046
1.09993
1.09538
1.08776
1.07851
1.06876
1.05897
1.0493
1.04047
1.03443
1.03406
1.04154
1.05653
1.07571
1.09438
1.10859
1.11636
1.1177
1.11392
1.10688
1.09835
1.08968
1.0816
1.07456
1.06905
1.06575
1.06522
1.06754
1.07234
1.07902
1.08704
1.09579
1.10442
1.11195
1.11745
1.12026
1.12023
1.11778
1.11382
1.10942
1.10539
1.10202
1.09927
1.09695
1.09507
1.0938
1.09354
1.09475
1.09776
1.10262
1.10895
1.11602
1.12298
1.12912
1.13395
1.13729
1.13901
1.13912
1.13772
1.13517
1.13195
1.12848
1.12482
1.12072
1.11583
1.10996
1.10331
1.09642
1.09011
1.08537
1.08322
1.08455
1.08989
1.09906
1.11093
1.12336
1.13354
1.139
1.13858
1.13271
1.12288
1.11075
1.09739
1.08323
1.06833
1.05279
1.03694
1.02121
1.00612
0.992305
0.980901
0.973712
0.97273
0.978887
0.991098
1.00649
1.02185
1.03495
1.04506
1.05253
1.05818
1.06266
1.06636
1.06941
1.07194
1.07408
1.07591
1.07748
1.07902
1.08102
1.08409
1.08859
1.09422
1.09996
1.10442
1.10649
1.10585
1.10311
1.09983
1.09827
1.1005
1.10723
1.11707
1.12742
1.13593
1.14123
1.1428
1.14093
1.13679
1.1323
1.12925
1.1282
1.128
1.12671
1.12294
1.11676
1.1094
1.10266
1.09803
1.09612
1.09656
1.09837
1.10077
1.10357
1.10721
1.11207
1.11789
1.1236
1.12777
1.12903
1.12637
1.11912
1.10706
1.09061
1.07091
1.04956
1.02822
1.00808
0.989818
0.973727
0.959924
0.948343
0.938771
0.931099
0.925721
0.923778
0.926694
0.935185
0.948732
0.965797
0.984448
1.00304
1.02077
1.03794
1.05572
1.07529
1.09685
1.11925
1.14044
1.15823
1.17099
1.17793
1.17927
1.17593
1.16886
1.15843
1.14442
1.12687
1.10698
1.08761
1.07287
1.06691
1.07211
1.08773
1.10994
1.13344
1.15348
1.16701
1.1728
1.17083
1.1618
1.14676
1.12703
1.10422
1.0802
1.05699
1.03657
1.02054
1.00979
1.00431
1.00315
1.00474
1.00731
1.00955
1.01106
1.01211
1.01309
1.01415
1.01537
1.01702
1.01971
1.02417
1.03081
1.03949
1.04956
1.06016
1.07063
1.08047
1.08933
1.09678
1.10234
1.10544
1.10551
1.10194
1.09427
1.08236
1.0666
1.048
1.02821
1.0093
0.993454
0.982611
0.978036
0.979978
0.987447
0.998278
1.00981
1.0202
1.02947
1.03931
1.05119
1.0647
1.07757
1.08713
1.09134
1.08913
1.08056
1.06711
1.0514
1.03647
1.02499
1.01873
1.01847
1.02408
1.03467
1.04885
1.06485
1.08074
1.09495
1.10644
1.11462
1.11901
1.11906
1.11426
1.10478
1.09214
1.07953
1.0708
1.06801
1.06983
1.07291
1.07475
1.07496
1.07461
1.07486
1.07617
1.07805
1.07942
1.07895
1.07555
1.06869
1.05884
1.04759
1.03715
1.02912
1.02358
1.01939
1.01546
1.01146
1.00757
1.00398
1.00057
0.997003
0.992946
0.988158
0.982507
0.976196
0.970005
0.965222
0.962975
0.963316
0.964888
0.96578
0.964935
0.963022
0.96191
0.963217
0.967574
0.974916
0.984994
0.997566
1.0124
1.02908
1.04685
1.06468
1.08164
1.09703
1.11028
1.12064
1.12723
1.12929
1.12656
1.11965
1.11015
1.10032
1.09231
1.08714
1.08436
1.08262
1.08084
1.07883
1.07705
1.07606
1.07616
1.07734
1.07927
1.0814
1.0831
1.08391
1.08368
1.0827
1.08163
1.08107
1.08099
1.08053
1.07839
1.07364
1.06605
1.05588
1.04349
1.02945
1.01488
1.00158
0.991788
0.987366
0.98918
0.996756
1.00856
1.02256
1.03679
1.04979
1.06076
1.06941
1.07565
1.0792
1.07954
1.0762
1.06914
1.05931
1.04866
1.03966
1.03437
1.03367
1.03724
1.04404
1.05287
1.06251
1.07178
1.0797
1.08558
1.08925
1.09083
1.09071
1.08933
1.08703
1.08397
1.07999
1.07491
1.06889
1.06274
1.05786
1.05571
1.0571
1.06189
1.069
1.07681
1.08373
1.08864
1.09115
1.09144
1.09004
1.08771
1.08561
1.08526
1.08813
1.0949
1.10489
1.11623
1.12659
1.13404
1.13762
1.13732
1.13371
1.12762
1.11965
1.11021
1.09966
1.0886
1.07812
1.0698
1.06526
1.06544
1.07007
1.07776
1.08662
1.09512
1.1025
1.10883
1.1146
1.12025
1.12577
1.13071
1.13437
1.13631
1.1366
1.13589
1.13495
1.13412
1.13288
1.12986
1.12368
1.11378
1.10087
1.08628
1.07104
1.05551
1.04033
1.02734
1.01954
1.0199
1.02964
1.04725
1.06905
1.09093
1.10985
1.12446
1.13478
1.14144
1.14519
1.14663
1.14625
1.14421
1.14039
1.13447
1.12621
1.11587
1.10412
1.092
1.08066
1.07112
1.0639
1.05862
1.05415
1.04922
1.04317
1.0362
1.02931
1.02383
1.02075
1.02032
1.02199
1.02495
1.02869
1.03321
1.03864
1.04464
1.05015
1.05399
1.05594
1.05755
1.06146
1.06911
1.07931
1.08941
1.09739
1.10242
1.10441
1.10339
1.09961
1.09383
1.08761
1.08313
1.08245
1.08664
1.09531
1.10656
1.11753
1.12541
1.12831
1.12577
1.11861
1.10864
1.09816
1.0894
1.08397
1.08253
1.08466
1.08915
1.09449
1.09929
1.10257
1.10388
1.10332
1.10134
1.09844
1.0948
1.09012
1.08377
1.0751
1.06399
1.05122
1.03854
1.02812
1.02172
1.01991
1.02207
1.02701
1.03357
1.04089
1.04844
1.05581
1.06279
1.06944
1.07619
1.08392
1.09397
1.10753
1.1245
1.14262
1.15822
1.16811
1.17094
1.16732
1.15905
1.14831
1.13687
1.12554
1.11434
1.10344
1.09383
1.0871
1.08464
1.08711
1.09422
1.10482
1.11701
1.12853
1.13719
1.14153
1.14124
1.13717
1.13083
1.12363
1.11644
1.10968
1.10366
1.09891
1.09623
1.09628
1.09914
1.10392
1.10896
1.1125
1.11337
1.11131
1.10669
1.09998
1.09134
1.08065
1.0679
1.05376
1.03968
1.02726
1.0174
1.00991
1.00398
0.998809
0.994103
0.990081
0.987386
0.986944
0.989748
0.996505
1.00736
1.02171
1.03834
1.05566
1.07187
1.08519
1.09402
1.09736
1.09523
1.08882
1.08
1.07036
1.06032
1.04942
1.03738
1.02501
1.01415
1.00702
1.00531
1.00954
1.01878
1.03102
1.04385
1.05531
1.0643
1.07056
1.0743
1.07593
1.07609
1.07553
1.07484
1.07394
1.07197
1.06765
1.05991
1.04851
1.0343
1.01912
1.00533
0.995195
0.99019
0.99071
0.996118
1.00522
1.01673
1.02947
1.04236
1.05438
1.06465
1.07229
1.07621
1.07509
1.06796
1.05514
1.03884
1.02249
1.00901
0.999392
0.993057
0.989474
0.989045
0.992449
0.99951
1.0089
1.01873
1.02733
1.0336
1.03698
1.03731
1.03508
1.03188
1.03013
1.03148
1.03559
1.04081
1.04599
1.05126
1.05746
1.06539
1.07544
1.08756
1.10142
1.11616
1.13036
1.14201
1.14878
1.14871
1.14093
1.12618
1.10693
1.08683
1.06962
1.05809
1.05335
1.0549
1.06091
1.06905
1.07721
1.08394
1.08845
1.09063
1.09091
1.09002
1.08862
1.087
1.08515
1.08297
1.08055
1.07818
1.07617
1.07465
1.0733
1.07147
1.06834
1.06326
1.05599
1.0468
1.03629
1.02518
1.01416
1.00401
0.995807
0.990758
0.989575
0.992232
0.998476
1.00849
1.02268
1.04058
1.05975
1.07627
1.08663
1.08957
1.08686
1.08253
1.08075
1.08355
1.09026
1.09903
1.1083
1.11721
1.1252
1.13149
1.13487
1.13383
1.12726
1.11506
1.09828
1.07901
1.05975
1.0429
1.03039
1.02342
1.02221
1.02612
1.03397
1.04451
1.05666
1.06946
1.0819
1.09287
1.10131
1.10658
1.10872
1.10861
1.10783
1.10828
1.11161
1.11861
1.12887
1.14088
1.15262
1.16224
1.16856
1.17118
1.17047
1.1673
1.16284
1.15832
1.15465
1.15217
1.15074
1.14985
1.14896
1.14753
1.14463
1.13876
1.12886
1.11572
1.10157
1.08791
1.07424
1.05923
1.04239
1.02437
1.00663
0.991052
0.979618
0.973893
0.974706
0.982056
0.995094
1.01211
1.03098
1.04991
1.06796
1.08491
1.1008
1.11548
1.12844
1.13895
1.14627
1.14988
1.14963
1.14588
1.13952
1.13186
1.12429
1.11798
1.11373
1.11197
1.11264
1.11525
1.11893
1.12273
1.12598
1.1285
1.1306
1.13281
1.13549
1.13866
1.14169
1.14334
1.14196
1.13608
1.12495
1.10894
1.08944
1.06863
1.04878
1.03163
1.01791
1.00737
0.999331
0.993234
0.988877
0.986336
0.985778
0.987419
0.991541
0.998487
1.00844
1.02109
1.03539
1.04963
1.06185
1.07051
1.07484
1.07493
1.07169
1.06663
1.06165
1.05861
1.05861
1.06156
1.0662
1.07066
1.07322
1.07281
1.06954
1.06499
1.06181
1.06212
1.0656
1.06958
1.07099
1.06833
1.06184
1.0524
1.0406
1.02666
1.01167
0.998368
0.990682
0.991487
1.00076
1.01592
1.03383
1.05223
1.06997
1.08656
1.10157
1.11448
1.12483
1.1325
1.13791
1.14202
1.14616
1.15165
1.15909
1.16766
1.17522
1.17929
1.17807
1.17101
1.15879
1.14307
1.12605
1.1098
1.09558
1.08353
1.07301
1.06335
1.05457
1.04756
1.04384
1.04489
1.05156
1.06357
1.07958
1.09745
1.11486
1.12976
1.14075
1.14717
1.14904
1.14676
1.14085
1.13171
1.11962
1.10481
1.0876
1.06875
1.04973
1.03279
1.02027
1.01351
1.01239
1.01567
1.02181
1.02954
1.03809
1.04696
1.0557
1.06359
1.06956
1.07216
1.0699
1.0618
1.04779
1.02894
1.00736
0.985893
0.96757
0.954855
0.94899
0.949832
0.956327
0.967249
0.981684
0.998929
1.01811
1.03792
1.05679
1.07336
1.08684
1.09715
1.10481
1.11023
1.1126
1.10989
1.10017
1.08325
1.0613
1.03817
1.01805
1.00395
0.99678
0.995572
0.998349
1.00313
1.00855
1.01406
1.01968
1.0254
1.03078
1.03469
1.03588
1.03389
1.03003
1.02736
1.02919
1.03678
1.04864
1.06177
1.07342
1.08186
1.0864
1.08717
1.08496
1.08079
1.07571
1.07053
1.06581
1.06172
1.05804
1.05422
1.04972
1.04424
1.03785
1.03115
1.02531
1.02204
1.02313
1.02979
1.04197
1.05832
1.07663
1.09469
1.11088
1.12435
1.13486
1.14247
1.14726
1.14923
1.14832
1.14448
1.13774
1.12841
1.11712
1.10483
1.09262
1.08132
1.0713
1.06248
1.05466
1.048
1.0434
1.04211
1.04486
1.05116
1.05923
1.06672
1.07147
1.07188
1.06706
1.0571
1.0433
1.02834
1.01577
1.00863
1.00822
1.0136
1.02277
1.03408
1.0469
1.06125
1.0772
1.09452
1.11271
1.13123
1.1496
1.16716
1.18276
1.19485
1.20188
1.2027
1.19679
1.1844
1.16655
1.14498
1.12184
1.09947
1.0799
1.06458
1.05415
1.0485
1.047
1.04877
1.05284
1.05818
1.06357
1.06767
1.06929
1.06779
1.06315
1.05572
1.04609
1.03493
1.02317
1.01209
1.00313
0.997392
0.995247
0.996081
0.998682
1.00182
1.00475
1.00736
1.00986
1.01249
1.01545
1.0189
1.02289
1.02721
1.03147
1.03527
1.0386
1.04186
1.04573
1.05069
1.05663
1.06295
1.06876
1.07341
1.0768
1.07951
1.08233
1.08568
1.08933
1.09288
1.09633
1.10008
1.10444
1.10918
1.11339
1.11586
1.11551
1.11168
1.10439
1.09441
1.08322
1.07274
1.06471
1.05998
1.05807
1.0573
1.05559
1.05134
1.04434
1.03607
1.02922
1.02673
1.03064
1.04144
1.05799
1.0778
1.09762
1.11407
1.12437
1.12691
1.12158
1.10975
1.09413
1.07805
1.06454
1.05533
1.05062
1.04948
1.05057
1.05269
1.05497
1.05681
1.05789
1.05812
1.0577
1.05687
1.05578
1.05439
1.05252
1.05
1.04687
1.04342
1.04002
1.03709
1.03493
1.03374
1.03382
1.03545
1.03869
1.04325
1.04857
1.054
1.05889
1.06283
1.06583
1.06845
1.07173
1.07694
1.08503
1.09607
1.10919
1.12286
1.13556
1.14628
1.15476
1.16101
1.16483
1.16549
1.1621
1.15424
1.14228
1.12743
1.1114
1.09611
1.08348
1.0752
1.07232
1.07468
1.0806
1.08728
1.09189
1.09252
1.08884
1.08205
1.07425
1.06757
1.06354
1.0631
1.06654
1.07319
1.08121
1.08829
1.09266
1.09373
1.09217
1.08948
1.08738
1.08725
1.08982
1.09494
1.10176
1.10925
1.11677
1.12414
1.13051
1.13379
1.13173
1.12336
1.10952
1.09216
1.07346
1.05531
1.03933
1.02694
1.01922
1.01644
1.01781
1.02156
1.02543
1.02739
1.02621
1.02175
1.01507
1.00796
1.00235
0.999588
1.00011
1.00373
1.01015
1.01939
1.03166
1.04693
1.06471
1.08401
1.10366
1.12264
1.14001
1.15452
1.16444
1.16792
1.16371
1.15188
1.13389
1.11229
1.09013
1.07033
1.05532
1.04692
1.04614
1.05274
1.06492
1.07976
1.09425
1.10626
1.1148
1.11975
1.12145
1.12039
1.11713
1.11219
1.10618
1.0999
1.09419
1.0897
1.08668
1.08481
1.08358
1.08253
1.08136
1.08001
1.07849
1.07701
1.07582
1.07509
1.07477
1.0746
1.07406
1.07265
1.06998
1.06591
1.06055
1.05443
1.04855
1.04435
1.04333
1.04637
1.05311
1.06199
1.07089
1.07796
1.08211
1.08306
1.08119
1.07732
1.07246
1.06785
1.06489
1.06499
1.06898
1.07641
1.08546
1.09381
1.09961
1.10211
1.10172
1.09968
1.09741
1.09575
1.09465
1.09347
1.09156
1.08871
1.08504
1.08072
1.07566
1.06937
1.06121
1.05054
1.03734
1.0225
1.00817
0.997506
0.993973
1.00005
1.01585
1.03905
1.06625
1.09448
1.1216
1.14609
1.16671
1.18237
1.19215
1.19552
1.19253
1.18391
1.17095
1.15513
1.13776
1.11975
1.10167
1.08394
1.06679
1.05025
1.03422
1.01876
1.00453
0.992801
0.984969
0.98177
0.982931
0.987447
0.994227
1.00251
1.01179
1.02146
1.03049
1.0376
1.04168
1.04229
1.03994
1.03586
1.03168
1.02904
1.02915
1.03243
1.03831
1.04557
1.05278
1.05883
1.06303
1.065
1.06436
1.0607
1.05406
1.0454
1.03697
1.03168
1.03173
1.03724
1.04618
1.05548
1.06242
1.06525
1.0633
1.05684
1.04688
1.035
1.02316
1.01353
1.00816
1.00838
1.01426
1.0247
1.03803
1.05273
1.06776
1.0825
1.09656
1.10964
1.12138
1.13125
1.13865
1.14309
1.14444
1.14304
1.13942
1.134
1.12701
1.11876
1.10996
1.10208
1.09718
1.09725
1.10346
1.11542
1.13117
1.14775
1.16208
1.1716
1.1745
1.16966
1.15671
1.13626
1.1104
1.08286
1.05815
1.03979
1.02898
1.02478
1.02538
1.02909
1.03448
1.04005
1.04411
1.04503
1.04184
1.03462
1.02456
1.01353
1.00344
0.995839
0.991858
0.992456
0.998366
1.00984
1.02634
1.04644
1.06806
1.08887
1.10668
1.11972
1.12676
1.12721
1.12115
1.10933
1.093
1.07382
1.0538
1.03536
1.02109
1.01327
1.01304
1.01994
1.03199
1.0463
1.0598
1.07005
1.07577
1.07714
1.07592
1.07506
1.0775
1.08456
1.09479
1.1047
1.1105
1.10989
1.10311
1.093
1.08354
1.07746
1.07524
1.07629
1.08023
1.08653
1.0938
1.09984
1.10239
1.09995
1.09215
1.07984
1.0649
1.04997
1.03797
1.03148
1.03199
1.03949
1.05275
1.06991
1.08889
1.10749
1.1234
1.13442
1.13872
1.13526
1.12426
1.10744
1.088
1.07001
1.0571
1.05121
1.05219
1.0583
1.06722
1.07671
1.08501
1.0908
1.09329
1.0923
1.08837
1.08256
1.07604
1.0697
1.06412
1.0598
1.0573
1.05701
1.05888
1.06241
1.0668
1.07099
1.07379
1.07426
1.07209
1.06784
1.06285
1.0587
1.05663
1.05724
1.06045
1.06557
1.07167
1.07771
1.08296
1.08723
1.09119
1.09603
1.1026
1.11058
1.11865
1.12521
1.12892
1.12888
1.12469
1.11649
1.10503
1.09169
1.0784
1.06706
1.05902
1.05454
1.05292
1.05302
1.05381
1.05481
1.05635
1.05937
1.06503
1.07386
1.08535
1.09783
1.10909
1.11716
1.12068
1.11902
1.11219
1.1008
1.08598
1.06944
1.05333
1.04001
1.03187
1.03085
1.0376
1.0507
1.06678
1.08195
1.09361
1.10107
1.10508
1.10667
1.10619
1.10314
1.09677
1.08675
1.07378
1.0594
1.0453
1.03227
1.01957
1.0053
0.987709
0.966833
0.945519
0.928597
0.920083
0.92048
0.9271
0.936572
0.946661
0.956547
0.966331
0.976597
0.988067
1.0012
1.01585
1.03101
1.04502
1.05597
1.06226
1.06311
1.0588
1.05063
1.04059
1.03092
1.02377
1.0207
1.02243
1.0286
1.03781
1.04792
1.05646
1.06122
1.06057
1.05378
1.041
1.02338
1.00294
0.982437
0.964916
0.953037
0.94813
0.949301
0.953332
0.955652
0.952214
0.941514
0.925646
0.909019
0.895185
0.885115
0.878921
0.877922
0.88459
0.901056
0.927537
0.961555
0.998426
1.03293
1.06105
1.08058
1.09096
1.09256
1.08633
1.07345
1.05546
1.03443
1.01312
0.994589
0.981415
0.974819
0.974531
0.979252
0.987099
0.99585
1.00318
1.00716
1.00683
1.0024
0.995064
0.986493
0.978111
0.970885
0.965498
0.962906
0.964594
0.971657
0.983152
0.995759
1.0055
1.00963
1.00727
0.999139
0.987168
0.974256
0.963754
0.958793
0.961531
0.972518
0.990576
1.01317
1.03722
1.05977
1.07827
1.09079
1.09625
1.09476
1.08776
1.07774
1.06744
1.05901
1.05346
1.05077
1.05019
1.05049
1.05023
1.04845
1.04507
1.04089
1.0371
1.03473
1.0343
1.03575
1.03854
1.042
1.04557
1.04899
1.05204
1.05432
1.0551
1.05344
1.04888
1.0418
1.03344
1.0253
1.01853
1.01358
1.01029
1.00832
1.0075
1.00808
1.01074
1.01626
1.02516
1.03726
1.05156
1.06643
1.07996
1.09037
1.09641
1.09763
1.09444
1.08803
1.08014
1.07245
1.0661
1.06138
1.05802
1.0556
1.05388
1.05303
1.05375
1.05701
1.06355
1.07319
1.08466
1.096
1.10545
1.11196
1.11547
1.11659
1.11627
1.11541
1.11441
1.11301
1.11025
1.10476
1.09558
1.083
1.0692
1.05802
1.05327
1.05642
1.06576
1.07796
1.0904
1.1021
1.11333
1.12455
1.13543
1.14478
1.15103
1.15299
1.1503
1.14337
1.13294
1.11976
1.10443
1.08757
1.07021
1.05392
1.04066
1.0323
1.03006
1.03399
1.04301
1.05523
1.06869
1.08193
1.09425
1.10556
1.11604
1.12593
1.13527
1.14373
1.15069
1.15548
1.15774
1.1576
1.15566
1.1526
1.14902
1.14545
1.14247
1.14076
1.14074
1.14195
1.14283
1.14103
1.13434
1.12152
1.10271
1.07933
1.05376
1.02873
1.00655
0.988521
0.974583
0.963713
0.954615
0.94633
0.938548
0.931549
0.925911
0.922225
0.920842
0.921732
0.924392
0.927842
0.930678
0.931423
0.929096
0.923817
0.917112
0.911598
0.91002
0.914005
0.923193
0.935453
0.947915
0.95822
0.965377
0.969953
0.973526
0.977777
0.983627
0.990926
0.998829
1.00642
1.01311
1.01866
1.02307
1.02643
1.02879
1.03026
1.03103
1.03141
1.03177
1.03262
1.03454
1.03824
1.04434
1.05298
1.06326
1.07324
1.0803
1.08207
1.07714
1.06546
1.04814
1.02711
1.00467
0.98327
0.965352
0.953118
0.948256
0.951582
0.962785
0.980375
1.00191
1.02442
1.04503
1.06147
1.07235
1.07736
1.07725
1.07364
1.06878
1.06513
1.06501
1.07015
1.0809
1.09573
1.11171
1.12578
1.1359
1.1415
1.14326
1.14244
1.14035
1.13784
1.13503
1.13128
1.12562
1.11744
1.10698
1.09531
1.08388
1.07389
1.06627
1.06175
1.06082
1.06339
1.06853
1.07454
1.07932
1.08102
1.07868
1.0727
1.06485
1.05793
1.05484
1.05706
1.06356
1.07148
1.07791
1.08128
1.0814
1.07899
1.07498
1.07016
1.06489
1.05913
1.05247
1.04434
1.03425
1.02207
1.00841
0.994814
0.983695
0.977461
0.97733
0.982696
0.991477
1.00114
1.00969
1.01627
1.02134
1.02651
1.03399
1.04588
1.06348
1.08687
1.11475
1.14463
1.17338
1.1978
1.21517
1.22352
1.22188
1.21033
1.19013
1.16364
1.13416
1.10538
1.08054
1.06157
1.04874
1.04087
1.03628
1.03369
1.03256
1.03279
1.03403
1.03539
1.03578
1.0351
1.03462
1.03647
1.04232
1.05234
1.06519
1.07865
1.09042
1.09867
1.10238
1.10141
1.09635
1.08839
1.07893
1.0691
1.05947
1.04997
1.04019
1.03
1.02028
1.01353
1.01323
1.02177
1.03852
1.06021
1.08287
1.10355
1.12116
1.13628
1.15037
1.16432
1.17761
1.18868
1.19585
1.19805
1.19491
1.18661
1.17388
1.15789
1.14026
1.12289
1.10763
1.09579
1.08788
1.08352
1.08184
1.08203
1.08378
1.08724
1.09257
1.09928
1.10621
1.11187
1.11492
1.11446
1.11015
1.10239
1.09231
1.08161
1.07206
1.06493
1.06059
1.05861
1.0582
1.05886
1.06056
1.06379
1.06918
1.07722
1.08795
1.10073
1.11422
1.12648
1.13546
1.13954
1.13788
1.13055
1.11848
1.10313
1.08619
1.06928
1.0538
1.04103
1.0319
1.02668
1.02459
1.02384
1.02229
1.01823
1.01054
0.99906
0.98494
0.970854
0.960483
0.957245
0.963049
0.977757
0.999387
1.0248
1.05051
1.07364
1.09228
1.10555
1.11336
1.11614
1.11479
1.11073
1.1057
1.10133
1.09876
1.09851
1.10066
1.10501
1.11128
1.11897
1.12738
1.13561
1.14255
1.14698
1.14768
1.14368
1.13465
1.12123
1.1049
1.0877
1.0714
1.05714
1.04561
1.03746
1.03332
1.03344
1.0373
1.04384
1.05189
1.06058
1.06943
1.07816
1.08633
1.09323
1.09819
1.10074
1.10095
1.09939
1.09705
1.09496
1.09389
1.09409
1.09514
1.09606
1.09571
1.09337
1.0891
1.08375
1.07857
1.0746
1.07223
1.07115
1.07082
1.07096
1.07167
1.07326
1.07609
1.08065
1.08767
1.09773
1.1108
1.12598
1.14159
1.15574
1.16681
1.17374
1.17626
1.17486
1.17041
1.16404
1.1568
1.14952
1.14267
1.13625
1.12979
1.12234
1.11287
1.1006
1.08545
1.06828
1.05116
1.0373
1.02999
1.03097
1.03912
1.05122
1.064
1.07554
1.08552
1.0947
1.10404
1.11418
1.12525
1.13738
1.151
1.16654
1.18357
1.20046
1.21481
1.22431
1.22716
1.22213
1.2087
1.18712
1.15862
1.12538
1.09026
1.0564
1.02668
1.00353
0.988572
0.98239
0.984306
0.992646
1.00521
1.01977
1.03433
1.04738
1.05808
1.06627
1.07235
1.0772
1.08204
1.08833
1.09736
1.10986
1.12568
1.14389
1.16318
1.18237
1.20064
1.21751
1.23261
1.2454
1.25504
1.26045
1.2604
1.25382
1.23993
1.21844
1.18989
1.15597
1.11961
1.0846
1.05464
1.03255
1.0198
1.01652
1.02167
1.03328
1.04905
1.06701
1.08595
1.10529
1.12455
1.1428
1.15828
1.16869
1.17166
1.16555
1.15031
1.12809
1.10337
1.08192
1.06865
1.0653
1.06973
1.07785
1.08612
1.09257
1.09656
1.09824
1.09812
1.09691
1.09534
1.09394
1.09289
1.09188
1.09023
1.0873
1.08271
1.07648
1.06889
1.06036
1.0512
1.04174
1.03258
1.02475
1.01969
1.01876
1.02255
1.03038
1.04063
1.0515
1.06182
1.07111
1.07941
1.0868
1.09328
1.09868
1.10273
1.1051
1.10543
1.10342
1.09887
1.0918
1.0825
1.07153
1.05964
1.04767
1.03656
1.02733
1.02103
1.01835
1.01926
1.02283
1.02769
1.03253
1.03642
1.03873
1.03903
1.03695
1.03239
1.02609
1.02035
1.01888
1.02497
1.039
1.05779
1.07635
1.09013
1.09615
1.09312
1.08123
1.06184
1.03714
1.00969
0.982102
0.956702
0.935398
0.919565
0.909922
0.906364
0.908055
0.913801
0.922519
0.933464
0.946062
0.959699
0.973738
0.987601
1.00078
1.0128
1.0233
1.03207
1.03908
1.04425
1.04749
1.04874
1.04821
1.04642
1.04439
1.0436
1.04554
1.051
1.05954
1.0696
1.0794
1.08772
1.09428
1.09931
1.10303
1.10534
1.10585
1.10432
1.10111
1.09729
1.09444
1.09405
1.09685
1.10261
1.11026
1.11822
1.12461
1.12752
1.12539
1.11747
1.1042
1.08711
1.06856
1.05119
1.03739
1.02883
1.02595
1.02778
1.03203
1.03586
1.03676
1.03358
1.02716
1.02
1.01541
1.01594
1.02232
1.0332
1.04581
1.05716
1.06507
1.06862
1.06795
1.06358
1.05596
1.04568
1.03404
1.02327
1.01584
1.01331
1.01569
1.02188
1.03059
1.04087
1.0521
1.06366
1.07473
1.08402
1.09001
1.09132
1.08712
1.07737
1.06291
1.04552
1.02802
1.0138
1.00568
1.00478
1.01027
1.02026
1.03268
1.04568
1.05743
1.06622
1.0707
1.07021
1.06488
1.05543
1.04295
1.02864
1.01392
1.00037
0.98979
0.984028
0.984749
0.993125
1.00941
1.03248
1.05966
1.08726
1.1117
1.13044
1.14238
1.14756
1.14667
1.14073
1.13082
1.1181
1.10377
1.08905
1.07505
1.06254
1.05183
1.0429
1.03571
1.03057
1.02813
1.02895
1.03283
1.03885
1.04581
1.05267
1.05873
1.06353
1.06675
1.0683
1.06837
1.06732
1.06542
1.06248
1.05784
1.05078
1.04113
1.02962
1.01745
1.00531
0.993088
0.980566
0.968401
0.958383
0.952824
0.95363
0.961748
0.976948
0.998079
1.02333
1.05055
1.07754
1.10239
1.12374
1.14067
1.15252
1.15858
1.15819
1.1511
1.13784
1.11999
1.09993
1.08045
1.06389
1.05172
1.04464
1.04309
1.04748
1.05768
1.07229
1.0886
1.10339
1.1142
1.12022
1.12231
1.12205
1.12044
1.11773
1.11434
1.11157
1.11113
1.11403
1.11996
1.12754
1.13527
1.14216
1.14776
1.15197
1.15462
1.15533
1.15352
1.14856
1.14012
1.12837
1.11404
1.09841
1.08321
1.07037
1.06155
1.05756
1.05801
1.06147
1.06574
1.06857
1.06825
1.06427
1.05776
1.05113
1.04703
1.04685
1.05017
1.05526
1.06012
1.06308
1.06305
1.05975
1.05409
1.04852
1.04658
1.05107
1.06211
1.07675
1.09064
1.10005
1.10276
1.098
1.08613
1.06841
1.04707
1.02504
1.00549
0.991261
0.984796
0.987785
1.00049
1.02148
1.04804
1.07681
1.10422
1.12699
1.14257
1.14964
1.14832
1.14018
1.12783
1.11425
1.10189
1.09211
1.085
1.07972
1.0749
1.06908
1.06102
1.05005
1.03632
1.02087
1.00537
0.991717
0.981646
0.976422
0.976713
0.982614
0.993874
1.01005
1.03039
1.05362
1.07796
1.10134
1.12176
1.13751
1.14717
1.14958
1.1436
1.128
1.10193
1.06635
1.02601
0.989594
0.965792
0.958346
0.964957
0.980032
0.998313
1.01687
1.03463
1.05106
1.06536
1.07631
1.08267
1.08401
1.08137
1.07722
1.07361
1.0702
1.06464
1.05549
1.04443
1.03549
1.03244
1.03668
1.0468
1.05963
1.07152
1.07938
1.08136
1.07709
1.0676
1.05488
1.04143
1.03004
1.02356
1.02434
1.03353
1.05051
1.07311
1.09829
1.1229
1.1444
1.16106
1.17192
1.17649
1.17457
1.16611
1.15141
1.13117
1.1067
1.07971
1.05225
1.02665
1.00556
0.99153
0.986157
0.989403
0.999685
1.01457
1.03161
1.04871
1.06423
1.07685
1.0856
1.08985
1.08942
1.08457
1.076
1.06481
1.05239
1.04023
1.03004
1.02384
1.02385
1.03172
1.04771
1.0701
1.09555
1.11978
1.13882
1.1501
1.1535
1.15149
1.14826
1.14761
1.15107
1.15748
1.16404
1.16785
1.1669
1.16022
1.14787
1.13067
1.11016
1.08854
1.06833
1.05178
1.04025
1.03387
1.03159
1.03184
1.03322
1.03533
1.03872
1.04427
1.05204
1.06073
1.06795
1.07114
1.06833
1.05878
1.0434
1.02502
1.00785
0.995895
0.991206
0.993635
1.0017
1.01353
1.02711
1.04006
1.0497
1.05378
1.05183
1.0467
1.04413
1.04913
1.06159
1.07681
1.09001
1.0995
1.10612
1.11133
1.11585
1.11926
1.12065
1.11912
1.11415
1.10574
1.09449
1.08183
1.07009
1.06216
1.06036
1.0653
1.07568
1.08893
1.10196
1.11203
1.11739
1.11755
1.11302
1.10484
1.09422
1.08243
1.07079
1.06024
1.05106
1.04293
1.03555
1.02918
1.02473
1.02332
1.02564
1.03152
1.04016
1.05059
1.06214
1.07464
1.0883
1.10337
1.11975
1.13678
1.15327
1.16787
1.17943
1.18721
1.19104
1.19112
1.18786
1.18158
1.17221
1.15932
1.14239
1.12133
1.09711
1.07236
1.05136
1.03894
1.03805
1.04794
1.06504
1.08506
1.10469
1.12207
1.13659
1.14853
1.15849
1.16689
1.17359
1.17794
1.17931
1.17774
1.17413
1.16959
1.16445
1.15816
1.1502
1.14061
1.12971
1.11772
1.10488
1.09162
1.07843
1.06579
1.05421
1.04447
1.03763
1.03453
1.03569
1.04135
1.05154
1.06572
1.08229
1.09877
1.11297
1.12384
1.13135
1.13596
1.13818
1.13855
1.1377
1.1361
1.13375
1.13007
1.12415
1.11533
1.10374
1.09052
1.0775
1.06641
1.0581
1.0523
1.0481
1.04478
1.04211
1.04002
1.0381
1.03546
1.03115
1.02479
1.0171
1.00975
1.00463
1.00267
1.00307
1.00365
1.00222
0.99784
0.991669
0.986651
0.986158
0.992207
1.00471
1.02198
1.04192
1.06291
1.08378
1.10303
1.11828
1.12686
1.12748
1.12205
1.1159
1.11516
1.12279
1.13711
1.15343
1.16659
1.17237
1.16814
1.153
1.12774
1.09515
1.06044
1.03096
1.01424
1.01442
1.0293
1.05113
1.07126
1.08429
1.08872
1.08559
1.07708
1.06565
1.0538
1.04404
1.03865
1.0392
1.04594
1.05756
1.07154
1.08479
1.09449
1.09875
1.09717
1.09105
1.08302
1.07591
1.07155
1.07056
1.07292
1.07815
1.08535
1.09328
1.10063
1.10647
1.1105
1.11301
1.11468
1.11615
1.11763
1.11875
1.11855
1.11587
1.10979
1.10011
1.08762
1.07401
1.0612
1.05055
1.04222
1.03541
1.02916
1.02305
1.01737
1.01294
1.01079
1.01182
1.01657
1.02491
1.03595
1.04833
1.06058
1.07139
1.07958
1.08424
1.08485
1.08158
1.07538
1.0678
1.06054
1.05492
1.05163
1.0507
1.05179
1.05463
1.05907
1.06467
1.07026
1.07411
1.0747
1.07126
1.06405
1.05418
1.04346
1.03422
1.02901
1.02978
1.03691
1.04863
1.06174
1.07316
1.08119
1.08582
1.08796
1.08853
1.08819
1.08737
1.08654
1.08632
1.08729
1.08935
1.09134
1.09152
1.08883
1.08388
1.07897
1.07677
1.07857
1.08327
1.08819
1.09065
1.08924
1.08418
1.07709
1.07053
1.06712
1.06851
1.07469
1.08396
1.09366
1.10111
1.10436
1.10251
1.09592
1.08623
1.07611
1.06847
1.06555
1.06812
1.07536
1.08536
1.09587
1.10496
1.11132
1.11423
1.11354
1.10969
1.10356
1.09618
1.08837
1.08052
1.07277
1.06516
1.05768
1.05042
1.04364
1.03783
1.0337
1.03208
1.03355
1.03824
1.04566
1.05477
1.06417
1.07228
1.07753
1.07863
1.07488
1.06635
1.05402
1.03954
1.02488
1.01195
1.00234
0.997035
0.996107
0.998727
1.00358
1.00936
1.01516
1.02047
1.02525
1.02993
1.03525
1.04183
1.04988
1.05897
1.0682
1.07651
1.0828
1.08613
1.08582
1.08161
1.07383
1.06341
1.05187
1.04099
1.03234
1.02681
1.02439
1.02411
1.02454
1.02431
1.02276
1.02017
1.01748
1.01571
1.01552
1.01723
1.02086
1.02609
1.03213
1.0379
1.04249
1.04556
1.04749
1.0492
1.05165
1.05563
1.06161
1.06975
1.0798
1.09078
1.10101
1.10852
1.11161
1.10934
1.10177
1.09002
1.07598
1.06177
1.04892
1.03765
1.02675
1.01447
0.999778
0.983337
0.967808
0.957157
0.955308
0.96467
0.985206
1.01442
1.0481
1.08146
1.1104
1.13214
1.14536
1.15006
1.14744
1.13966
1.12935
1.11886
1.10942
1.101
1.09282
1.08429
1.07579
1.06883
1.06542
1.06675
1.07228
1.0799
1.08698
1.09166
1.09341
1.09325
1.09322
1.09536
1.10046
1.10768
1.11525
1.12135
1.12469
1.12455
1.12081
1.11382
1.10427
1.09301
1.08091
1.06875
1.05731
1.0474
1.03986
1.0353
1.034
1.03582
1.04044
1.04719
1.05509
1.0627
1.06836
1.07045
1.06792
1.06098
1.05153
1.04276
1.03777
1.0381
1.0433
1.05158
1.06083
1.06928
1.07576
1.0797
1.08106
1.08025
1.07799
1.07516
1.07271
1.07141
1.07168
1.0735
1.07639
1.07963
1.08257
1.08491
1.08687
1.08902
1.092
1.09621
1.10141
1.10669
1.11056
1.1115
1.10844
1.10114
1.09014
1.0765
1.06134
1.04544
1.02918
1.01278
0.996904
0.98318
0.974264
0.973197
0.981929
0.999763
1.02318
1.04768
1.06995
1.08844
1.10282
1.1134
1.12059
1.12456
1.12508
1.12167
1.11401
1.1023
1.08741
1.07059
1.05317
1.03625
1.02086
1.00818
0.999786
0.99748
1.00274
1.01566
1.03416
1.05429
1.07175
1.08332
1.08759
1.08491
1.07713
1.06727
1.05898
1.0555
1.05839
1.06664
1.07718
1.08652
1.09238
1.09442
1.09394
1.09299
1.09343
1.09623
1.10127
1.10746
1.11329
1.11748
1.11952
1.11991
1.11994
1.12115
1.12437
1.12931
1.13455
1.13802
1.13776
1.13249
1.12189
1.1068
1.08935
1.07269
1.06013
1.05376
1.05378
1.05886
1.06722
1.07732
1.08801
1.09851
1.10827
1.11708
1.12511
1.13264
1.13971
1.14586
1.15038
1.15288
1.15365
1.15366
1.1539
1.15477
1.15585
1.15604
1.15415
1.14931
1.14114
1.12952
1.11434
1.09599
1.07617
1.05842
1.04658
1.04214
1.04354
1.04783
1.05229
1.05485
1.05414
1.04986
1.04305
1.03589
1.03062
1.02841
1.02891
1.03083
1.03285
1.03404
1.03395
1.03248
1.0298
1.0263
1.02264
1.01972
1.01852
1.01975
1.02353
1.02948
1.03712
1.04622
1.05684
1.06915
1.08322
1.09886
1.11561
1.13264
1.14874
1.16242
1.17217
1.17678
1.1756
1.16861
1.15641
1.14008
1.12091
1.10004
1.07857
1.05821
1.04207
1.03427
1.03744
1.05054
1.06953
1.08981
1.1078
1.12138
1.12963
1.13261
1.13099
1.12555
1.11687
1.10528
1.09118
1.07539
1.05916
1.04365
1.02958
1.01719
1.00642
0.997227
0.989797
0.98459
0.982162
0.982878
0.986651
0.992931
1.00098
1.01008
1.01965
1.02912
1.03776
1.04469
1.04897
1.04995
1.04756
1.04257
1.0365
1.0313
1.02889
1.03079
1.03757
1.04863
1.06235
1.07639
1.08824
1.09571
1.09732
1.0927
1.08271
1.06938
1.05522
1.04215
1.03084
1.02084
1.01154
1.00313
0.996636
0.993278
0.993708
0.997914
1.00557
1.01629
1.02972
1.04516
1.06137
1.07671
1.08945
1.09826
1.10256
1.10249
1.09859
1.0916
1.08254
1.07266
1.06328
1.05523
1.04862
1.04281
1.03689
1.03012
1.02226
1.01363
1.00488
0.9968
0.990096
0.985342
0.982899
0.982921
0.985391
0.99009
0.996504
1.00373
1.01063
1.01614
1.01957
1.02089
1.0206
1.01952
1.01837
1.01761
1.01746
1.01812
1.02006
1.02394
1.03027
1.03891
1.04886
1.05858
1.06662
1.07211
1.07482
1.07488
1.07249
1.06787
1.0614
1.05395
1.04702
1.04231
1.04092
1.04271
1.04621
1.04928
1.05021
1.04863
1.0458
1.04382
1.04437
1.04778
1.05299
1.05821
1.06154
1.06161
1.05792
1.05084
1.04152
1.03165
1.02304
1.01714
1.01462
1.01524
1.01801
1.02172
1.02539
1.02855
1.0312
1.03361
1.03598
1.03833
1.04052
1.04242
1.04433
1.04693
1.05113
1.05742
1.06545
1.07399
1.08168
1.08772
1.09217
1.0958
1.09995
1.10628
1.11629
1.13065
1.14863
1.1683
1.18713
1.20278
1.21353
1.21842
1.21715
1.20984
1.19698
1.17938
1.15815
1.13467
1.11044
1.08719
1.06675
1.0507
1.04002
1.03509
1.03585
1.04184
1.05201
1.06472
1.07812
1.0904
1.10016
1.10644
1.10874
1.10712
1.10222
1.09528
1.08769
1.08035
1.07337
1.06623
1.05839
1.04992
1.04176
1.03547
1.03272
1.03456
1.04101
1.05101
1.06281
1.07459
1.08479
1.09246
1.09723
1.09933
1.09932
1.09763
1.0941
1.08807
1.07897
1.06713
1.05421
1.04285
1.03571
1.03461
1.03997
1.05099
1.06602
1.08294
1.09969
1.11466
1.12705
1.13689
1.14465
1.15054
1.15396
1.15365
1.14839
1.13781
1.12268
1.1048
1.08642
1.06971
1.05652
1.04837
1.04652
1.05165
1.06343
1.08024
1.09941
1.11784
1.13268
1.14182
1.14418
1.13971
1.12939
1.11509
1.09921
1.08416
1.07176
1.06286
1.05745
1.05487
1.05415
1.05419
1.05404
1.05314
1.05137
1.04879
1.04533
1.04054
1.03391
1.02547
1.01625
1.00817
1.00293
1.00101
1.00136
1.00229
1.00223
1.00022
0.996296
0.991482
0.987332
0.985196
0.98558
0.98815
0.992309
0.99799
1.006
1.01738
1.03218
1.04876
1.06443
1.07683
1.08476
1.0883
1.08846
1.08659
1.08385
1.08079
1.07721
1.07238
1.06562
1.05682
1.04696
1.03806
1.03254
1.03201
1.03621
1.04347
1.05191
1.06045
1.06891
1.07748
1.08622
1.09496
1.10361
1.11254
1.12236
1.13331
1.14471
1.15497
1.16211
1.16435
1.16064
1.15097
1.13653
1.11941
1.10186
1.08559
1.07152
1.06008
1.05161
1.0465
1.04483
1.04601
1.04862
1.05092
1.05148
1.04971
1.04606
1.04181
1.03863
1.0381
1.04118
1.04778
1.05664
1.06584
1.07335
1.0776
1.07768
1.07348
1.06574
1.05605
1.04665
1.04004
1.03837
1.04274
1.05281
1.06689
1.08238
1.09653
1.10701
1.11225
1.11153
1.1049
1.09312
1.07761
1.06031
1.04334
1.02849
1.0167
1.00812
1.00267
1.00058
1.00259
1.00923
1.02007
1.03334
1.04639
1.05658
1.06211
1.06262
1.05933
1.05438
1.04991
1.04705
1.04571
1.04515
1.04473
1.0442
1.0436
1.04288
1.04151
1.03853
1.03296
1.02442
1.01355
1.00205
0.992237
0.986226
0.985321
0.989817
0.999036
1.01143
1.02504
1.03804
1.04926
1.0582
1.06499
1.07021
1.07466
1.07892
1.083
1.08628
1.08789
1.08709
1.08342
1.07677
1.06733
1.05553
1.04197
1.02767
1.01443
1.00497
1.00216
1.00783
1.02182
1.04207
1.06567
1.08961
1.11132
1.12906
1.14212
1.15095
1.15645
1.15931
1.15971
1.15754
1.15269
1.14531
1.13579
1.12475
1.11289
1.10101
1.08984
1.07998
1.07193
1.06595
1.0621
1.06025
1.06011
1.0613
1.06336
1.0658
1.06805
1.06953
1.06963
1.06786
1.06404
1.05838
1.05177
1.0455
1.041
1.03916
1.04005
1.04298
1.04709
1.05176
1.05651
1.06068
1.06347
1.06437
1.0634
1.061
1.05762
1.05353
1.04869
1.04294
1.03607
1.02813
1.01967
1.0117
1.00555
1.00238
1.00259
1.00568
1.01042
1.01532
1.01917
1.02134
1.02199
1.02205
1.023
1.02636
1.0331
1.04307
1.0547
1.06561
1.07362
1.0777
1.0784
1.0775
1.07721
1.07927
1.08405
1.09041
1.09642
1.10039
1.10145
1.09966
1.0958
1.09102
1.0867
1.0839
1.08293
1.08299
1.08249
1.07964
1.07325
1.06295
1.04923
1.03305
1.01564
0.998517
0.983769
0.974139
0.972609
0.981113
0.999133
1.02341
1.04939
1.07312
1.09227
1.10612
1.11519
1.12072
1.12411
1.12642
1.12807
1.12908
1.12959
1.13033
1.13265
1.13755
1.14487
1.15334
1.16148
1.16842
1.1738
1.17727
1.17831
1.17615
1.1701
1.15977
1.1453
1.12748
1.10761
1.08728
1.06818
1.05173
1.0388
1.02947
1.02305
1.01842
1.01465
1.01181
1.01123
1.01461
1.02237
1.03277
1.04302
1.051
1.05601
1.05857
1.05985
1.06114
1.06323
1.06615
1.06935
1.07228
1.07487
1.07746
1.08003
1.08169
1.08091
1.07669
1.06986
1.06355
1.06193
1.06796
1.08163
1.10008
1.11919
1.13516
1.14529
1.14827
1.14402
1.13339
1.11775
1.09876
1.07828
1.05851
1.04178
1.02995
1.02372
1.02259
1.02544
1.03104
1.03823
1.04581
1.05276
1.05831
1.06211
1.06411
1.06438
1.06304
1.06041
1.05715
1.05426
1.05274
1.05312
1.05522
1.05815
1.06068
1.06178
1.06109
1.05904
1.05672
1.05556
1.05666
1.06041
1.06634
1.07326
1.07973
1.08451
1.08675
1.08604
1.08226
1.07554
1.06623
1.05507
1.04324
1.0322
1.02317
1.01654
1.01178
1.00791
1.00423
1.00081
0.998511
0.998658
1.00257
1.01106
1.02409
1.04086
1.06002
1.08
1.09907
1.11536
1.12699
1.1323
1.13021
1.12041
1.10355
1.08144
1.05695
1.03348
1.01393
1.00037
0.99423
0.99634
1.00639
1.02238
1.04135
1.06067
1.07883
1.09555
1.1112
1.12619
1.14048
1.15337
1.16374
1.17027
1.17194
1.16844
1.16047
1.14975
1.13862
1.12941
1.12351
1.12108
1.12118
1.12232
1.123
1.12214
1.11928
1.11467
1.10927
1.10463
1.10224
1.10272
1.10554
1.10919
1.1121
1.11331
1.11278
1.11113
1.10913
1.10732
1.1059
1.10482
1.10386
1.1029
1.10209
1.10183
1.10256
1.10454
1.10781
1.11212
1.11694
1.12153
1.12498
1.12608
1.12343
1.11588
1.10321
1.08656
1.06828
1.05108
1.03694
1.02641
1.01881
1.01315
1.00894
1.00653
1.00691
1.01085
1.01807
1.0269
1.03473
1.03906
1.03853
1.03358
1.02629
1.0196
1.01621
1.01767
1.02407
1.0343
1.04667
1.05974
1.073
1.08684
1.10168
1.11675
1.12994
1.13876
1.14132
1.13691
1.12619
1.11119
1.09517
1.08149
1.07195
1.06619
1.06259
1.05936
1.05475
1.04725
1.03614
1.02195
1.00639
0.991553
0.97886
0.968654
0.960488
0.953824
0.948676
0.945798
0.946268
0.950693
0.958632
0.968766
0.979477
0.989521
0.998281
1.00577
1.01245
1.01892
1.02557
1.03236
1.03869
1.04367
1.04652
1.04681
1.0448
1.04147
1.03845
1.03771
1.04077
1.04799
1.05839
1.07012
1.08129
1.09057
1.09718
1.10073
1.10098
1.0978
1.09146
1.08273
1.07293
1.06344
1.05514
1.04814
1.04203
1.03658
1.03201
1.02888
1.02753
1.0276
1.02804
1.02769
1.02601
1.02346
1.02132
1.02095
1.02318
1.02783
1.0338
1.03962
1.04398
1.04624
1.04645
1.04508
1.04267
1.03941
1.03519
1.02982
1.02323
1.01561
1.00746
0.999756
0.994298
0.99374
1.00058
1.01525
1.03525
1.05643
1.07532
1.09037
1.10184
1.11099
1.11909
1.12687
1.13421
1.14036
1.14428
1.14499
1.14167
1.1339
1.12195
1.10731
1.09298
1.08294
1.08034
1.08572
1.09685
1.11004
1.12178
1.12957
1.13196
1.12854
1.11971
1.10647
1.09017
1.07222
1.05401
1.03702
1.02285
1.01283
1.00735
1.0055
1.00543
1.00544
1.00508
1.00541
1.00787
1.01297
1.0206
1.031
1.04467
1.06133
1.07937
1.09642
1.11042
1.12012
1.12498
1.12494
1.12024
1.11133
1.09891
1.08414
1.06862
1.05448
1.04414
1.03989
1.04312
1.05373
1.0701
1.08958
1.10923
1.1264
1.13898
1.14557
1.14577
1.14032
1.13102
1.12011
1.10945
1.09994
1.09163
1.0843
1.07786
1.07243
1.06825
1.06549
1.06431
1.06483
1.06724
1.07169
1.07791
1.08499
1.09142
1.09574
1.09714
1.09579
1.09272
1.08937
1.08706
1.08651
1.08753
1.08928
1.09067
1.09097
1.09005
1.08843
1.08694
1.08631
1.08664
1.08704
1.08586
1.08151
1.07375
1.06432
1.05614
1.05151
1.05104
1.05423
1.06056
1.0697
1.08111
1.09376
1.10621
1.11716
1.12595
1.13279
1.13836
1.1433
1.14766
1.15105
1.15298
1.15306
1.15119
1.14733
1.14126
1.13269
1.12154
1.10845
1.0949
1.08268
1.0734
1.06798
1.0664
1.0678
1.0708
1.07415
1.07742
1.08112
1.08636
1.09406
1.10433
1.11626
1.12808
1.13776
1.14347
1.14404
1.13911
1.12907
1.11483
1.09782
1.07985
1.0631
1.04968
1.04095
1.03681
1.03591
1.03658
1.03785
1.03966
1.0423
1.04564
1.04877
1.05031
1.04907
1.04458
1.03725
1.02812
1.0186
1.01013
1.00402
1.00136
1.00282
1.00858
1.01806
1.03006
1.04294
1.05524
1.06619
1.07597
1.08543
1.09525
1.10541
1.11509
1.12307
1.12819
1.12991
1.12849
1.1252
1.12204
1.12102
1.12327
1.12852
1.13546
1.14269
1.14955
1.15622
1.16316
1.17029
1.17654
1.17997
1.17832
1.16974
1.15334
1.12942
1.09963
1.06679
1.03463
1.00699
0.98687
0.975655
0.972951
0.977084
0.985942
0.997553
1.01041
1.02344
1.03588
1.04718
1.05691
1.06479
1.07078
1.07498
1.07764
1.07899
1.07911
1.07788
1.07506
1.07049
1.06416
1.05624
1.04704
1.03712
1.02737
1.01902
1.0133
1.01105
1.01239
1.01659
1.02233
1.02835
1.03379
1.03842
1.04244
1.04634
1.05058
1.05544
1.06075
1.0659
1.06998
1.07228
1.07286
1.07249
1.07215
1.07234
1.0731
1.07435
1.07618
1.07862
1.08126
1.08314
1.08305
1.07987
1.07283
1.0618
1.04754
1.03192
1.01762
1.00728
1.00252
1.00334
1.0085
1.01635
1.02559
1.03547
1.04555
1.05554
1.06511
1.07399
1.0821
1.08963
1.09688
1.10401
1.11088
1.11708
1.12221
1.12634
1.13007
1.1345
1.14072
1.14914
1.15898
1.16826
1.17421
1.17422
1.16652
1.15065
1.12762
1.09983
1.07082
1.04471
1.02516
1.0144
1.01251
1.01749
1.02585
1.03369
1.03764
1.03564
1.02728
1.01361
0.996791
0.979602
0.964969
0.955478
0.952899
0.95771
0.968989
0.984741
1.00247
1.01969
1.03428
1.04467
1.04991
1.04986
1.04537
1.03837
1.03156
1.0272
1.02572
1.02542
1.02412
1.02143
1.0201
1.02449
1.03687
1.05532
1.07574
1.09471
1.11024
1.12099
1.12577
1.12369
1.1145
1.09884
1.07792
1.05331
1.02689
1.0013
0.980321
0.968433
0.968805
0.981092
1.00128
1.0241
1.04559
1.06409
1.07958
1.09271
1.10401
1.11383
1.1224
1.1298
1.13571
1.13931
1.13942
1.13503
1.12584
1.1127
1.09758
1.08285
1.07027
1.06038
1.05276
1.04671
1.04203
1.03932
1.03949
1.04312
1.04992
1.05854
1.06699
1.0735
1.07743
1.07966
1.08214
1.08656
1.09305
1.10017
1.1062
1.11028
1.11244
1.11292
1.11149
1.10758
1.1009
1.092
1.08237
1.07423
1.06974
1.07025
1.07579
1.08511
1.09625
1.10713
1.11587
1.12103
1.1216
1.11718
1.10812
1.09556
1.08132
1.0676
1.05664
1.05022
1.04889
1.05149
1.05573
1.05946
1.0618
1.06348
1.06629
1.07213
1.0821
1.09595
1.11221
1.12861
1.1427
1.15239
1.15627
1.15385
1.14557
1.13287
1.11791
1.1032
1.09097
1.0826
1.07818
1.07668
1.07662
1.07735
1.07976
1.08577
1.09616
1.10896
1.12063
1.1283
1.13072
1.12793
1.12069
1.11014
1.09752
1.08397
1.07025
1.05693
1.04486
1.03565
1.03142
1.03374
1.0424
1.05554
1.07069
1.08586
1.09987
1.11216
1.12233
1.13003
1.13514
1.13808
1.13992
1.14229
1.14662
1.15343
1.16201
1.17076
1.17781
1.18168
1.18168
1.17779
1.17036
1.15967
1.14576
1.12862
1.10856
1.08664
1.06471
1.04504
1.02958
1.0195
1.01518
1.01655
1.02321
1.0338
1.04559
1.05488
1.05844
1.05489
1.04523
1.03244
1.02029
1.01189
1.00883
1.01116
1.01792
1.02773
1.03938
1.05209
1.06534
1.07853
1.09068
1.10035
1.10607
1.10687
1.10302
1.09653
1.09077
1.08891
1.09204
1.09893
1.10746
1.11593
1.12337
1.12905
1.13213
1.13157
1.12655
1.11692
1.10386
1.08981
1.07758
1.06889
1.06373
1.061
1.05946
1.05822
1.05659
1.0541
1.05055
1.04607
1.04107
1.03588
1.0305
1.0247
1.01839
1.01221
1.00777
1.00733
1.01268
1.02412
1.03989
1.05665
1.07077
1.07963
1.08248
1.08037
1.07513
1.06835
1.06102
1.05392
1.04806
1.04472
1.04504
1.04943
1.0573
1.06698
1.07629
1.08329
1.08687
1.08717
1.0855
1.08374
1.08358
1.08562
1.08903
1.09191
1.09216
1.08856
1.08155
1.07326
1.06694
1.06572
1.07128
1.08313
1.09896
1.11559
1.12981
1.1392
1.14269
1.14058
1.13421
1.12553
1.11658
1.10892
1.10319
1.09925
1.09664
1.09508
1.09445
1.09448
1.09457
1.09404
1.09241
1.08925
1.08385
1.07514
1.0619
1.04323
1.0191
0.990817
0.961284
0.934545
0.91482
0.905279
0.907178
0.919613
0.940006
0.965027
0.991479
1.01685
1.03946
1.05834
1.07306
1.0835
1.08957
1.09122
1.08839
1.08112
1.06969
1.05486
1.03807
1.02161
1.00838
1.00132
1.00227
1.01107
1.02549
1.04225
1.05807
1.07031
1.07711
1.0776
1.07207
1.06189
1.04908
1.03549
1.02224
1.00971
0.997893
0.986654
0.975738
0.964828
0.953723
0.942711
0.932871
0.926071
0.924508
0.929932
0.942926
0.962578
0.986688
1.01231
1.0365
1.05698
1.07274
1.08429
1.09352
1.1029
1.11402
1.12683
1.13981
1.15082
1.1578
1.15916
1.15407
1.14272
1.12625
1.10666
1.08625
1.0674
1.05215
1.04182
1.03679
1.03674
1.04105
1.0491
1.06022
1.07335
1.08686
1.09861
1.10634
1.10822
1.10322
1.0915
1.07428
1.0537
1.03227
1.01247
0.99651
0.986247
0.982969
0.987007
0.997474
1.01249
1.02975
1.04705
1.06257
1.07486
1.08281
1.08577
1.08399
1.07894
1.07305
1.06894
1.06861
1.07309
1.08251
1.09636
1.11372
1.13336
1.15372
1.17302
1.18945
1.20116
1.20639
1.20373
1.19265
1.174
1.15026
1.12508
1.10239
1.08518
1.07458
1.06977
1.06856
1.06829
1.06654
1.06187
1.05449
1.04685
1.0432
1.04729
1.05962
1.07719
1.09569
1.1118
1.12396
1.13197
1.13628
1.13739
1.13554
1.13083
1.12359
1.1146
1.10509
1.09639
1.08953
1.08485
1.08214
1.08088
1.08045
1.08033
1.0801
1.07943
1.07805
1.0757
1.07221
1.06743
1.0614
1.05437
1.0466
1.03829
1.0295
1.02018
1.0104
1.00035
0.990344
0.980498
0.970564
0.96008
0.949292
0.939762
0.933783
0.93296
0.937325
0.945715
0.956944
0.970653
0.987288
1.00739
1.03066
1.05538
1.07872
1.0978
1.11061
1.11655
1.11618
1.11078
1.10184
1.09075
1.07884
1.06751
1.05818
1.05208
1.05001
1.05203
1.05764
1.06618
1.0772
1.09018
1.10421
1.11775
1.12912
1.13703
1.14101
1.14126
1.13826
1.13257
1.12454
1.11438
1.10208
1.08749
1.0705
1.05157
1.03206
1.01454
1.00247
0.999362
1.0072
1.02523
1.04972
1.0753
1.09672
1.11016
1.1137
1.10752
1.09374
1.07581
1.05747
1.04161
1.02997
1.02345
1.02258
1.02768
1.03831
1.05245
1.06639
1.07574
1.07692
1.06813
1.04985
1.02476
0.997277
0.97253
0.954885
0.946637
0.947527
0.955321
0.967019
0.980106
0.993149
1.00569
1.01752
1.02767
1.03398
1.034
1.02658
1.01261
0.994454
0.974851
0.956096
0.939982
0.928181
0.922485
0.924473
0.934725
0.952284
0.974675
0.998625
1.02101
1.03981
1.05456
1.06624
1.07649
1.08655
1.09651
1.1053
1.11136
1.11336
1.11067
1.10321
1.09139
1.07616
1.05914
1.04263
1.02914
1.02067
1.01819
1.02159
1.02997
1.04191
1.05554
1.06867
1.07927
1.08598
1.08856
1.0879
1.08575
1.08437
1.08595
1.09176
1.10136
1.11275
1.12338
1.13104
1.13419
1.13205
1.12464
1.11308
1.0996
1.08716
1.07826
1.07378
1.07249
1.07179
1.06911
1.06305
1.05388
1.04342
1.03442
1.02976
1.03133
1.03941
1.05266
1.06888
1.086
1.1027
1.11847
1.13311
1.14619
1.15682
1.16376
1.16582
1.16244
1.15421
1.14283
1.13052
1.11879
1.10771
1.0963
1.0837
1.06993
1.05592
1.04293
1.03182
1.02262
1.0146
1.00668
0.997846
0.987751
0.977341
0.969503
0.968762
0.978712
0.99841
1.0221
1.04286
1.05603
1.05995
1.05541
1.04483
1.03157
1.01935
1.01144
1.0099
1.01501
1.02561
1.03993
1.05627
1.0733
1.09
1.10563
1.11966
1.13185
1.1421
1.15048
1.15704
1.16161
1.16376
1.16283
1.15817
1.14932
1.1362
1.11928
1.09966
1.07921
1.06038
1.04551
1.03595
1.03155
1.03094
1.03242
1.0347
1.03737
1.04088
1.04624
1.05444
1.06596
1.08034
1.09638
1.11257
1.1275
1.14001
1.1492
1.15427
1.15466
1.15014
1.14111
1.12861
1.11418
1.09959
1.08631
1.07515
1.06598
1.05769
1.04845
1.03647
1.02091
1.00248
0.983256
0.965741
0.951928
0.943053
0.939809
0.942654
0.951724
0.966284
0.98421
1.00229
1.01746
1.02793
1.03352
1.03534
1.03514
1.03465
1.03507
1.03683
1.03958
1.04243
1.04409
1.04319
1.03874
1.0309
1.02132
1.01293
1.00881
1.01067
1.01788
1.02763
1.03609
1.04001
1.03775
1.0296
1.01751
1.00439
0.993309
0.986788
0.986403
0.992786
1.00577
1.02441
1.04693
1.07082
1.09333
1.11205
1.12536
1.13272
1.13483
1.13346
1.13062
1.12743
1.12339
1.11683
1.10614
1.09087
1.07213
1.05231
1.03456
1.02205
1.01734
1.02165
1.03433
1.05275
1.07303
1.0911
1.10375
1.10915
1.10692
1.0979
1.08385
1.06705
1.05007
1.03533
1.02487
1.02001
1.02106
1.02718
1.03668
1.0476
1.05804
1.06657
1.0725
1.07607
1.07812
1.07965
1.08154
1.08436
1.08821
1.0927
1.09711
1.10071
1.10302
1.10391
1.10361
1.10252
1.10104
1.09958
1.09845
1.0979
1.09809
1.0988
1.09955
1.09982
1.09931
1.09791
1.09573
1.09269
1.08841
1.08207
1.07268
1.05967
1.04369
1.02713
1.01344
1.00556
1.0042
1.00764
1.01323
1.0192
1.02519
1.03137
1.03747
1.04265
1.04598
1.04677
1.04465
1.03957
1.03192
1.02283
1.0141
1.00755
1.00424
1.00396
1.00567
1.0082
1.01089
1.01374
1.01713
1.02137
1.0265
1.03235
1.03877
1.04575
1.05309
1.05993
1.06482
1.06632
1.06357
1.05636
1.045
1.03022
1.01319
0.995507
0.97907
0.965827
0.957598
0.955767
0.960754
0.971545
0.986049
1.00207
1.01807
1.0332
1.04693
1.05896
1.06933
1.07838
1.08653
1.09375
1.09956
1.10338
1.10502
1.10465
1.10255
1.09895
1.09391
1.08749
1.07984
1.07111
1.06129
1.05021
1.03779
1.02413
1.00966
0.994928
0.980422
0.966708
0.954866
0.946939
0.945928
0.954569
0.973096
0.998007
1.02346
1.04409
1.05666
1.06034
1.05638
1.04779
1.03861
1.03223
1.03012
1.03198
1.03711
1.04518
1.05598
1.06876
1.08206
1.094
1.10291
1.10775
1.10828
1.10499
1.0989
1.09133
1.08359
1.07659
1.07041
1.06432
1.05748
1.04959
1.04113
1.03316
1.02689
1.02319
1.02225
1.02339
1.0251
1.0254
1.02248
1.01568
1.00617
0.997071
0.992017
0.992968
0.999109
1.00784
1.01648
1.02307
1.02633
1.0257
1.02156
1.0152
1.00815
1.0017
0.996934
0.994958
0.996641
1.00229
1.01153
1.02315
1.03514
1.04536
1.05254
1.05659
1.05807
1.05769
1.05619
1.05453
1.05402
1.05591
1.06062
1.06742
1.07476
1.08103
1.08512
1.08667
1.08604
1.08407
1.0817
1.07946
1.07719
1.07424
1.07001
1.06431
1.05758
1.05093
1.04584
1.04374
1.04547
1.05095
1.05908
1.068
1.07563
1.08007
1.07993
1.07455
1.06427
1.05059
1.03602
1.02326
1.01407
1.00896
1.00765
1.00947
1.01348
1.01848
1.02327
1.02706
1.02971
1.03167
1.03353
1.03551
1.03724
1.03795
1.03685
1.03339
1.02742
1.0192
1.00941
0.999075
0.989513
0.982128
0.97814
0.978343
0.983058
0.992063
1.00452
1.01909
1.03418
1.04837
1.06053
1.06986
1.07594
1.07872
1.07857
1.07636
1.07345
1.07155
1.07222
1.07645
1.08428
1.09481
1.10629
1.11647
1.12317
1.12496
1.12188
1.11563
1.10911
1.10541
1.10701
1.11526
1.12991
1.1488
1.1685
1.18547
1.1972
1.20268
1.20225
1.1971
1.18869
1.1783
1.16708
1.15631
1.14722
1.14046
1.13572
1.13209
1.12889
1.12631
1.1255
1.12799
1.13485
1.14587
1.15944
1.17311
1.1845
1.19191
1.19455
1.19236
1.18572
1.17523
1.16156
1.14531
1.1269
1.10666
1.08497
1.06262
1.04102
1.02221
1.00824
1.00045
0.998733
1.00164
1.00706
1.01307
1.01837
1.02243
1.02539
1.02784
1.03049
1.03393
1.03838
1.04346
1.04813
1.05087
1.05011
1.0448
1.03501
1.02193
1.00754
0.994008
0.98367
0.979158
0.983051
0.996277
1.01696
1.04127
1.0653
1.08627
1.1025
1.11308
1.11769
1.1165
1.11028
1.10028
1.08813
1.07552
1.06385
1.05396
1.04596
1.03961
1.03483
1.03189
1.03076
1.03
1.02707
1.01995
1.00876
0.99612
0.986157
0.982625
0.987136
0.998553
1.01394
1.03017
1.04518
1.05827
1.06975
1.08019
1.08979
1.09814
1.10441
1.1077
1.10737
1.10309
1.09494
1.08338
1.06915
1.05318
1.03632
1.01925
1.00251
0.986669
0.972465
0.960672
0.951816
0.946096
0.943499
0.943976
0.947439
0.953733
0.962618
0.973716
0.986392
0.999668
1.01242
1.02374
1.03319
1.04072
1.04636
1.05002
1.05158
1.05108
1.04882
1.04536
1.0415
1.03829
1.03696
1.0386
1.04369
1.05181
1.06163
1.0713
1.0789
1.08313
1.08387
1.08227
1.08022
1.07945
1.08085
1.08432
1.08888
1.09308
1.09541
1.09472
1.09056
1.08322
1.07368
1.06332
1.05356
1.04537
1.03908
1.03451
1.03102
1.02785
1.0245
1.02116
1.01871
1.01842
1.02126
1.02731
1.03568
1.04476
1.05266
1.05767
1.05867
1.05549
1.04911
1.04143
1.0348
1.03137
1.03247
1.03834
1.04804
1.05979
1.07159
1.08193
1.09003
1.09575
1.09941
1.10175
1.10372
1.10601
1.10848
1.10999
1.10892
1.10402
1.09509
1.08309
1.06952
1.05569
1.04234
1.02966
1.01754
1.00572
0.993844
0.981598
0.969265
0.958324
0.951479
0.951522
0.959593
0.974414
0.993274
1.01373
1.03443
1.05445
1.07215
1.08487
1.09021
1.08741
1.07804
1.06551
1.05374
1.04582
1.04295
1.04424
1.04761
1.0511
1.05417
1.05765
1.06244
1.06837
1.07424
1.0786
1.08063
1.08078
1.08099
1.0843
1.09347
1.10914
1.12903
1.149
1.16508
1.17483
1.17757
1.17377
1.16465
1.15178
1.13688
1.1216
1.10749
1.09596
1.08815
1.08467
1.08521
1.08824
1.09121
1.09127
1.0862
1.0751
1.05859
1.03876
1.01883
1.00255
0.992877
0.990392
0.993327
0.99942
1.00758
1.01784
1.0304
1.04467
1.05921
1.07236
1.08304
1.09131
1.09839
1.10613
1.11617
1.12904
1.14365
1.1579
1.16962
1.17738
1.18075
1.18003
1.17601
1.16965
1.16182
1.15329
1.14482
1.13722
1.13114
1.12682
1.1238
1.12099
1.11677
1.1091
1.0961
1.07674
1.05151
1.02246
0.992748
0.966155
0.94662
0.937854
0.942523
0.96092
0.989942
1.0238
1.05613
1.08211
1.09919
1.10683
1.10593
1.09828
1.08623
1.07237
1.05917
1.04867
1.04227
1.04055
1.04318
1.04881
1.05578
1.06271
1.0686
1.07252
1.07387
1.07287
1.07089
1.06996
1.07184
1.0773
1.08617
1.09783
1.11167
1.12691
1.1421
1.15504
1.16338
1.16545
1.16072
1.14987
1.13455
1.117
1.09951
1.08392
1.07136
1.06231
1.05683
1.05476
1.05577
1.05922
1.06399
1.06854
1.07124
1.0707
1.0663
1.05847
1.04896
1.04056
1.03628
1.03822
1.04667
1.06016
1.07618
1.09212
1.10565
1.11495
1.11886
1.11718
1.11077
1.1015
1.09198
1.08497
1.08265
1.08587
1.09383
1.10452
1.11532
1.12366
1.12746
1.12549
1.11756
1.10441
1.0875
1.06864
1.04969
1.03232
1.0179
1.00732
1.00088
0.998216
0.998382
0.999991
1.00163
1.00212
1.00073
0.99726
0.992034
0.985956
0.980503
0.977589
0.979285
0.987172
1.00166
1.02195
1.04649
1.07337
1.10033
1.12523
1.14642
1.1629
1.17407
1.17949
1.17892
1.17249
1.16088
1.14527
1.12721
1.10846
1.091
1.07709
1.0687
1.06658
1.06966
1.07567
1.08268
1.08992
1.09756
1.10579
1.11414
1.12176
1.12822
1.1339
1.1396
1.14593
1.15283
1.15958
1.16518
1.16885
1.17016
1.16919
1.16643
1.16253
1.15797
1.15274
1.14633
1.13802
1.12735
1.11429
1.0994
1.08354
1.06784
1.05337
1.04112
1.03191
1.02633
1.02479
1.02743
1.03402
1.04388
1.05585
1.06852
1.08045
1.09033
1.09712
1.1001
1.09887
1.09345
1.08425
1.07205
1.05799
1.04355
1.03061
1.0214
1.01833
1.0231
1.03545
1.05285
1.07141
1.08747
1.09868
1.1041
1.10384
1.09852
1.08898
1.07617
1.06112
1.04508
1.02953
1.0162
1.00679
1.00249
1.00342
1.00845
1.01568
1.02303
1.0288
1.03188
1.03174
1.02851
1.02291
1.01609
1.00931
1.00356
0.999352
0.996773
0.995712
0.996163
0.998277
1.00213
1.0073
1.01264
1.01632
1.0165
1.01194
1.00255
0.98951
0.975059
0.961857
0.952368
0.948499
0.95137
0.961127
0.976899
0.997014
1.01935
1.04163
1.06166
1.07755
1.08804
1.09275
1.09207
1.08707
1.0794
1.0709
1.06328
1.05769
1.05466
1.05426
1.0565
1.06163
1.07003
1.08189
1.09652
1.11227
1.12683
1.1378
1.14335
1.14281
1.13678
1.12701
1.11577
1.10522
1.09696
1.09186
1.09023
1.09181
1.0958
1.10095
1.10586
1.10943
1.11108
1.11093
1.10959
1.10795
1.10685
1.10675
1.10761
1.10891
1.1099
1.11002
1.10913
1.10745
1.10524
1.10227
1.09778
1.09065
1.08027
1.06731
1.05406
1.04387
1.03986
1.04373
1.0551
1.07168
1.09003
1.10649
1.11786
1.12187
1.1175
1.10505
1.08624
1.06393
1.04148
1.02206
1.00821
1.00158
1.00252
1.00976
1.02051
1.03153
1.04014
1.0445
1.04341
1.03615
1.02298
1.00558
0.986861
0.969729
0.955862
0.945682
0.939341
0.937391
0.940665
0.949605
0.963687
0.981287
0.999899
1.0166
1.02869
1.03454
1.03422
1.02976
1.02412
1.01922
1.01505
1.01081
1.00651
1.00316
1.00176
1.00275
1.00611
1.01177
1.01983
1.03039
1.04322
1.05744
1.07154
1.08375
1.09248
1.09675
1.09628
1.09152
1.08349
1.0737
1.06385
1.05558
1.05006
1.04777
1.04862
1.05219
1.05812
1.06616
1.07614
1.08773
1.1003
1.11295
1.12456
1.13393
1.14002
1.14208
1.13989
1.13381
1.12467
1.11372
1.10251
1.09289
1.08678
1.08565
1.08986
1.09834
1.1088
1.11841
1.12475
1.1264
1.12307
1.11541
1.10463
1.09216
1.07929
1.06695
1.05549
1.04474
1.03422
1.02355
1.01279
1.00245
0.993341
0.986294
0.981728
0.979496
0.97907
0.98003
0.982533
0.987527
0.99645
1.01048
1.02962
1.05227
1.07571
1.09732
1.11523
1.12838
1.13623
1.13854
1.13539
1.12722
1.11487
1.09963
1.08313
1.06721
1.05363
1.04346
1.03682
1.03322
1.03219
1.03357
1.03731
1.043
1.04964
1.05575
1.05979
1.06065
1.05787
1.0517
1.04299
1.03286
1.02242
1.0126
1.00403
0.997177
0.992348
0.989679
0.989084
0.990451
0.994064
1.00077
1.01129
1.02494
1.03924
1.05123
1.05895
1.06211
1.0618
1.06005
1.05908
1.06072
1.06591
1.0744
1.08482
1.09516
1.10335
1.10787
1.10804
1.10407
1.09687
1.08779
1.07817
1.06903
1.06085
1.05356
1.04673
1.03996
1.03317
1.02671
1.02134
1.01787
1.01686
1.01835
1.02194
1.02698
1.03284
1.03902
1.0452
1.05124
1.05726
1.06364
1.07089
1.07927
1.08837
1.09693
1.10319
1.10544
1.10279
1.09547
1.08496
1.0737
1.06469
1.06062
1.06291
1.07076
1.08115
1.08989
1.09327
1.08933
1.07816
1.06177
1.04363
1.02772
1.0172
1.01338
1.01563
1.0223
1.03168
1.04251
1.05389
1.0651
1.07523
1.08304
1.08706
1.08609
1.07966
1.06843
1.05406
1.03852
1.02335
1.00946
0.997461
0.988072
0.982103
0.980161
0.982508
0.98916
0.999806
1.01349
1.02834
1.04175
1.0513
1.0555
1.05417
1.04825
1.03961
1.03076
1.02444
1.02308
1.02811
1.03923
1.0542
1.06953
1.08186
1.08923
1.09152
1.08993
1.08585
1.07997
1.07201
1.0613
1.04763
1.0318
1.01543
1.00037
0.987969
0.978704
0.972381
0.968514
0.966653
0.966616
0.968606
0.973115
0.980507
0.990562
1.00243
1.0151
1.028
1.04118
1.05493
1.06927
1.08367
1.09711
1.10854
1.11718
1.1228
1.12556
1.1258
1.12374
1.11917
1.11158
1.10059
1.08664
1.0712
1.05638
1.04413
1.03572
1.03165
1.03203
1.0369
1.04563
1.05639
1.06682
1.07542
1.08182
1.08634
1.0895
1.09181
1.09364
1.09509
1.09612
1.0969
1.0978
1.09907
1.10041
1.10097
1.09967
1.0955
1.08777
1.07637
1.06214
1.04717
1.03471
1.02829
1.0301
1.04005
1.05627
1.07645
1.0986
1.12106
1.14236
1.16112
1.17629
1.18716
1.19344
1.1951
1.19221
1.18484
1.17304
1.15696
1.13707
1.11425
1.08967
1.06476
1.04111
1.02074
1.00609
0.999553
1.00257
1.01476
1.0339
1.05662
1.07943
1.09954
1.11523
1.12581
1.13125
1.13169
1.1272
1.11791
1.10432
1.08748
1.06893
1.05051
1.03419
1.02186
1.01525
1.01554
1.02289
1.03608
1.05256
1.06915
1.0829
1.09198
1.09599
1.09569
1.09236
1.08716
1.08088
1.07439
1.06962
1.06963
1.07708
1.0919
1.11098
1.13024
1.14655
1.15822
1.16468
1.16601
1.16263
1.15508
1.14379
1.12906
1.11106
1.0901
1.06696
1.04309
1.02064
1.002
0.989231
0.983482
0.984928
0.993034
1.0067
1.02423
1.04326
1.06121
1.07588
1.08606
1.09155
1.09302
1.09157
1.08848
1.08505
1.08255
1.08188
1.08342
1.08707
1.09229
1.09838
1.10458
1.10997
1.11337
1.11352
1.10952
1.10128
1.08996
1.07777
1.06727
1.06042
1.05775
1.0583
1.06038
1.06253
1.06399
1.06489
1.06582
1.06731
1.06948
1.07188
1.0738
1.07446
1.07314
1.06922
1.06213
1.05152
1.03753
1.02133
1.00529
0.992519
0.985845
0.986707
0.994733
1.00795
1.02322
1.03695
1.0459
1.04806
1.04317
1.03274
1.0199
1.00872
1.00312
1.00533
1.01473
1.02828
1.04222
1.05351
1.06057
1.06335
1.06313
1.062
1.0619
1.06373
1.06704
1.07065
1.07343
1.07472
1.07435
1.07258
1.06987
1.0668
1.06391
1.06169
1.06043
1.06011
1.0603
1.06015
1.05846
1.05408
1.04621
1.03482
1.021
1.00688
0.995313
0.989143
0.990383
0.999503
1.01521
1.03481
1.05495
1.07247
1.08494
1.09079
1.08945
1.08174
1.07053
1.06065
1.05657
1.05931
1.06657
1.07577
1.0858
1.09651
1.10749
1.11779
1.12617
1.13158
1.13333
1.13142
1.12665
1.12061
1.11523
1.1123
1.11308
1.11803
1.12676
1.13809
1.15027
1.16135
1.16954
1.17347
1.17237
1.1662
1.15556
1.14154
1.12544
1.1085
1.09191
1.07687
1.06466
1.05665
1.05406
1.05751
1.06659
1.07954
1.09357
1.10564
1.11361
1.11693
1.11644
1.11367
1.10996
1.10608
1.10225
1.09848
1.09477
1.09127
1.08809
1.08521
1.08239
1.07925
1.07563
1.072
1.06938
1.0687
1.06975
1.07078
1.06927
1.06364
1.05439
1.04415
1.03631
1.03319
1.03478
1.0394
1.04529
1.05166
1.05857
1.06624
1.07449
1.08276
1.09037
1.09684
1.10186
1.10549
1.10815
1.11069
1.11409
1.11897
1.12534
1.13247
1.1393
1.14479
1.14828
1.14953
1.1487
1.14633
1.14321
1.14025
1.13809
1.13673
1.13552
1.13353
1.13012
1.12535
1.11989
1.11466
1.1105
1.10797
1.10722
1.10785
1.10893
1.10922
1.10774
1.10444
1.1004
1.09753
1.09757
1.10101
1.10669
1.11235
1.11572
1.11542
1.1112
1.10376
1.09425
1.08394
1.07403
1.06553
1.05933
1.05613
1.05634
1.05986
1.06612
1.07418
1.08305
1.09207
1.10099
1.10959
1.11713
1.12239
1.12434
1.12271
1.11814
1.11187
1.10526
1.09939
1.09479
1.09143
1.08879
1.08597
1.08185
1.07554
1.06685
1.05683
1.04757
1.04159
1.04067
1.04503
1.05332
1.06333
1.07282
1.08001
1.08387
1.08418
1.08124
1.07553
1.06758
1.05848
1.05054
1.04726
1.05182
1.06493
1.08402
1.10497
1.12415
1.13936
1.14959
1.15443
1.1538
1.14785
1.13715
1.1229
1.10706
1.09239
1.08173
1.07704
1.07873
1.08571
1.09603
1.10741
1.11764
1.12494
1.12858
1.12919
1.12846
1.12793
1.12775
1.12669
1.12327
1.11705
1.10895
1.10091
1.09517
1.09327
1.0954
1.10017
1.10527
1.10848
1.10843
1.10508
1.0997
1.09424
1.09029
1.08808
1.08651
1.08386
1.07884
1.07109
1.06114
1.05005
1.0391
1.02934
1.0215
1.0158
1.01217
1.0105
1.01111
1.01508
1.02399
1.03905
1.05994
1.08436
1.10884
1.13011
1.14607
1.15609
1.16076
1.16143
1.1597
1.1569
1.15376
1.15024
1.14585
1.13994
1.13197
1.12164
1.10888
1.09401
1.07767
1.06085
1.04478
1.03078
1.01982
1.01234
1.00807
1.00617
1.00548
1.00486
1.00358
1.00133
0.998268
0.994751
0.991143
0.987762
0.984934
0.98304
0.982677
0.984767
0.99082
1.0027
1.0212
1.0445
1.06846
1.08897
1.1035
1.11114
1.11192
1.10623
1.09465
1.07802
1.05764
1.03554
1.0147
0.99896
0.9922
0.996691
1.01147
1.03218
1.05299
1.06909
1.07793
1.07916
1.07389
1.06381
1.05051
1.03517
1.01862
1.0017
0.985607
0.972021
0.962752
0.959151
0.961684
0.969703
0.981427
0.994479
1.00677
1.01716
1.02539
1.03178
1.03689
1.04144
1.0462
1.05177
1.05839
1.06587
1.07383
1.08201
1.09045
1.09908
1.10735
1.11403
1.11769
1.11726
1.11215
1.10222
1.08773
1.06953
1.04934
1.02974
1.01399
1.00537
1.00595
1.01558
1.03166
1.04993
1.06588
1.076
1.0784
1.07294
1.06114
1.04605
1.03183
1.02245
1.02005
1.02392
1.03103
1.03785
1.04184
1.04218
1.03937
1.03435
1.02765
1.01942
1.01002
1.00055
0.992731
0.988175
0.987493
0.989875
0.993501
0.996475
0.997497
0.996051
0.992286
0.986839
0.980751
0.975346
0.972175
0.972844
0.978564
0.989682
1.00533
1.02361
1.04212
1.0586
1.07137
1.07952
1.08297
1.08235
1.07875
1.07331
1.06683
1.05955
1.05136
1.04236
1.03331
1.02548
1.02002
1.01748
1.01766
1.02005
1.0243
1.03053
1.03919
1.05071
1.06501
1.08128
1.09785
1.11281
1.12472
1.13318
1.13889
1.1432
1.14753
1.1528
1.15931
1.16685
1.17488
1.18241
1.18784
1.18908
1.18408
1.17162
1.15179
1.12616
1.09732
1.06812
1.04097
1.01756
0.998935
0.985553
0.977265
0.973321
0.972492
0.973386
0.974843
0.976225
0.977606
0.979681
0.983602
0.990769
1.00245
1.0193
1.04092
1.06594
1.09223
1.11722
1.13809
1.15203
1.15694
1.1525
1.14139
1.12897
1.12057
1.11797
1.11919
1.12121
1.12242
1.12296
1.12391
1.12621
1.1299
1.13423
1.13811
1.1406
1.14109
1.13943
1.13598
1.13148
1.12676
1.12261
1.11952
1.11769
1.11703
1.11727
1.11798
1.11873
1.11919
1.11919
1.11864
1.11736
1.11502
1.11116
1.10535
1.09756
1.08828
1.07854
1.06959
1.06266
1.05866
1.0582
1.06152
1.06851
1.07862
1.09079
1.10344
1.11468
1.12258
1.12562
1.12328
1.11664
1.10846
1.10213
1.09931
1.09829
1.09532
1.0878
1.07573
1.06131
1.04745
1.03664
1.03015
1.02786
1.02874
1.03147
1.03494
1.03828
1.04086
1.04208
1.04156
1.03924
1.03549
1.03107
1.0271
1.02485
1.02555
1.02992
1.03781
1.04807
1.05894
1.06859
1.07581
1.0801
1.08161
1.08067
1.07758
1.07285
1.06771
1.06441
1.06579
1.07414
1.08995
1.11133
1.13458
1.15572
1.17169
1.18093
1.18323
1.17942
1.17091
1.15959
1.14751
1.13649
1.12754
1.12054
1.11429
1.1071
1.0974
1.08434
1.06795
1.04907
1.02908
1.00959
0.992262
0.978727
0.970386
0.967993
0.971402
0.979527
0.990666
1.00297
1.01487
1.02521
1.03325
1.03852
1.04087
1.04065
1.03879
1.03672
1.03596
1.03767
1.04221
1.04902
1.05668
1.06309
1.06596
1.06342
1.05483
1.04148
1.02703
1.01665
1.01466
1.02206
1.03667
1.05533
1.07554
1.0956
1.11416
1.12992
1.14161
1.14829
1.14967
1.1462
1.13913
1.13013
1.1209
1.11283
1.10692
1.10381
1.10368
1.10585
1.10881
1.11061
1.10974
1.10574
1.09934
1.09229
1.0868
1.08479
1.08715
1.09341
1.10191
1.11052
1.1173
1.12107
1.12158
1.11934
1.11521
1.10989
1.10354
1.09594
1.08682
1.07633
1.06548
1.05613
1.05047
1.04992
1.05416
1.06145
1.06975
1.07778
1.08503
1.09104
1.09504
1.09593
1.09268
1.08462
1.07162
1.05415
1.03319
1.01011
0.986759
0.965474
0.949001
0.939753
0.938801
0.94537
0.95716
0.971118
0.984298
0.994382
0.999997
1.00092
0.998067
0.993249
0.988696
0.98666
0.988999
0.996823
1.01013
1.02772
1.04757
1.06751
1.0858
1.10128
1.11324
1.12108
1.12441
1.12311
1.11734
1.10732
1.09325
1.07582
1.05685
1.0389
1.02383
1.01174
1.00169
0.993048
0.986058
0.981494
0.980207
0.982673
0.988694
0.997313
1.00704
1.0164
1.02448
1.03113
1.03687
1.04235
1.04779
1.05261
1.05562
1.05549
1.05151
1.04408
1.03477
1.02576
1.01908
1.01598
1.0168
1.02111
1.02773
1.0349
1.04092
1.04489
1.04696
1.04794
1.04893
1.05103
1.05509
1.06119
1.06838
1.07506
1.07987
1.08252
1.08374
1.08457
1.08555
1.08655
1.08699
1.08623
1.08376
1.07946
1.07383
1.06801
1.0635
1.06156
1.06281
1.06695
1.07295
1.07944
1.08501
1.08862
1.08961
1.08757
1.08225
1.07367
1.06245
1.05001
1.03809
1.0277
1.01843
1.00888
0.998051
0.986535
0.976828
0.972594
0.977204
0.992119
1.01608
1.04569
1.07682
1.1058
1.13003
1.14775
1.1579
1.16002
1.1544
1.14201
1.12444
1.10362
1.08157
1.06013
1.04089
1.02515
1.01401
1.00846
1.0092
1.01634
1.02901
1.04537
1.06297
1.07908
1.09093
1.09597
1.09244
1.08028
1.06172
1.04087
1.02197
1.00721
0.996259
0.987714
0.980732
0.975445
0.972587
0.972957
0.977169
0.985621
0.998286
1.01455
1.03315
1.05245
1.07068
1.08623
1.09805
1.10574
1.10965
1.11065
1.10988
1.10846
1.10732
1.10704
1.10783
1.10956
1.11185
1.1142
1.11592
1.1162
1.11405
1.10855
1.09902
1.08518
1.06726
1.04613
1.02347
1.00172
0.983708
0.972169
0.968945
0.974453
0.987506
1.00551
1.02514
1.04301
1.05636
1.0634
1.0635
1.05712
1.0456
1.03098
1.01584
1.0029
0.994594
0.992537
0.997115
1.00756
1.02233
1.03962
1.05769
1.07484
1.08946
1.10023
1.10663
1.10939
1.11031
1.11125
1.11296
1.11484
1.11568
1.11452
1.11096
1.1051
1.09738
1.08844
1.07908
1.07019
1.06274
1.05752
1.05472
1.05366
1.05291
1.05097
1.04686
1.04039
1.03212
1.02311
1.01444
1.00688
1.00092
0.997673
0.999386
1.00772
1.02102
1.0347
1.04466
1.04931
1.04916
1.04549
1.03954
1.03227
1.02445
1.01706
1.01154
1.00974
1.01335
1.02322
1.03901
1.05916
1.08139
1.10321
1.12234
1.1371
1.14651
1.15042
1.14927
1.14389
1.13519
1.12393
1.11061
1.09547
1.07869
1.06092
1.04372
1.02955
1.02082
1.0182
1.02001
1.02332
1.02582
1.0266
1.0257
1.02365
1.02113
1.01894
1.01797
1.01909
1.02284
1.02923
1.03775
1.04772
1.05848
1.0695
1.08027
1.09019
1.09862
1.1048
1.10787
1.10681
1.10067
1.08899
